   2.0000
   2.0050
   2.0100
   2.0150
   2.0200
   2.0250
   2.0300
   2.0350
   2.0400
   2.0450
   2.0500
   2.0550
   2.0600
   2.0650
   2.0700
   2.0750
   2.0800
   2.0850
   2.0900
   2.0950
   2.1000
   2.1050
   2.1100
   2.1150
   2.1200
   2.1250
   2.1300
   2.1350
   2.1400
   2.1450
   2.1500
   2.1550
   2.1600
   2.1650
   2.1700
   2.1750
   2.1800
   2.1850
   2.1900
   2.1950
   2.2000
   2.2050
   2.2100
   2.2150
   2.2200
   2.2250
   2.2300
   2.2350
   2.2400
   2.2450
   2.2500
   2.2550
   2.2600
   2.2650
   2.2700
   2.2750
   2.2800
   2.2850
   2.2900
   2.2950
   2.3000
   2.3050
   2.3100
   2.3150
   2.3200
   2.3250
   2.3300
   2.3350
   2.3400
   2.3450
   2.3500
   2.3550
   2.3600
   2.3650
   2.3700
   2.3750
   2.3800
   2.3850
   2.3900
   2.3950
   2.4000
   2.4050
   2.4100
   2.4150
   2.4200
   2.4250
   2.4300
   2.4350
   2.4400
   2.4450
   2.4500
   2.4550
   2.4600
   2.4650
   2.4700
   2.4750
   2.4800
   2.4850
   2.4900
   2.4950
   2.5000
   2.5050
   2.5100
   2.5150
   2.5200
   2.5250
   2.5300
   2.5350
   2.5400
   2.5450
   2.5500
   2.5550
   2.5600
   2.5650
   2.5700
   2.5750
   2.5800
   2.5850
   2.5900
   2.5950

     -inf  -1.7455  -1.7456  -1.7452  -1.7451  -1.7454  -1.7449  -1.7449  -1.7447  -1.7449
     -inf  -1.7429  -1.7420  -1.7430  -1.7423  -1.7421  -1.7420  -1.7417  -1.7418  -1.7421
     -inf  -1.7391  -1.7376  -1.7380  -1.7377  -1.7380  -1.7378  -1.7380  -1.7380  -1.7381
     -inf  -1.7376  -1.7350  -1.7346  -1.7345  -1.7340  -1.7344  -1.7349  -1.7346  -1.7345
     -inf  -1.7296  -1.7308  -1.7316  -1.7310  -1.7314  -1.7312  -1.7310  -1.7312  -1.7309
     -inf  -1.7255  -1.7248  -1.7257  -1.7254  -1.7256  -1.7255  -1.7258  -1.7257  -1.7260
     -inf  -1.7221  -1.7230  -1.7236  -1.7228  -1.7230  -1.7226  -1.7226  -1.7229  -1.7231
     -inf  -1.7199  -1.7198  -1.7195  -1.7197  -1.7191  -1.7191  -1.7190  -1.7189  -1.7188
     -inf  -1.7152  -1.7157  -1.7155  -1.7147  -1.7149  -1.7150  -1.7150  -1.7151  -1.7151
     -inf  -1.7096  -1.7103  -1.7098  -1.7103  -1.7101  -1.7102  -1.7102  -1.7103  -1.7108
     -inf  -1.7081  -1.7093  -1.7085  -1.7075  -1.7068  -1.7066  -1.7069  -1.7074  -1.7075
     -inf  -1.7001  -1.7016  -1.7017  -1.7028  -1.7027  -1.7030  -1.7032  -1.7032  -1.7034
     -inf  -1.6985  -1.6991  -1.6992  -1.6986  -1.6987  -1.6985  -1.6984  -1.6983  -1.6984
     -inf  -1.6933  -1.6941  -1.6939  -1.6945  -1.6945  -1.6944  -1.6943  -1.6943  -1.6942
     -inf  -1.6877  -1.6892  -1.6897  -1.6898  -1.6890  -1.6892  -1.6895  -1.6897  -1.6893
     -inf  -1.6820  -1.6846  -1.6837  -1.6839  -1.6835  -1.6840  -1.6841  -1.6844  -1.6846
     -inf  -1.6777  -1.6794  -1.6795  -1.6799  -1.6789  -1.6793  -1.6795  -1.6792  -1.6792
     -inf  -1.6733  -1.6721  -1.6747  -1.6753  -1.6754  -1.6754  -1.6754  -1.6757  -1.6759
     -inf  -1.6715  -1.6714  -1.6718  -1.6723  -1.6725  -1.6725  -1.6728  -1.6719  -1.6720
     -inf  -1.6696  -1.6677  -1.6664  -1.6675  -1.6677  -1.6674  -1.6671  -1.6668  -1.6670
     -inf  -1.6603  -1.6610  -1.6613  -1.6619  -1.6617  -1.6623  -1.6624  -1.6625  -1.6624
     -inf  -1.6541  -1.6584  -1.6578  -1.6573  -1.6579  -1.6574  -1.6574  -1.6570  -1.6574
     -inf  -1.6466  -1.6485  -1.6482  -1.6496  -1.6500  -1.6506  -1.6501  -1.6508  -1.6508
     -inf  -1.6509  -1.6499  -1.6488  -1.6480  -1.6478  -1.6471  -1.6473  -1.6478  -1.6475
     -inf  -1.6373  -1.6399  -1.6376  -1.6390  -1.6410  -1.6417  -1.6421  -1.6419  -1.6421
     -inf  -1.6391  -1.6386  -1.6383  -1.6382  -1.6365  -1.6366  -1.6368  -1.6375  -1.6376
     -inf  -1.6336  -1.6320  -1.6326  -1.6316  -1.6318  -1.6321  -1.6315  -1.6313  -1.6313
     -inf  -1.6268  -1.6272  -1.6263  -1.6272  -1.6269  -1.6264  -1.6273  -1.6267  -1.6267
     -inf  -1.6264  -1.6227  -1.6243  -1.6236  -1.6231  -1.6231  -1.6232  -1.6226  -1.6223
     -inf  -1.6171  -1.6169  -1.6169  -1.6158  -1.6155  -1.6149  -1.6154  -1.6157  -1.6155
        0        0        0        0        0        0        0        0        0        0
        0        0        0        0        0        0        0        0        0        0
        0        0        0        0        0        0        0        0        0        0
        0        0        0        0        0        0        0        0        0        0
        0        0        0        0        0        0        0        0        0        0
        0        0        0        0        0        0        0        0        0        0
        0        0        0        0        0        0        0        0        0        0
        0        0        0        0        0        0        0        0        0        0
        0        0        0        0        0        0        0        0        0        0
        0        0        0        0        0        0        0        0        0        0
        0        0        0        0        0        0        0        0        0        0
        0        0        0        0        0        0        0        0        0        0
        0        0        0        0        0        0        0        0        0        0
        0        0        0        0        0        0        0        0        0        0
        0        0        0        0        0        0        0        0        0        0
        0        0        0        0        0        0        0        0        0        0
        0        0        0        0        0        0        0        0        0        0
        0        0        0        0        0        0        0        0        0        0
        0        0        0        0        0        0        0        0        0        0
        0        0        0        0        0        0        0        0        0        0
        0        0        0        0        0        0        0        0        0        0
        0        0        0        0        0        0        0        0        0        0
        0        0        0        0        0        0        0        0        0        0
        0        0        0        0        0        0        0        0        0        0
        0        0        0        0        0        0        0        0        0        0
        0        0        0        0        0        0        0        0        0        0
        0        0        0        0        0        0        0        0        0        0
        0        0        0        0        0        0        0        0        0        0
        0        0        0        0        0        0        0        0        0        0
        0        0        0        0        0        0        0        0        0        0
        0        0        0        0        0        0        0        0        0        0
        0        0        0        0        0        0        0        0        0        0
        0        0        0        0        0        0        0        0        0        0
        0        0        0        0        0        0        0        0        0        0
        0        0        0        0        0        0        0        0        0        0
        0        0        0        0        0        0        0        0        0        0
        0        0        0        0        0        0        0        0        0        0
        0        0        0        0        0        0        0        0        0        0
        0        0        0        0        0        0        0        0        0        0
        0        0        0        0        0        0        0        0        0        0
        0        0        0        0        0        0        0        0        0        0
        0        0        0        0        0        0        0        0        0        0
        0        0        0        0        0        0        0        0        0        0
        0        0        0        0        0        0        0        0        0        0
        0        0        0        0        0        0        0        0        0        0
        0        0        0        0        0        0        0        0        0        0
        0        0        0        0        0        0        0        0        0        0
        0        0        0        0        0        0        0        0        0        0
        0        0        0        0        0        0        0        0        0        0
        0        0        0        0        0        0        0        0        0        0
        0        0        0        0        0        0        0        0        0        0
        0        0        0        0        0        0        0        0        0        0
        0        0        0        0        0        0        0        0        0        0
        0        0        0        0        0        0        0        0        0        0
        0        0        0        0        0        0        0        0        0        0
        0        0        0        0        0        0        0        0        0        0
        0        0        0        0        0        0        0        0        0        0
        0        0        0        0        0        0        0        0        0        0
        0        0        0        0        0        0        0        0        0        0
        0        0        0        0        0        0        0        0        0        0
        0        0        0        0        0        0        0        0        0        0
        0        0        0        0        0        0        0        0        0        0
        0        0        0        0        0        0        0        0        0        0
        0        0        0        0        0        0        0        0        0        0
        0        0        0        0        0        0        0        0        0        0
        0        0        0        0        0        0        0        0        0        0
        0        0        0        0        0        0        0        0        0        0
        0        0        0        0        0        0        0        0        0        0
        0        0        0        0        0        0        0        0        0        0
        0        0        0        0        0        0        0        0        0        0
        0        0        0        0        0        0        0        0        0        0
        0        0        0        0        0        0        0        0        0        0
        0        0        0        0        0        0        0        0        0        0
        0        0        0        0        0        0        0        0        0        0
        0        0        0        0        0        0        0        0        0        0
        0        0        0        0        0        0        0        0        0        0
        0        0        0        0        0        0        0        0        0        0
        0        0        0        0        0        0        0        0        0        0
        0        0        0        0        0        0        0        0        0        0
        0        0        0        0        0        0        0        0        0        0
        0        0        0        0        0        0        0        0        0        0
        0        0        0        0        0        0        0        0        0        0
        0        0        0        0        0        0        0        0        0        0
        0        0        0        0        0        0        0        0        0        0
        0        0        0        0        0        0        0        0        0        0
        0        0        0        0        0        0        0        0        0        0
        0        0        0        0        0        0        0        0        0        0
        0        0        0        0        0        0        0        0        0        0
        0        0        0        0        0        0        0        0        0        0
        0        0        0        0        0        0        0        0        0        0

      inf   0.9113   0.9105   0.9103   0.9105   0.9108   0.9106   0.9107   0.9106   0.9107
      inf   0.9110   0.9098   0.9104   0.9100   0.9099   0.9097   0.9094   0.9096   0.9097
      inf   0.9085   0.9078   0.9080   0.9076   0.9078   0.9077   0.9079   0.9078   0.9079
      inf   0.9088   0.9070   0.9068   0.9066   0.9059   0.9062   0.9066   0.9063   0.9064
      inf   0.9042   0.9046   0.9046   0.9043   0.9046   0.9044   0.9045   0.9046   0.9044
      inf   0.9000   0.9006   0.9014   0.9014   0.9017   0.9018   0.9020   0.9020   0.9021
      inf   0.9004   0.9011   0.9015   0.9009   0.9010   0.9008   0.9008   0.9010   0.9011
      inf   0.8990   0.8996   0.8992   0.8990   0.8986   0.8987   0.8986   0.8987   0.8986
      inf   0.8974   0.8976   0.8971   0.8965   0.8968   0.8970   0.8971   0.8970   0.8970
      inf   0.8948   0.8949   0.8938   0.8942   0.8940   0.8941   0.8943   0.8945   0.8949
      inf   0.8947   0.8953   0.8947   0.8937   0.8932   0.8927   0.8930   0.8933   0.8935
      inf   0.8887   0.8897   0.8898   0.8906   0.8907   0.8908   0.8910   0.8911   0.8914
      inf   0.8894   0.8890   0.8892   0.8889   0.8890   0.8890   0.8890   0.8888   0.8890
      inf   0.8872   0.8874   0.8866   0.8871   0.8870   0.8869   0.8869   0.8868   0.8869
      inf   0.8817   0.8832   0.8836   0.8840   0.8828   0.8830   0.8836   0.8837   0.8835
      inf   0.8781   0.8806   0.8794   0.8799   0.8795   0.8801   0.8803   0.8808   0.8810
      inf   0.8761   0.8772   0.8782   0.8785   0.8775   0.8777   0.8779   0.8772   0.8773
      inf   0.8748   0.8731   0.8755   0.8757   0.8762   0.8762   0.8760   0.8763   0.8764
      inf   0.8757   0.8755   0.8754   0.8759   0.8756   0.8756   0.8758   0.8740   0.8743
      inf   0.8745   0.8725   0.8710   0.8721   0.8725   0.8725   0.8723   0.8720   0.8723
      inf   0.8686   0.8677   0.8683   0.8692   0.8689   0.8696   0.8695   0.8696   0.8696
      inf   0.8601   0.8655   0.8650   0.8648   0.8654   0.8652   0.8653   0.8653   0.8657
      inf   0.8574   0.8595   0.8580   0.8597   0.8605   0.8611   0.8609   0.8617   0.8617
      inf   0.8645   0.8636   0.8618   0.8608   0.8610   0.8605   0.8606   0.8612   0.8609
      inf   0.8528   0.8550   0.8520   0.8535   0.8555   0.8563   0.8571   0.8569   0.8570
      inf   0.8550   0.8543   0.8551   0.8552   0.8515   0.8518   0.8523   0.8533   0.8532
      inf   0.8517   0.8510   0.8514   0.8504   0.8508   0.8510   0.8507   0.8503   0.8505
      inf   0.8486   0.8492   0.8486   0.8495   0.8490   0.8482   0.8490   0.8482   0.8483
      inf   0.8501   0.8470   0.8482   0.8471   0.8457   0.8460   0.8461   0.8457   0.8451
      inf   0.8433   0.8432   0.8432   0.8419   0.8410   0.8406   0.8411   0.8414   0.8410
        0        0        0        0        0        0        0        0        0        0
        0        0        0        0        0        0        0        0        0        0
        0        0        0        0        0        0        0        0        0        0
        0        0        0        0        0        0        0        0        0        0
        0        0        0        0        0        0        0        0        0        0
        0        0        0        0        0        0        0        0        0        0
        0        0        0        0        0        0        0        0        0        0
        0        0        0        0        0        0        0        0        0        0
        0        0        0        0        0        0        0        0        0        0
        0        0        0        0        0        0        0        0        0        0
        0        0        0        0        0        0        0        0        0        0
        0        0        0        0        0        0        0        0        0        0
        0        0        0        0        0        0        0        0        0        0
        0        0        0        0        0        0        0        0        0        0
        0        0        0        0        0        0        0        0        0        0
        0        0        0        0        0        0        0        0        0        0
        0        0        0        0        0        0        0        0        0        0
        0        0        0        0        0        0        0        0        0        0
        0        0        0        0        0        0        0        0        0        0
        0        0        0        0        0        0        0        0        0        0
        0        0        0        0        0        0        0        0        0        0
        0        0        0        0        0        0        0        0        0        0
        0        0        0        0        0        0        0        0        0        0
        0        0        0        0        0        0        0        0        0        0
        0        0        0        0        0        0        0        0        0        0
        0        0        0        0        0        0        0        0        0        0
        0        0        0        0        0        0        0        0        0        0
        0        0        0        0        0        0        0        0        0        0
        0        0        0        0        0        0        0        0        0        0
        0        0        0        0        0        0        0        0        0        0
        0        0        0        0        0        0        0        0        0        0
        0        0        0        0        0        0        0        0        0        0
        0        0        0        0        0        0        0        0        0        0
        0        0        0        0        0        0        0        0        0        0
        0        0        0        0        0        0        0        0        0        0
        0        0        0        0        0        0        0        0        0        0
        0        0        0        0        0        0        0        0        0        0
        0        0        0        0        0        0        0        0        0        0
        0        0        0        0        0        0        0        0        0        0
        0        0        0        0        0        0        0        0        0        0
        0        0        0        0        0        0        0        0        0        0
        0        0        0        0        0        0        0        0        0        0
        0        0        0        0        0        0        0        0        0        0
        0        0        0        0        0        0        0        0        0        0
        0        0        0        0        0        0        0        0        0        0
        0        0        0        0        0        0        0        0        0        0
        0        0        0        0        0        0        0        0        0        0
        0        0        0        0        0        0        0        0        0        0
        0        0        0        0        0        0        0        0        0        0
        0        0        0        0        0        0        0        0        0        0
        0        0        0        0        0        0        0        0        0        0
        0        0        0        0        0        0        0        0        0        0
        0        0        0        0        0        0        0        0        0        0
        0        0        0        0        0        0        0        0        0        0
        0        0        0        0        0        0        0        0        0        0
        0        0        0        0        0        0        0        0        0        0
        0        0        0        0        0        0        0        0        0        0
        0        0        0        0        0        0        0        0        0        0
        0        0        0        0        0        0        0        0        0        0
        0        0        0        0        0        0        0        0        0        0
        0        0        0        0        0        0        0        0        0        0
        0        0        0        0        0        0        0        0        0        0
        0        0        0        0        0        0        0        0        0        0
        0        0        0        0        0        0        0        0        0        0
        0        0        0        0        0        0        0        0        0        0
        0        0        0        0        0        0        0        0        0        0
        0        0        0        0        0        0        0        0        0        0
        0        0        0        0        0        0        0        0        0        0
        0        0        0        0        0        0        0        0        0        0
        0        0        0        0        0        0        0        0        0        0
        0        0        0        0        0        0        0        0        0        0
        0        0        0        0        0        0        0        0        0        0
        0        0        0        0        0        0        0        0        0        0
        0        0        0        0        0        0        0        0        0        0
        0        0        0        0        0        0        0        0        0        0
        0        0        0        0        0        0        0        0        0        0
        0        0        0        0        0        0        0        0        0        0
        0        0        0        0        0        0        0        0        0        0
        0        0        0        0        0        0        0        0        0        0
        0        0        0        0        0        0        0        0        0        0
        0        0        0        0        0        0        0        0        0        0
        0        0        0        0        0        0        0        0        0        0
        0        0        0        0        0        0        0        0        0        0
        0        0        0        0        0        0        0        0        0        0
        0        0        0        0        0        0        0        0        0        0
        0        0        0        0        0        0        0        0        0        0
        0        0        0        0        0        0        0        0        0        0
        0        0        0        0        0        0        0        0        0        0
        0        0        0        0        0        0        0        0        0        0
        0        0        0        0        0        0        0        0        0        0

      inf   0.9113   0.9105   0.9103   0.9105   0.9108   0.9106   0.9107   0.9106   0.9107
      inf   0.9110   0.9098   0.9104   0.9100   0.9099   0.9097   0.9094   0.9096   0.9097
      inf   0.9085   0.9078   0.9080   0.9076   0.9078   0.9077   0.9079   0.9078   0.9079
      inf   0.9088   0.9070   0.9068   0.9066   0.9059   0.9062   0.9066   0.9063   0.9064
      inf   0.9042   0.9046   0.9046   0.9043   0.9046   0.9044   0.9045   0.9046   0.9044
      inf   0.9000   0.9006   0.9014   0.9014   0.9017   0.9018   0.9020   0.9020   0.9021
      inf   0.9004   0.9011   0.9015   0.9009   0.9010   0.9008   0.9008   0.9010   0.9011
      inf   0.8990   0.8996   0.8992   0.8990   0.8986   0.8987   0.8986   0.8987   0.8986
      inf   0.8974   0.8976   0.8971   0.8965   0.8968   0.8970   0.8971   0.8970   0.8970
      inf   0.8948   0.8949   0.8938   0.8942   0.8940   0.8941   0.8943   0.8945   0.8949
      inf   0.8947   0.8953   0.8947   0.8937   0.8932   0.8927   0.8930   0.8933   0.8935
      inf   0.8887   0.8897   0.8898   0.8906   0.8907   0.8908   0.8910   0.8911   0.8914
      inf   0.8894   0.8890   0.8892   0.8889   0.8890   0.8890   0.8890   0.8888   0.8890
      inf   0.8872   0.8874   0.8866   0.8871   0.8870   0.8869   0.8869   0.8868   0.8869
      inf   0.8817   0.8832   0.8836   0.8840   0.8828   0.8830   0.8836   0.8837   0.8835
      inf   0.8781   0.8806   0.8794   0.8799   0.8795   0.8801   0.8803   0.8808   0.8810
      inf   0.8761   0.8772   0.8782   0.8785   0.8775   0.8777   0.8779   0.8772   0.8773
      inf   0.8748   0.8731   0.8755   0.8757   0.8762   0.8762   0.8760   0.8763   0.8764
      inf   0.8757   0.8755   0.8754   0.8759   0.8756   0.8756   0.8758   0.8740   0.8743
      inf   0.8745   0.8725   0.8710   0.8721   0.8725   0.8725   0.8723   0.8720   0.8723
      inf   0.8686   0.8677   0.8683   0.8692   0.8689   0.8696   0.8695   0.8696   0.8696
      inf   0.8601   0.8655   0.8650   0.8648   0.8654   0.8652   0.8653   0.8653   0.8657
      inf   0.8574   0.8595   0.8580   0.8597   0.8605   0.8611   0.8609   0.8617   0.8617
      inf   0.8645   0.8636   0.8618   0.8608   0.8610   0.8605   0.8606   0.8612   0.8609
      inf   0.8528   0.8550   0.8520   0.8535   0.8555   0.8563   0.8571   0.8569   0.8570
      inf   0.8550   0.8543   0.8551   0.8552   0.8515   0.8518   0.8523   0.8533   0.8532
      inf   0.8517   0.8510   0.8514   0.8504   0.8508   0.8510   0.8507   0.8503   0.8505
      inf   0.8486   0.8492   0.8486   0.8495   0.8490   0.8482   0.8490   0.8482   0.8483
      inf   0.8501   0.8470   0.8482   0.8471   0.8457   0.8460   0.8461   0.8457   0.8451
      inf   0.8433   0.8432   0.8432   0.8419   0.8410   0.8406   0.8411   0.8414   0.8410
        0        0        0        0        0        0        0        0        0        0
        0        0        0        0        0        0        0        0        0        0
        0        0        0        0        0        0        0        0        0        0
        0        0        0        0        0        0        0        0        0        0
        0        0        0        0        0        0        0        0        0        0
        0        0        0        0        0        0        0        0        0        0
        0        0        0        0        0        0        0        0        0        0
        0        0        0        0        0        0        0        0        0        0
        0        0        0        0        0        0        0        0        0        0
        0        0        0        0        0        0        0        0        0        0
        0        0        0        0        0        0        0        0        0        0
        0        0        0        0        0        0        0        0        0        0
        0        0        0        0        0        0        0        0        0        0
        0        0        0        0        0        0        0        0        0        0
        0        0        0        0        0        0        0        0        0        0
        0        0        0        0        0        0        0        0        0        0
        0        0        0        0        0        0        0        0        0        0
        0        0        0        0        0        0        0        0        0        0
        0        0        0        0        0        0        0        0        0        0
        0        0        0        0        0        0        0        0        0        0
        0        0        0        0        0        0        0        0        0        0
        0        0        0        0        0        0        0        0        0        0
        0        0        0        0        0        0        0        0        0        0
        0        0        0        0        0        0        0        0        0        0
        0        0        0        0        0        0        0        0        0        0
        0        0        0        0        0        0        0        0        0        0
        0        0        0        0        0        0        0        0        0        0
        0        0        0        0        0        0        0        0        0        0
        0        0        0        0        0        0        0        0        0        0
        0        0        0        0        0        0        0        0        0        0
        0        0        0        0        0        0        0        0        0        0
        0        0        0        0        0        0        0        0        0        0
        0        0        0        0        0        0        0        0        0        0
        0        0        0        0        0        0        0        0        0        0
        0        0        0        0        0        0        0        0        0        0
        0        0        0        0        0        0        0        0        0        0
        0        0        0        0        0        0        0        0        0        0
        0        0        0        0        0        0        0        0        0        0
        0        0        0        0        0        0        0        0        0        0
        0        0        0        0        0        0        0        0        0        0
        0        0        0        0        0        0        0        0        0        0
        0        0        0        0        0        0        0        0        0        0
        0        0        0        0        0        0        0        0        0        0
        0        0        0        0        0        0        0        0        0        0
        0        0        0        0        0        0        0        0        0        0
        0        0        0        0        0        0        0        0        0        0
        0        0        0        0        0        0        0        0        0        0
        0        0        0        0        0        0        0        0        0        0
        0        0        0        0        0        0        0        0        0        0
        0        0        0        0        0        0        0        0        0        0
        0        0        0        0        0        0        0        0        0        0
        0        0        0        0        0        0        0        0        0        0
        0        0        0        0        0        0        0        0        0        0
        0        0        0        0        0        0        0        0        0        0
        0        0        0        0        0        0        0        0        0        0
        0        0        0        0        0        0        0        0        0        0
        0        0        0        0        0        0        0        0        0        0
        0        0        0        0        0        0        0        0        0        0
        0        0        0        0        0        0        0        0        0        0
        0        0        0        0        0        0        0        0        0        0
        0        0        0        0        0        0        0        0        0        0
        0        0        0        0        0        0        0        0        0        0
        0        0        0        0        0        0        0        0        0        0
        0        0        0        0        0        0        0        0        0        0
        0        0        0        0        0        0        0        0        0        0
        0        0        0        0        0        0        0        0        0        0
        0        0        0        0        0        0        0        0        0        0
        0        0        0        0        0        0        0        0        0        0
        0        0        0        0        0        0        0        0        0        0
        0        0        0        0        0        0        0        0        0        0
        0        0        0        0        0        0        0        0        0        0
        0        0        0        0        0        0        0        0        0        0
        0        0        0        0        0        0        0        0        0        0
        0        0        0        0        0        0        0        0        0        0
        0        0        0        0        0        0        0        0        0        0
        0        0        0        0        0        0        0        0        0        0
        0        0        0        0        0        0        0        0        0        0
        0        0        0        0        0        0        0        0        0        0
        0        0        0        0        0        0        0        0        0        0
        0        0        0        0        0        0        0        0        0        0
        0        0        0        0        0        0        0        0        0        0
        0        0        0        0        0        0        0        0        0        0
        0        0        0        0        0        0        0        0        0        0
        0        0        0        0        0        0        0        0        0        0
        0        0        0        0        0        0        0        0        0        0
        0        0        0        0        0        0        0        0        0        0
        0        0        0        0        0        0        0        0        0        0
        0        0        0        0        0        0        0        0        0        0
        0        0        0        0        0        0        0        0        0        0
        0        0        0        0        0        0        0        0        0        0

      nan   0.6615   0.7058   0.7028   0.7093   0.7126   0.7174   0.7262   0.7299   0.7378
      nan   0.7529   0.7491   0.7404   0.7525   0.7423   0.7476   0.7506   0.7378   0.7348
      nan   0.7203   0.7676   0.7447   0.7300   0.7310   0.7295   0.7244   0.7203   0.7259
      nan   0.6699   0.7900   0.7684   0.7343   0.7252   0.7336   0.7303   0.7375   0.7409
      nan   0.7362   0.7971   0.7624   0.7869   0.7695   0.7749   0.7806   0.7859   0.7880
      nan   0.8365   0.8181   0.8288   0.8080   0.8025   0.7953   0.7861   0.7977   0.7951
      nan   0.8336   0.8196   0.7992   0.8214   0.8184   0.8290   0.8265   0.8246   0.8247
      nan   0.8241   0.7509   0.7780   0.7809   0.7965   0.8137   0.7963   0.7949   0.7997
      nan   0.8727   0.8113   0.8063   0.8084   0.7979   0.7982   0.8001   0.8014   0.7897
      nan   0.8370   0.8692   0.8293   0.8340   0.8285   0.8090   0.8082   0.8050   0.7981
      nan   0.7614   0.7906   0.7910   0.8477   0.8355   0.8206   0.8153   0.8118   0.8128
      nan   0.8638   0.8826   0.8446   0.8423   0.8515   0.8489   0.8369   0.8445   0.8511
      nan   0.8457   0.8177   0.8215   0.8186   0.8260   0.8453   0.8517   0.8485   0.8418
      nan   0.8283   0.7905   0.8434   0.8521   0.8597   0.8592   0.8743   0.8654   0.8604
      nan   0.9854   0.9486   0.8973   0.8849   0.9331   0.9200   0.9262   0.9178   0.9077
      nan   0.8825   0.9293   0.9821   0.9489   0.9379   0.9297   0.9198   0.9044   0.9059
      nan   0.7939   0.8057   0.8416   0.8781   0.9070   0.9043   0.8907   0.9043   0.9061
      nan   0.9282   0.9510   0.9590   0.9333   0.9256   0.9171   0.9028   0.8909   0.8964
      nan   0.9874   0.9199   0.9240   0.9054   0.9042   0.9113   0.9224   0.9352   0.9393
      nan   0.9320   1.0137   0.9880   0.9656   0.9508   0.9665   0.9634   0.9814   0.9829
      nan   0.9507   0.9699   0.9696   0.9246   0.9478   0.9430   0.9401   0.9506   0.9587
      nan   0.8932   0.9162   0.9336   0.9764   0.9386   0.9590   0.9549   0.9653   0.9657
      nan   0.9202   0.9201   0.9584   0.9890   0.9935   1.0003   0.9994   0.9936   0.9979
      nan   1.0102   0.9142   0.9335   0.9669   0.9767   0.9818   0.9861   0.9599   0.9600
      nan   1.0674   1.0057   1.0783   1.0847   1.0922   1.0947   1.0980   1.0850   1.0585
      nan   0.9325   0.9729   0.9853   0.9677   1.0170   0.9991   1.0043   1.0177   1.0104
      nan   0.9689   1.0352   1.0540   1.0652   1.0664   1.0601   1.0543   1.0526   1.0588
      nan   0.9082   0.9399   0.9664   0.9754   0.9733   1.0152   1.0093   1.0228   1.0169
      nan   1.0431   1.0671   1.0425   1.0913   1.1002   1.0967   1.0819   1.0903   1.0802
      nan   1.0199   1.0511   1.0641   1.0317   1.1107   1.0998   1.1017   1.0973   1.1051
        0        0        0        0        0        0        0        0        0        0
        0        0        0        0        0        0        0        0        0        0
        0        0        0        0        0        0        0        0        0        0
        0        0        0        0        0        0        0        0        0        0
        0        0        0        0        0        0        0        0        0        0
        0        0        0        0        0        0        0        0        0        0
        0        0        0        0        0        0        0        0        0        0
        0        0        0        0        0        0        0        0        0        0
        0        0        0        0        0        0        0        0        0        0
        0        0        0        0        0        0        0        0        0        0
        0        0        0        0        0        0        0        0        0        0
        0        0        0        0        0        0        0        0        0        0
        0        0        0        0        0        0        0        0        0        0
        0        0        0        0        0        0        0        0        0        0
        0        0        0        0        0        0        0        0        0        0
        0        0        0        0        0        0        0        0        0        0
        0        0        0        0        0        0        0        0        0        0
        0        0        0        0        0        0        0        0        0        0
        0        0        0        0        0        0        0        0        0        0
        0        0        0        0        0        0        0        0        0        0
        0        0        0        0        0        0        0        0        0        0
        0        0        0        0        0        0        0        0        0        0
        0        0        0        0        0        0        0        0        0        0
        0        0        0        0        0        0        0        0        0        0
        0        0        0        0        0        0        0        0        0        0
        0        0        0        0        0        0        0        0        0        0
        0        0        0        0        0        0        0        0        0        0
        0        0        0        0        0        0        0        0        0        0
        0        0        0        0        0        0        0        0        0        0
        0        0        0        0        0        0        0        0        0        0
        0        0        0        0        0        0        0        0        0        0
        0        0        0        0        0        0        0        0        0        0
        0        0        0        0        0        0        0        0        0        0
        0        0        0        0        0        0        0        0        0        0
        0        0        0        0        0        0        0        0        0        0
        0        0        0        0        0        0        0        0        0        0
        0        0        0        0        0        0        0        0        0        0
        0        0        0        0        0        0        0        0        0        0
        0        0        0        0        0        0        0        0        0        0
        0        0        0        0        0        0        0        0        0        0
        0        0        0        0        0        0        0        0        0        0
        0        0        0        0        0        0        0        0        0        0
        0        0        0        0        0        0        0        0        0        0
        0        0        0        0        0        0        0        0        0        0
        0        0        0        0        0        0        0        0        0        0
        0        0        0        0        0        0        0        0        0        0
        0        0        0        0        0        0        0        0        0        0
        0        0        0        0        0        0        0        0        0        0
        0        0        0        0        0        0        0        0        0        0
        0        0        0        0        0        0        0        0        0        0
        0        0        0        0        0        0        0        0        0        0
        0        0        0        0        0        0        0        0        0        0
        0        0        0        0        0        0        0        0        0        0
        0        0        0        0        0        0        0        0        0        0
        0        0        0        0        0        0        0        0        0        0
        0        0        0        0        0        0        0        0        0        0
        0        0        0        0        0        0        0        0        0        0
        0        0        0        0        0        0        0        0        0        0
        0        0        0        0        0        0        0        0        0        0
        0        0        0        0        0        0        0        0        0        0
        0        0        0        0        0        0        0        0        0        0
        0        0        0        0        0        0        0        0        0        0
        0        0        0        0        0        0        0        0        0        0
        0        0        0        0        0        0        0        0        0        0
        0        0        0        0        0        0        0        0        0        0
        0        0        0        0        0        0        0        0        0        0
        0        0        0        0        0        0        0        0        0        0
        0        0        0        0        0        0        0        0        0        0
        0        0        0        0        0        0        0        0        0        0
        0        0        0        0        0        0        0        0        0        0
        0        0        0        0        0        0        0        0        0        0
        0        0        0        0        0        0        0        0        0        0
        0        0        0        0        0        0        0        0        0        0
        0        0        0        0        0        0        0        0        0        0
        0        0        0        0        0        0        0        0        0        0
        0        0        0        0        0        0        0        0        0        0
        0        0        0        0        0        0        0        0        0        0
        0        0        0        0        0        0        0        0        0        0
        0        0        0        0        0        0        0        0        0        0
        0        0        0        0        0        0        0        0        0        0
        0        0        0        0        0        0        0        0        0        0
        0        0        0        0        0        0        0        0        0        0
        0        0        0        0        0        0        0        0        0        0
        0        0        0        0        0        0        0        0        0        0
        0        0        0        0        0        0        0        0        0        0
        0        0        0        0        0        0        0        0        0        0
        0        0        0        0        0        0        0        0        0        0
        0        0        0        0        0        0        0        0        0        0
        0        0        0        0        0        0        0        0        0        0
        0        0        0        0        0        0        0        0        0        0

      nan   0.3535   0.4386   0.4287   0.4102   0.3967   0.3888   0.3899   0.3876   0.3893
      nan   0.3705   0.3924   0.3855   0.3849   0.3916   0.4027   0.4117   0.4018   0.3959
      nan   0.3780   0.4121   0.4011   0.4150   0.4148   0.4089   0.4094   0.4098   0.4106
      nan   0.3224   0.4382   0.4221   0.4049   0.4177   0.4166   0.4044   0.4209   0.4195
      nan   0.4070   0.4579   0.4573   0.4888   0.4650   0.4684   0.4673   0.4658   0.4664
      nan   0.7750   0.6270   0.6004   0.5593   0.5355   0.5218   0.5044   0.5054   0.4993
      nan   0.5246   0.4980   0.4713   0.5126   0.5095   0.5108   0.5033   0.5051   0.5030
      nan   0.4812   0.4369   0.4742   0.5007   0.5074   0.5194   0.5032   0.4940   0.4897
      nan   0.5268   0.5294   0.5210   0.5295   0.5090   0.5057   0.5102   0.5048   0.4955
      nan   0.5240   0.5796   0.6130   0.6009   0.6026   0.5792   0.5686   0.5601   0.5494
      nan   0.4327   0.4854   0.4884   0.5896   0.5943   0.5981   0.5825   0.5721   0.5606
      nan   0.6650   0.6524   0.6301   0.5948   0.5933   0.6006   0.5820   0.5785   0.5811
      nan   0.5374   0.5822   0.5721   0.5686   0.5582   0.5793   0.5894   0.5891   0.5778
      nan   0.5394   0.5211   0.6249   0.6076   0.6205   0.6196   0.6256   0.6137   0.6076
      nan   0.7660   0.7142   0.6757   0.6706   0.8167   0.7910   0.7773   0.7522   0.7314
      nan   0.9455   0.8588   1.0182   0.9275   0.8984   0.8521   0.8284   0.7906   0.7837
      nan   0.7250   0.6676   0.6681   0.6987   0.8511   0.8482   0.8215   0.9903   0.9663
      nan   0.7935   0.9877   0.9351   0.8746   0.8306   0.8146   0.8209   0.7959   0.8001
      nan   0.7703   0.7440   0.7360   0.7157   0.7199   0.7298   0.7330   0.9716   0.9397
      nan   0.7987   0.9369   0.9948   0.9491   0.9033   0.8796   0.8611   0.9146   0.9077
      nan   0.8078   0.9023   0.9053   0.8349   0.8554   0.8343   0.8565   0.8541   0.8485
      nan   1.2574   1.1078   1.0821   1.0798   1.0355   1.0549   1.0377   1.0309   1.0063
      nan   0.8707   0.9291   1.1798   1.1505   1.1499   1.1099   1.0760   1.0472   1.0557
      nan   0.8595   0.7738   0.9661   1.0934   1.0347   1.0343   1.0497   0.9937   1.0009
      nan   1.2406   1.1591   1.5064   1.5097   1.4418   1.3939   1.3625   1.3299   1.2909
      nan   1.0053   1.0715   1.0009   1.0022   1.6508   1.5476   1.4651   1.4186   1.3737
      nan   1.1180   1.2607   1.3078   1.3712   1.3116   1.2822   1.2559   1.2389   1.2345
      nan   0.7965   0.9077   0.9459   0.9788   1.0158   1.1901   1.1450   1.1940   1.1776
      nan   1.1510   1.1366   1.1142   1.3016   1.4013   1.3812   1.3491   1.3513   1.3684
      nan   1.0659   1.0634   1.0664   1.0836   1.3698   1.3599   1.3818   1.3417   1.4338
        0        0        0        0        0        0        0        0        0        0
        0        0        0        0        0        0        0        0        0        0
        0        0        0        0        0        0        0        0        0        0
        0        0        0        0        0        0        0        0        0        0
        0        0        0        0        0        0        0        0        0        0
        0        0        0        0        0        0        0        0        0        0
        0        0        0        0        0        0        0        0        0        0
        0        0        0        0        0        0        0        0        0        0
        0        0        0        0        0        0        0        0        0        0
        0        0        0        0        0        0        0        0        0        0
        0        0        0        0        0        0        0        0        0        0
        0        0        0        0        0        0        0        0        0        0
        0        0        0        0        0        0        0        0        0        0
        0        0        0        0        0        0        0        0        0        0
        0        0        0        0        0        0        0        0        0        0
        0        0        0        0        0        0        0        0        0        0
        0        0        0        0        0        0        0        0        0        0
        0        0        0        0        0        0        0        0        0        0
        0        0        0        0        0        0        0        0        0        0
        0        0        0        0        0        0        0        0        0        0
        0        0        0        0        0        0        0        0        0        0
        0        0        0        0        0        0        0        0        0        0
        0        0        0        0        0        0        0        0        0        0
        0        0        0        0        0        0        0        0        0        0
        0        0        0        0        0        0        0        0        0        0
        0        0        0        0        0        0        0        0        0        0
        0        0        0        0        0        0        0        0        0        0
        0        0        0        0        0        0        0        0        0        0
        0        0        0        0        0        0        0        0        0        0
        0        0        0        0        0        0        0        0        0        0
        0        0        0        0        0        0        0        0        0        0
        0        0        0        0        0        0        0        0        0        0
        0        0        0        0        0        0        0        0        0        0
        0        0        0        0        0        0        0        0        0        0
        0        0        0        0        0        0        0        0        0        0
        0        0        0        0        0        0        0        0        0        0
        0        0        0        0        0        0        0        0        0        0
        0        0        0        0        0        0        0        0        0        0
        0        0        0        0        0        0        0        0        0        0
        0        0        0        0        0        0        0        0        0        0
        0        0        0        0        0        0        0        0        0        0
        0        0        0        0        0        0        0        0        0        0
        0        0        0        0        0        0        0        0        0        0
        0        0        0        0        0        0        0        0        0        0
        0        0        0        0        0        0        0        0        0        0
        0        0        0        0        0        0        0        0        0        0
        0        0        0        0        0        0        0        0        0        0
        0        0        0        0        0        0        0        0        0        0
        0        0        0        0        0        0        0        0        0        0
        0        0        0        0        0        0        0        0        0        0
        0        0        0        0        0        0        0        0        0        0
        0        0        0        0        0        0        0        0        0        0
        0        0        0        0        0        0        0        0        0        0
        0        0        0        0        0        0        0        0        0        0
        0        0        0        0        0        0        0        0        0        0
        0        0        0        0        0        0        0        0        0        0
        0        0        0        0        0        0        0        0        0        0
        0        0        0        0        0        0        0        0        0        0
        0        0        0        0        0        0        0        0        0        0
        0        0        0        0        0        0        0        0        0        0
        0        0        0        0        0        0        0        0        0        0
        0        0        0        0        0        0        0        0        0        0
        0        0        0        0        0        0        0        0        0        0
        0        0        0        0        0        0        0        0        0        0
        0        0        0        0        0        0        0        0        0        0
        0        0        0        0        0        0        0        0        0        0
        0        0        0        0        0        0        0        0        0        0
        0        0        0        0        0        0        0        0        0        0
        0        0        0        0        0        0        0        0        0        0
        0        0        0        0        0        0        0        0        0        0
        0        0        0        0        0        0        0        0        0        0
        0        0        0        0        0        0        0        0        0        0
        0        0        0        0        0        0        0        0        0        0
        0        0        0        0        0        0        0        0        0        0
        0        0        0        0        0        0        0        0        0        0
        0        0        0        0        0        0        0        0        0        0
        0        0        0        0        0        0        0        0        0        0
        0        0        0        0        0        0        0        0        0        0
        0        0        0        0        0        0        0        0        0        0
        0        0        0        0        0        0        0        0        0        0
        0        0        0        0        0        0        0        0        0        0
        0        0        0        0        0        0        0        0        0        0
        0        0        0        0        0        0        0        0        0        0
        0        0        0        0        0        0        0        0        0        0
        0        0        0        0        0        0        0        0        0        0
        0        0        0        0        0        0        0        0        0        0
        0        0        0        0        0        0        0        0        0        0
        0        0        0        0        0        0        0        0        0        0
        0        0        0        0        0        0        0        0        0        0
        0        0        0        0        0        0        0        0        0        0

      nan   0.3535   0.4386   0.4287   0.4102   0.3967   0.3888   0.3899   0.3876   0.3893
      nan   0.3705   0.3924   0.3855   0.3849   0.3916   0.4027   0.4117   0.4018   0.3959
      nan   0.3780   0.4121   0.4011   0.4150   0.4148   0.4089   0.4094   0.4098   0.4106
      nan   0.3224   0.4382   0.4221   0.4049   0.4177   0.4166   0.4044   0.4209   0.4195
      nan   0.4070   0.4579   0.4573   0.4888   0.4650   0.4684   0.4673   0.4658   0.4664
      nan   0.7750   0.6270   0.6004   0.5593   0.5355   0.5218   0.5044   0.5054   0.4993
      nan   0.5246   0.4980   0.4713   0.5126   0.5095   0.5108   0.5033   0.5051   0.5030
      nan   0.4812   0.4369   0.4742   0.5007   0.5074   0.5194   0.5032   0.4940   0.4897
      nan   0.5268   0.5294   0.5210   0.5295   0.5090   0.5057   0.5102   0.5048   0.4955
      nan   0.5240   0.5796   0.6130   0.6009   0.6026   0.5792   0.5686   0.5601   0.5494
      nan   0.4327   0.4854   0.4884   0.5896   0.5943   0.5981   0.5825   0.5721   0.5606
      nan   0.6650   0.6524   0.6301   0.5948   0.5933   0.6006   0.5820   0.5785   0.5811
      nan   0.5374   0.5822   0.5721   0.5686   0.5582   0.5793   0.5894   0.5891   0.5778
      nan   0.5394   0.5211   0.6249   0.6076   0.6205   0.6196   0.6256   0.6137   0.6076
      nan   0.7660   0.7142   0.6757   0.6706   0.8167   0.7910   0.7773   0.7522   0.7314
      nan   0.9455   0.8588   1.0182   0.9275   0.8984   0.8521   0.8284   0.7906   0.7837
      nan   0.7250   0.6676   0.6681   0.6987   0.8511   0.8482   0.8215   0.9903   0.9663
      nan   0.7935   0.9877   0.9351   0.8746   0.8306   0.8146   0.8209   0.7959   0.8001
      nan   0.7703   0.7440   0.7360   0.7157   0.7199   0.7298   0.7330   0.9716   0.9397
      nan   0.7987   0.9369   0.9948   0.9491   0.9033   0.8796   0.8611   0.9146   0.9077
      nan   0.8078   0.9023   0.9053   0.8349   0.8554   0.8343   0.8565   0.8541   0.8485
      nan   1.2574   1.1078   1.0821   1.0798   1.0355   1.0549   1.0377   1.0309   1.0063
      nan   0.8707   0.9291   1.1798   1.1505   1.1499   1.1099   1.0760   1.0472   1.0557
      nan   0.8595   0.7738   0.9661   1.0934   1.0347   1.0343   1.0497   0.9937   1.0009
      nan   1.2406   1.1591   1.5064   1.5097   1.4418   1.3939   1.3625   1.3299   1.2909
      nan   1.0053   1.0715   1.0009   1.0022   1.6508   1.5476   1.4651   1.4186   1.3737
      nan   1.1180   1.2607   1.3078   1.3712   1.3116   1.2822   1.2559   1.2389   1.2345
      nan   0.7965   0.9077   0.9459   0.9788   1.0158   1.1901   1.1450   1.1940   1.1776
      nan   1.1510   1.1366   1.1142   1.3016   1.4013   1.3812   1.3491   1.3513   1.3684
      nan   1.0659   1.0634   1.0664   1.0836   1.3698   1.3599   1.3818   1.3417   1.4338
        0        0        0        0        0        0        0        0        0        0
        0        0        0        0        0        0        0        0        0        0
        0        0        0        0        0        0        0        0        0        0
        0        0        0        0        0        0        0        0        0        0
        0        0        0        0        0        0        0        0        0        0
        0        0        0        0        0        0        0        0        0        0
        0        0        0        0        0        0        0        0        0        0
        0        0        0        0        0        0        0        0        0        0
        0        0        0        0        0        0        0        0        0        0
        0        0        0        0        0        0        0        0        0        0
        0        0        0        0        0        0        0        0        0        0
        0        0        0        0        0        0        0        0        0        0
        0        0        0        0        0        0        0        0        0        0
        0        0        0        0        0        0        0        0        0        0
        0        0        0        0        0        0        0        0        0        0
        0        0        0        0        0        0        0        0        0        0
        0        0        0        0        0        0        0        0        0        0
        0        0        0        0        0        0        0        0        0        0
        0        0        0        0        0        0        0        0        0        0
        0        0        0        0        0        0        0        0        0        0
        0        0        0        0        0        0        0        0        0        0
        0        0        0        0        0        0        0        0        0        0
        0        0        0        0        0        0        0        0        0        0
        0        0        0        0        0        0        0        0        0        0
        0        0        0        0        0        0        0        0        0        0
        0        0        0        0        0        0        0        0        0        0
        0        0        0        0        0        0        0        0        0        0
        0        0        0        0        0        0        0        0        0        0
        0        0        0        0        0        0        0        0        0        0
        0        0        0        0        0        0        0        0        0        0
        0        0        0        0        0        0        0        0        0        0
        0        0        0        0        0        0        0        0        0        0
        0        0        0        0        0        0        0        0        0        0
        0        0        0        0        0        0        0        0        0        0
        0        0        0        0        0        0        0        0        0        0
        0        0        0        0        0        0        0        0        0        0
        0        0        0        0        0        0        0        0        0        0
        0        0        0        0        0        0        0        0        0        0
        0        0        0        0        0        0        0        0        0        0
        0        0        0        0        0        0        0        0        0        0
        0        0        0        0        0        0        0        0        0        0
        0        0        0        0        0        0        0        0        0        0
        0        0        0        0        0        0        0        0        0        0
        0        0        0        0        0        0        0        0        0        0
        0        0        0        0        0        0        0        0        0        0
        0        0        0        0        0        0        0        0        0        0
        0        0        0        0        0        0        0        0        0        0
        0        0        0        0        0        0        0        0        0        0
        0        0        0        0        0        0        0        0        0        0
        0        0        0        0        0        0        0        0        0        0
        0        0        0        0        0        0        0        0        0        0
        0        0        0        0        0        0        0        0        0        0
        0        0        0        0        0        0        0        0        0        0
        0        0        0        0        0        0        0        0        0        0
        0        0        0        0        0        0        0        0        0        0
        0        0        0        0        0        0        0        0        0        0
        0        0        0        0        0        0        0        0        0        0
        0        0        0        0        0        0        0        0        0        0
        0        0        0        0        0        0        0        0        0        0
        0        0        0        0        0        0        0        0        0        0
        0        0        0        0        0        0        0        0        0        0
        0        0        0        0        0        0        0        0        0        0
        0        0        0        0        0        0        0        0        0        0
        0        0        0        0        0        0        0        0        0        0
        0        0        0        0        0        0        0        0        0        0
        0        0        0        0        0        0        0        0        0        0
        0        0        0        0        0        0        0        0        0        0
        0        0        0        0        0        0        0        0        0        0
        0        0        0        0        0        0        0        0        0        0
        0        0        0        0        0        0        0        0        0        0
        0        0        0        0        0        0        0        0        0        0
        0        0        0        0        0        0        0        0        0        0
        0        0        0        0        0        0        0        0        0        0
        0        0        0        0        0        0        0        0        0        0
        0        0        0        0        0        0        0        0        0        0
        0        0        0        0        0        0        0        0        0        0
        0        0        0        0        0        0        0        0        0        0
        0        0        0        0        0        0        0        0        0        0
        0        0        0        0        0        0        0        0        0        0
        0        0        0        0        0        0        0        0        0        0
        0        0        0        0        0        0        0        0        0        0
        0        0        0        0        0        0        0        0        0        0
        0        0        0        0        0        0        0        0        0        0
        0        0        0        0        0        0        0        0        0        0
        0        0        0        0        0        0        0        0        0        0
        0        0        0        0        0        0        0        0        0        0
        0        0        0        0        0        0        0        0        0        0
        0        0        0        0        0        0        0        0        0        0
        0        0        0        0        0        0        0        0        0        0
        0        0        0        0        0        0        0        0        0        0

      inf   0.1582   0.1187   0.1056   0.0990   0.0950   0.0926   0.0907   0.0893   0.0882
      inf   0.1597   0.1203   0.1066   0.1002   0.0963   0.0937   0.0918   0.0904   0.0892
      inf   0.1633   0.1227   0.1090   0.1023   0.0981   0.0954   0.0934   0.0919   0.0908
      inf   0.1645   0.1241   0.1105   0.1036   0.0997   0.0968   0.0946   0.0933   0.0921
      inf   0.1680   0.1259   0.1117   0.1050   0.1007   0.0980   0.0961   0.0945   0.0934
      inf   0.1711   0.1288   0.1143   0.1073   0.1030   0.1002   0.0981   0.0966   0.0953
      inf   0.1741   0.1302   0.1157   0.1087   0.1043   0.1015   0.0995   0.0978   0.0966
      inf   0.1756   0.1318   0.1173   0.1100   0.1058   0.1029   0.1009   0.0993   0.0982
      inf   0.1793   0.1343   0.1194   0.1122   0.1076   0.1046   0.1025   0.1009   0.0996
      inf   0.1817   0.1364   0.1215   0.1139   0.1094   0.1064   0.1042   0.1026   0.1011
      inf   0.1850   0.1381   0.1229   0.1155   0.1111   0.1081   0.1058   0.1040   0.1026
      inf   0.1890   0.1415   0.1257   0.1175   0.1128   0.1096   0.1073   0.1056   0.1042
      inf   0.1904   0.1427   0.1269   0.1191   0.1144   0.1113   0.1090   0.1074   0.1060
      inf   0.1941   0.1455   0.1293   0.1211   0.1163   0.1131   0.1108   0.1091   0.1078
      inf   0.1968   0.1476   0.1311   0.1229   0.1183   0.1151   0.1126   0.1108   0.1096
      inf   0.2021   0.1509   0.1343   0.1258   0.1209   0.1174   0.1149   0.1130   0.1116
      inf   0.2044   0.1531   0.1360   0.1275   0.1227   0.1192   0.1167   0.1150   0.1136
      inf   0.2073   0.1562   0.1381   0.1294   0.1242   0.1208   0.1183   0.1164   0.1149
      inf   0.2080   0.1564   0.1392   0.1305   0.1253   0.1218   0.1193   0.1178   0.1163
      inf   0.2125   0.1598   0.1424   0.1332   0.1277   0.1243   0.1218   0.1200   0.1185
      inf   0.2171   0.1628   0.1446   0.1355   0.1301   0.1263   0.1237   0.1218   0.1203
      inf   0.2204   0.1643   0.1464   0.1374   0.1318   0.1283   0.1257   0.1239   0.1222
      inf   0.2247   0.1687   0.1503   0.1406   0.1349   0.1310   0.1285   0.1263   0.1247
      inf   0.2236   0.1684   0.1502   0.1413   0.1358   0.1323   0.1296   0.1274   0.1260
      inf   0.2313   0.1733   0.1550   0.1451   0.1386   0.1346   0.1318   0.1298   0.1282
      inf   0.2358   0.1764   0.1566   0.1467   0.1413   0.1373   0.1344   0.1321   0.1304
      inf   0.2355   0.1776   0.1579   0.1485   0.1426   0.1386   0.1360   0.1340   0.1324
      inf   0.2408   0.1807   0.1611   0.1508   0.1449   0.1411   0.1380   0.1360   0.1343
      inf   0.2426   0.1832   0.1624   0.1525   0.1467   0.1426   0.1397   0.1377   0.1362
      inf   0.2498   0.1873   0.1665   0.1565   0.1503   0.1463   0.1431   0.1408   0.1391
        0        0        0        0        0        0        0        0        0        0
        0        0        0        0        0        0        0        0        0        0
        0        0        0        0        0        0        0        0        0        0
        0        0        0        0        0        0        0        0        0        0
        0        0        0        0        0        0        0        0        0        0
        0        0        0        0        0        0        0        0        0        0
        0        0        0        0        0        0        0        0        0        0
        0        0        0        0        0        0        0        0        0        0
        0        0        0        0        0        0        0        0        0        0
        0        0        0        0        0        0        0        0        0        0
        0        0        0        0        0        0        0        0        0        0
        0        0        0        0        0        0        0        0        0        0
        0        0        0        0        0        0        0        0        0        0
        0        0        0        0        0        0        0        0        0        0
        0        0        0        0        0        0        0        0        0        0
        0        0        0        0        0        0        0        0        0        0
        0        0        0        0        0        0        0        0        0        0
        0        0        0        0        0        0        0        0        0        0
        0        0        0        0        0        0        0        0        0        0
        0        0        0        0        0        0        0        0        0        0
        0        0        0        0        0        0        0        0        0        0
        0        0        0        0        0        0        0        0        0        0
        0        0        0        0        0        0        0        0        0        0
        0        0        0        0        0        0        0        0        0        0
        0        0        0        0        0        0        0        0        0        0
        0        0        0        0        0        0        0        0        0        0
        0        0        0        0        0        0        0        0        0        0
        0        0        0        0        0        0        0        0        0        0
        0        0        0        0        0        0        0        0        0        0
        0        0        0        0        0        0        0        0        0        0
        0        0        0        0        0        0        0        0        0        0
        0        0        0        0        0        0        0        0        0        0
        0        0        0        0        0        0        0        0        0        0
        0        0        0        0        0        0        0        0        0        0
        0        0        0        0        0        0        0        0        0        0
        0        0        0        0        0        0        0        0        0        0
        0        0        0        0        0        0        0        0        0        0
        0        0        0        0        0        0        0        0        0        0
        0        0        0        0        0        0        0        0        0        0
        0        0        0        0        0        0        0        0        0        0
        0        0        0        0        0        0        0        0        0        0
        0        0        0        0        0        0        0        0        0        0
        0        0        0        0        0        0        0        0        0        0
        0        0        0        0        0        0        0        0        0        0
        0        0        0        0        0        0        0        0        0        0
        0        0        0        0        0        0        0        0        0        0
        0        0        0        0        0        0        0        0        0        0
        0        0        0        0        0        0        0        0        0        0
        0        0        0        0        0        0        0        0        0        0
        0        0        0        0        0        0        0        0        0        0
        0        0        0        0        0        0        0        0        0        0
        0        0        0        0        0        0        0        0        0        0
        0        0        0        0        0        0        0        0        0        0
        0        0        0        0        0        0        0        0        0        0
        0        0        0        0        0        0        0        0        0        0
        0        0        0        0        0        0        0        0        0        0
        0        0        0        0        0        0        0        0        0        0
        0        0        0        0        0        0        0        0        0        0
        0        0        0        0        0        0        0        0        0        0
        0        0        0        0        0        0        0        0        0        0
        0        0        0        0        0        0        0        0        0        0
        0        0        0        0        0        0        0        0        0        0
        0        0        0        0        0        0        0        0        0        0
        0        0        0        0        0        0        0        0        0        0
        0        0        0        0        0        0        0        0        0        0
        0        0        0        0        0        0        0        0        0        0
        0        0        0        0        0        0        0        0        0        0
        0        0        0        0        0        0        0        0        0        0
        0        0        0        0        0        0        0        0        0        0
        0        0        0        0        0        0        0        0        0        0
        0        0        0        0        0        0        0        0        0        0
        0        0        0        0        0        0        0        0        0        0
        0        0        0        0        0        0        0        0        0        0
        0        0        0        0        0        0        0        0        0        0
        0        0        0        0        0        0        0        0        0        0
        0        0        0        0        0        0        0        0        0        0
        0        0        0        0        0        0        0        0        0        0
        0        0        0        0        0        0        0        0        0        0
        0        0        0        0        0        0        0        0        0        0
        0        0        0        0        0        0        0        0        0        0
        0        0        0        0        0        0        0        0        0        0
        0        0        0        0        0        0        0        0        0        0
        0        0        0        0        0        0        0        0        0        0
        0        0        0        0        0        0        0        0        0        0
        0        0        0        0        0        0        0        0        0        0
        0        0        0        0        0        0        0        0        0        0
        0        0        0        0        0        0        0        0        0        0
        0        0        0        0        0        0        0        0        0        0
        0        0        0        0        0        0        0        0        0        0
        0        0        0        0        0        0        0        0        0        0

