   2.0000
   2.0050
   2.0100
   2.0150
   2.0200
   2.0250
   2.0300
   2.0350
   2.0400
   2.0450
   2.0500
   2.0550
   2.0600
   2.0650
   2.0700
   2.0750
   2.0800
   2.0850
   2.0900
   2.0950
   2.1000
   2.1050
   2.1100
   2.1150
   2.1200
   2.1250
   2.1300
   2.1350
   2.1400
   2.1450
   2.1500
   2.1550
   2.1600
   2.1650
   2.1700
   2.1750
   2.1800
   2.1850
   2.1900
   2.1950
   2.2000
   2.2050
   2.2100
   2.2150
   2.2200
   2.2250
   2.2300
   2.2350
   2.2400
   2.2450
   2.2500
   2.2550
   2.2600
   2.2650
   2.2700
   2.2750
   2.2800
   2.2850
   2.2900
   2.2950
   2.3000
   2.3050
   2.3100
   2.3150
   2.3200
   2.3250
   2.3300
   2.3350
   2.3400
   2.3450
   2.3500
   2.3550
   2.3600
   2.3650
   2.3700
   2.3750
   2.3800
   2.3850
   2.3900
   2.3950
   2.4000
   2.4050
   2.4100
   2.4150
   2.4200
   2.4250
   2.4300
   2.4350
   2.4400
   2.4450
   2.4500
   2.4550
   2.4600
   2.4650
   2.4700
   2.4750
   2.4800
   2.4850
   2.4900
   2.4950
   2.5000
   2.5050
   2.5100
   2.5150
   2.5200
   2.5250
   2.5300
   2.5350
   2.5400
   2.5450
   2.5500
   2.5550
   2.5600
   2.5650
   2.5700
   2.5750
   2.5800
   2.5850
   2.5900
   2.5950

     -inf  -2.2000  -2.1000  -2.0660  -2.0489  -2.0387  -2.0319  -2.0270  -2.0234  -2.0205
     -inf  -2.2000  -2.0999  -2.0659  -2.0486  -2.0380  -2.0309  -2.0258  -2.0221  -2.0191
     -inf  -2.1982  -2.0980  -2.0646  -2.0479  -2.0379  -2.0312  -2.0264  -2.0228  -2.0200
     -inf  -2.2000  -2.1000  -2.0667  -2.0500  -2.0400  -2.0333  -2.0286  -2.0249  -2.0219
     -inf  -2.2000  -2.1000  -2.0667  -2.0497  -2.0393  -2.0324  -2.0275  -2.0238  -2.0209
     -inf  -2.1980  -2.0979  -2.0645  -2.0478  -2.0378  -2.0307  -2.0253  -2.0213  -2.0182
     -inf  -2.2000  -2.0994  -2.0656  -2.0486  -2.0381  -2.0310  -2.0258  -2.0218  -2.0186
     -inf  -2.2000  -2.1000  -2.0667  -2.0500  -2.0400  -2.0333  -2.0286  -2.0250  -2.0222
     -inf  -2.2000  -2.0990  -2.0653  -2.0484  -2.0383  -2.0315  -2.0265  -2.0226  -2.0196
     -inf  -2.2000  -2.1000  -2.0667  -2.0498  -2.0394  -2.0325  -2.0275  -2.0238  -2.0209
     -inf  -2.1976  -2.0977  -2.0644  -2.0477  -2.0377  -2.0311  -2.0263  -2.0227  -2.0199
     -inf  -2.2000  -2.0993  -2.0655  -2.0484  -2.0379  -2.0308  -2.0258  -2.0220  -2.0188
     -inf  -2.1991  -2.0984  -2.0645  -2.0473  -2.0369  -2.0300  -2.0248  -2.0205  -2.0170
     -inf  -2.2000  -2.1000  -2.0666  -2.0494  -2.0391  -2.0319  -2.0267  -2.0228  -2.0198
     -inf  -2.2000  -2.1000  -2.0667  -2.0500  -2.0392  -2.0320  -2.0266  -2.0224  -2.0191
     -inf  -2.1993  -2.0986  -2.0650  -2.0482  -2.0378  -2.0307  -2.0257  -2.0219  -2.0190
     -inf  -2.2000  -2.1000  -2.0667  -2.0500  -2.0400  -2.0333  -2.0282  -2.0244  -2.0215
     -inf  -2.2000  -2.1000  -2.0662  -2.0491  -2.0388  -2.0318  -2.0266  -2.0227  -2.0196
     -inf  -2.2000  -2.1000  -2.0667  -2.0500  -2.0400  -2.0331  -2.0280  -2.0242  -2.0213
     -inf  -2.2000  -2.1000  -2.0664  -2.0493  -2.0385  -2.0314  -2.0263  -2.0224  -2.0194
     -inf  -2.2000  -2.1000  -2.0667  -2.0500  -2.0400  -2.0333  -2.0284  -2.0243  -2.0210
     -inf  -2.2000  -2.1000  -2.0660  -2.0489  -2.0387  -2.0319  -2.0263  -2.0222  -2.0190
     -inf  -2.2000  -2.1000  -2.0667  -2.0500  -2.0400  -2.0333  -2.0286  -2.0250  -2.0220
     -inf  -2.2000  -2.1000  -2.0662  -2.0491  -2.0388  -2.0320  -2.0271  -2.0234  -2.0206
     -inf  -2.2000  -2.1000  -2.0667  -2.0500  -2.0400  -2.0333  -2.0286  -2.0250  -2.0220
     -inf  -2.1982  -2.0979  -2.0633  -2.0458  -2.0352  -2.0279  -2.0226  -2.0187  -2.0156
     -inf  -2.2000  -2.0994  -2.0656  -2.0486  -2.0384  -2.0317  -2.0268  -2.0232  -2.0204
     -inf  -2.2000  -2.0987  -2.0643  -2.0471  -2.0368  -2.0299  -2.0250  -2.0213  -2.0185
     -inf  -2.2000  -2.0991  -2.0646  -2.0473  -2.0364  -2.0289  -2.0235  -2.0194  -2.0163
     -inf  -2.2000  -2.1000  -2.0667  -2.0500  -2.0400  -2.0333  -2.0284  -2.0246  -2.0216
        0        0        0        0        0        0        0        0        0        0
        0        0        0        0        0        0        0        0        0        0
        0        0        0        0        0        0        0        0        0        0
        0        0        0        0        0        0        0        0        0        0
        0        0        0        0        0        0        0        0        0        0
        0        0        0        0        0        0        0        0        0        0
        0        0        0        0        0        0        0        0        0        0
        0        0        0        0        0        0        0        0        0        0
        0        0        0        0        0        0        0        0        0        0
        0        0        0        0        0        0        0        0        0        0
        0        0        0        0        0        0        0        0        0        0
        0        0        0        0        0        0        0        0        0        0
        0        0        0        0        0        0        0        0        0        0
        0        0        0        0        0        0        0        0        0        0
        0        0        0        0        0        0        0        0        0        0
        0        0        0        0        0        0        0        0        0        0
        0        0        0        0        0        0        0        0        0        0
        0        0        0        0        0        0        0        0        0        0
        0        0        0        0        0        0        0        0        0        0
        0        0        0        0        0        0        0        0        0        0
        0        0        0        0        0        0        0        0        0        0
        0        0        0        0        0        0        0        0        0        0
        0        0        0        0        0        0        0        0        0        0
        0        0        0        0        0        0        0        0        0        0
        0        0        0        0        0        0        0        0        0        0
        0        0        0        0        0        0        0        0        0        0
        0        0        0        0        0        0        0        0        0        0
        0        0        0        0        0        0        0        0        0        0
        0        0        0        0        0        0        0        0        0        0
        0        0        0        0        0        0        0        0        0        0
        0        0        0        0        0        0        0        0        0        0
        0        0        0        0        0        0        0        0        0        0
        0        0        0        0        0        0        0        0        0        0
        0        0        0        0        0        0        0        0        0        0
        0        0        0        0        0        0        0        0        0        0
        0        0        0        0        0        0        0        0        0        0
        0        0        0        0        0        0        0        0        0        0
        0        0        0        0        0        0        0        0        0        0
        0        0        0        0        0        0        0        0        0        0
        0        0        0        0        0        0        0        0        0        0
        0        0        0        0        0        0        0        0        0        0
        0        0        0        0        0        0        0        0        0        0
        0        0        0        0        0        0        0        0        0        0
        0        0        0        0        0        0        0        0        0        0
        0        0        0        0        0        0        0        0        0        0
        0        0        0        0        0        0        0        0        0        0
        0        0        0        0        0        0        0        0        0        0
        0        0        0        0        0        0        0        0        0        0
        0        0        0        0        0        0        0        0        0        0
        0        0        0        0        0        0        0        0        0        0
        0        0        0        0        0        0        0        0        0        0
        0        0        0        0        0        0        0        0        0        0
        0        0        0        0        0        0        0        0        0        0
        0        0        0        0        0        0        0        0        0        0
        0        0        0        0        0        0        0        0        0        0
        0        0        0        0        0        0        0        0        0        0
        0        0        0        0        0        0        0        0        0        0
        0        0        0        0        0        0        0        0        0        0
        0        0        0        0        0        0        0        0        0        0
        0        0        0        0        0        0        0        0        0        0
        0        0        0        0        0        0        0        0        0        0
        0        0        0        0        0        0        0        0        0        0
        0        0        0        0        0        0        0        0        0        0
        0        0        0        0        0        0        0        0        0        0
        0        0        0        0        0        0        0        0        0        0
        0        0        0        0        0        0        0        0        0        0
        0        0        0        0        0        0        0        0        0        0
        0        0        0        0        0        0        0        0        0        0
        0        0        0        0        0        0        0        0        0        0
        0        0        0        0        0        0        0        0        0        0
        0        0        0        0        0        0        0        0        0        0
        0        0        0        0        0        0        0        0        0        0
        0        0        0        0        0        0        0        0        0        0
        0        0        0        0        0        0        0        0        0        0
        0        0        0        0        0        0        0        0        0        0
        0        0        0        0        0        0        0        0        0        0
        0        0        0        0        0        0        0        0        0        0
        0        0        0        0        0        0        0        0        0        0
        0        0        0        0        0        0        0        0        0        0
        0        0        0        0        0        0        0        0        0        0
        0        0        0        0        0        0        0        0        0        0
        0        0        0        0        0        0        0        0        0        0
        0        0        0        0        0        0        0        0        0        0
        0        0        0        0        0        0        0        0        0        0
        0        0        0        0        0        0        0        0        0        0
        0        0        0        0        0        0        0        0        0        0
        0        0        0        0        0        0        0        0        0        0
        0        0        0        0        0        0        0        0        0        0
        0        0        0        0        0        0        0        0        0        0
        0        0        0        0        0        0        0        0        0        0

      inf   1.1000   1.0500   1.0332   1.0247   1.0197   1.0163   1.0139   1.0121   1.0107
      inf   1.1000   1.0500   1.0331   1.0246   1.0195   1.0161   1.0136   1.0118   1.0103
      inf   1.0996   1.0495   1.0328   1.0245   1.0195   1.0161   1.0137   1.0120   1.0106
      inf   1.1000   1.0500   1.0333   1.0250   1.0200   1.0167   1.0143   1.0125   1.0110
      inf   1.1000   1.0500   1.0333   1.0249   1.0198   1.0164   1.0140   1.0122   1.0108
      inf   1.0995   1.0495   1.0328   1.0245   1.0195   1.0160   1.0135   1.0116   1.0101
      inf   1.1000   1.0499   1.0331   1.0247   1.0195   1.0161   1.0136   1.0117   1.0102
      inf   1.1000   1.0500   1.0333   1.0250   1.0200   1.0167   1.0143   1.0125   1.0111
      inf   1.1000   1.0497   1.0330   1.0246   1.0196   1.0162   1.0138   1.0119   1.0105
      inf   1.1000   1.0500   1.0333   1.0250   1.0199   1.0165   1.0140   1.0122   1.0108
      inf   1.0994   1.0494   1.0328   1.0244   1.0194   1.0161   1.0137   1.0119   1.0105
      inf   1.1000   1.0498   1.0330   1.0246   1.0195   1.0160   1.0136   1.0118   1.0103
      inf   1.0998   1.0496   1.0328   1.0243   1.0192   1.0158   1.0133   1.0114   1.0098
      inf   1.1000   1.0500   1.0333   1.0248   1.0198   1.0163   1.0138   1.0120   1.0105
      inf   1.1000   1.0500   1.0333   1.0250   1.0198   1.0163   1.0138   1.0119   1.0103
      inf   1.0998   1.0496   1.0329   1.0245   1.0194   1.0160   1.0136   1.0117   1.0103
      inf   1.1000   1.0500   1.0333   1.0250   1.0200   1.0167   1.0142   1.0124   1.0109
      inf   1.1000   1.0500   1.0332   1.0248   1.0197   1.0163   1.0138   1.0119   1.0104
      inf   1.1000   1.0500   1.0333   1.0250   1.0200   1.0166   1.0142   1.0123   1.0109
      inf   1.1000   1.0500   1.0333   1.0248   1.0196   1.0162   1.0137   1.0119   1.0104
      inf   1.1000   1.0500   1.0333   1.0250   1.0200   1.0167   1.0142   1.0123   1.0107
      inf   1.1000   1.0500   1.0332   1.0247   1.0197   1.0163   1.0137   1.0118   1.0103
      inf   1.1000   1.0500   1.0333   1.0250   1.0200   1.0167   1.0143   1.0125   1.0111
      inf   1.1000   1.0500   1.0332   1.0248   1.0197   1.0163   1.0139   1.0121   1.0107
      inf   1.1000   1.0500   1.0333   1.0250   1.0200   1.0167   1.0143   1.0125   1.0110
      inf   1.0996   1.0495   1.0325   1.0240   1.0188   1.0153   1.0128   1.0109   1.0094
      inf   1.1000   1.0499   1.0331   1.0247   1.0196   1.0163   1.0138   1.0120   1.0106
      inf   1.1000   1.0497   1.0327   1.0243   1.0192   1.0158   1.0134   1.0116   1.0102
      inf   1.1000   1.0498   1.0328   1.0243   1.0191   1.0155   1.0130   1.0111   1.0096
      inf   1.1000   1.0500   1.0333   1.0250   1.0200   1.0167   1.0143   1.0124   1.0110
        0        0        0        0        0        0        0        0        0        0
        0        0        0        0        0        0        0        0        0        0
        0        0        0        0        0        0        0        0        0        0
        0        0        0        0        0        0        0        0        0        0
        0        0        0        0        0        0        0        0        0        0
        0        0        0        0        0        0        0        0        0        0
        0        0        0        0        0        0        0        0        0        0
        0        0        0        0        0        0        0        0        0        0
        0        0        0        0        0        0        0        0        0        0
        0        0        0        0        0        0        0        0        0        0
        0        0        0        0        0        0        0        0        0        0
        0        0        0        0        0        0        0        0        0        0
        0        0        0        0        0        0        0        0        0        0
        0        0        0        0        0        0        0        0        0        0
        0        0        0        0        0        0        0        0        0        0
        0        0        0        0        0        0        0        0        0        0
        0        0        0        0        0        0        0        0        0        0
        0        0        0        0        0        0        0        0        0        0
        0        0        0        0        0        0        0        0        0        0
        0        0        0        0        0        0        0        0        0        0
        0        0        0        0        0        0        0        0        0        0
        0        0        0        0        0        0        0        0        0        0
        0        0        0        0        0        0        0        0        0        0
        0        0        0        0        0        0        0        0        0        0
        0        0        0        0        0        0        0        0        0        0
        0        0        0        0        0        0        0        0        0        0
        0        0        0        0        0        0        0        0        0        0
        0        0        0        0        0        0        0        0        0        0
        0        0        0        0        0        0        0        0        0        0
        0        0        0        0        0        0        0        0        0        0
        0        0        0        0        0        0        0        0        0        0
        0        0        0        0        0        0        0        0        0        0
        0        0        0        0        0        0        0        0        0        0
        0        0        0        0        0        0        0        0        0        0
        0        0        0        0        0        0        0        0        0        0
        0        0        0        0        0        0        0        0        0        0
        0        0        0        0        0        0        0        0        0        0
        0        0        0        0        0        0        0        0        0        0
        0        0        0        0        0        0        0        0        0        0
        0        0        0        0        0        0        0        0        0        0
        0        0        0        0        0        0        0        0        0        0
        0        0        0        0        0        0        0        0        0        0
        0        0        0        0        0        0        0        0        0        0
        0        0        0        0        0        0        0        0        0        0
        0        0        0        0        0        0        0        0        0        0
        0        0        0        0        0        0        0        0        0        0
        0        0        0        0        0        0        0        0        0        0
        0        0        0        0        0        0        0        0        0        0
        0        0        0        0        0        0        0        0        0        0
        0        0        0        0        0        0        0        0        0        0
        0        0        0        0        0        0        0        0        0        0
        0        0        0        0        0        0        0        0        0        0
        0        0        0        0        0        0        0        0        0        0
        0        0        0        0        0        0        0        0        0        0
        0        0        0        0        0        0        0        0        0        0
        0        0        0        0        0        0        0        0        0        0
        0        0        0        0        0        0        0        0        0        0
        0        0        0        0        0        0        0        0        0        0
        0        0        0        0        0        0        0        0        0        0
        0        0        0        0        0        0        0        0        0        0
        0        0        0        0        0        0        0        0        0        0
        0        0        0        0        0        0        0        0        0        0
        0        0        0        0        0        0        0        0        0        0
        0        0        0        0        0        0        0        0        0        0
        0        0        0        0        0        0        0        0        0        0
        0        0        0        0        0        0        0        0        0        0
        0        0        0        0        0        0        0        0        0        0
        0        0        0        0        0        0        0        0        0        0
        0        0        0        0        0        0        0        0        0        0
        0        0        0        0        0        0        0        0        0        0
        0        0        0        0        0        0        0        0        0        0
        0        0        0        0        0        0        0        0        0        0
        0        0        0        0        0        0        0        0        0        0
        0        0        0        0        0        0        0        0        0        0
        0        0        0        0        0        0        0        0        0        0
        0        0        0        0        0        0        0        0        0        0
        0        0        0        0        0        0        0        0        0        0
        0        0        0        0        0        0        0        0        0        0
        0        0        0        0        0        0        0        0        0        0
        0        0        0        0        0        0        0        0        0        0
        0        0        0        0        0        0        0        0        0        0
        0        0        0        0        0        0        0        0        0        0
        0        0        0        0        0        0        0        0        0        0
        0        0        0        0        0        0        0        0        0        0
        0        0        0        0        0        0        0        0        0        0
        0        0        0        0        0        0        0        0        0        0
        0        0        0        0        0        0        0        0        0        0
        0        0        0        0        0        0        0        0        0        0
        0        0        0        0        0        0        0        0        0        0
        0        0        0        0        0        0        0        0        0        0

      inf   1.1000   1.0500   1.0332   1.0247   1.0197   1.0163   1.0139   1.0121   1.0107
      inf   1.1000   1.0500   1.0331   1.0246   1.0195   1.0161   1.0136   1.0118   1.0103
      inf   1.0996   1.0495   1.0328   1.0245   1.0195   1.0161   1.0137   1.0120   1.0106
      inf   1.1000   1.0500   1.0333   1.0250   1.0200   1.0167   1.0143   1.0125   1.0110
      inf   1.1000   1.0500   1.0333   1.0249   1.0198   1.0164   1.0140   1.0122   1.0108
      inf   1.0995   1.0495   1.0328   1.0245   1.0195   1.0160   1.0135   1.0116   1.0101
      inf   1.1000   1.0499   1.0331   1.0247   1.0195   1.0161   1.0136   1.0117   1.0102
      inf   1.1000   1.0500   1.0333   1.0250   1.0200   1.0167   1.0143   1.0125   1.0111
      inf   1.1000   1.0497   1.0330   1.0246   1.0196   1.0162   1.0138   1.0119   1.0105
      inf   1.1000   1.0500   1.0333   1.0250   1.0199   1.0165   1.0140   1.0122   1.0108
      inf   1.0994   1.0494   1.0328   1.0244   1.0194   1.0161   1.0137   1.0119   1.0105
      inf   1.1000   1.0498   1.0330   1.0246   1.0195   1.0160   1.0136   1.0118   1.0103
      inf   1.0998   1.0496   1.0328   1.0243   1.0192   1.0158   1.0133   1.0114   1.0098
      inf   1.1000   1.0500   1.0333   1.0248   1.0198   1.0163   1.0138   1.0120   1.0105
      inf   1.1000   1.0500   1.0333   1.0250   1.0198   1.0163   1.0138   1.0119   1.0103
      inf   1.0998   1.0496   1.0329   1.0245   1.0194   1.0160   1.0136   1.0117   1.0103
      inf   1.1000   1.0500   1.0333   1.0250   1.0200   1.0167   1.0142   1.0124   1.0109
      inf   1.1000   1.0500   1.0332   1.0248   1.0197   1.0163   1.0138   1.0119   1.0104
      inf   1.1000   1.0500   1.0333   1.0250   1.0200   1.0166   1.0142   1.0123   1.0109
      inf   1.1000   1.0500   1.0333   1.0248   1.0196   1.0162   1.0137   1.0119   1.0104
      inf   1.1000   1.0500   1.0333   1.0250   1.0200   1.0167   1.0142   1.0123   1.0107
      inf   1.1000   1.0500   1.0332   1.0247   1.0197   1.0163   1.0137   1.0118   1.0103
      inf   1.1000   1.0500   1.0333   1.0250   1.0200   1.0167   1.0143   1.0125   1.0111
      inf   1.1000   1.0500   1.0332   1.0248   1.0197   1.0163   1.0139   1.0121   1.0107
      inf   1.1000   1.0500   1.0333   1.0250   1.0200   1.0167   1.0143   1.0125   1.0110
      inf   1.0996   1.0495   1.0325   1.0240   1.0188   1.0153   1.0128   1.0109   1.0094
      inf   1.1000   1.0499   1.0331   1.0247   1.0196   1.0163   1.0138   1.0120   1.0106
      inf   1.1000   1.0497   1.0327   1.0243   1.0192   1.0158   1.0134   1.0116   1.0102
      inf   1.1000   1.0498   1.0328   1.0243   1.0191   1.0155   1.0130   1.0111   1.0096
      inf   1.1000   1.0500   1.0333   1.0250   1.0200   1.0167   1.0143   1.0124   1.0110
        0        0        0        0        0        0        0        0        0        0
        0        0        0        0        0        0        0        0        0        0
        0        0        0        0        0        0        0        0        0        0
        0        0        0        0        0        0        0        0        0        0
        0        0        0        0        0        0        0        0        0        0
        0        0        0        0        0        0        0        0        0        0
        0        0        0        0        0        0        0        0        0        0
        0        0        0        0        0        0        0        0        0        0
        0        0        0        0        0        0        0        0        0        0
        0        0        0        0        0        0        0        0        0        0
        0        0        0        0        0        0        0        0        0        0
        0        0        0        0        0        0        0        0        0        0
        0        0        0        0        0        0        0        0        0        0
        0        0        0        0        0        0        0        0        0        0
        0        0        0        0        0        0        0        0        0        0
        0        0        0        0        0        0        0        0        0        0
        0        0        0        0        0        0        0        0        0        0
        0        0        0        0        0        0        0        0        0        0
        0        0        0        0        0        0        0        0        0        0
        0        0        0        0        0        0        0        0        0        0
        0        0        0        0        0        0        0        0        0        0
        0        0        0        0        0        0        0        0        0        0
        0        0        0        0        0        0        0        0        0        0
        0        0        0        0        0        0        0        0        0        0
        0        0        0        0        0        0        0        0        0        0
        0        0        0        0        0        0        0        0        0        0
        0        0        0        0        0        0        0        0        0        0
        0        0        0        0        0        0        0        0        0        0
        0        0        0        0        0        0        0        0        0        0
        0        0        0        0        0        0        0        0        0        0
        0        0        0        0        0        0        0        0        0        0
        0        0        0        0        0        0        0        0        0        0
        0        0        0        0        0        0        0        0        0        0
        0        0        0        0        0        0        0        0        0        0
        0        0        0        0        0        0        0        0        0        0
        0        0        0        0        0        0        0        0        0        0
        0        0        0        0        0        0        0        0        0        0
        0        0        0        0        0        0        0        0        0        0
        0        0        0        0        0        0        0        0        0        0
        0        0        0        0        0        0        0        0        0        0
        0        0        0        0        0        0        0        0        0        0
        0        0        0        0        0        0        0        0        0        0
        0        0        0        0        0        0        0        0        0        0
        0        0        0        0        0        0        0        0        0        0
        0        0        0        0        0        0        0        0        0        0
        0        0        0        0        0        0        0        0        0        0
        0        0        0        0        0        0        0        0        0        0
        0        0        0        0        0        0        0        0        0        0
        0        0        0        0        0        0        0        0        0        0
        0        0        0        0        0        0        0        0        0        0
        0        0        0        0        0        0        0        0        0        0
        0        0        0        0        0        0        0        0        0        0
        0        0        0        0        0        0        0        0        0        0
        0        0        0        0        0        0        0        0        0        0
        0        0        0        0        0        0        0        0        0        0
        0        0        0        0        0        0        0        0        0        0
        0        0        0        0        0        0        0        0        0        0
        0        0        0        0        0        0        0        0        0        0
        0        0        0        0        0        0        0        0        0        0
        0        0        0        0        0        0        0        0        0        0
        0        0        0        0        0        0        0        0        0        0
        0        0        0        0        0        0        0        0        0        0
        0        0        0        0        0        0        0        0        0        0
        0        0        0        0        0        0        0        0        0        0
        0        0        0        0        0        0        0        0        0        0
        0        0        0        0        0        0        0        0        0        0
        0        0        0        0        0        0        0        0        0        0
        0        0        0        0        0        0        0        0        0        0
        0        0        0        0        0        0        0        0        0        0
        0        0        0        0        0        0        0        0        0        0
        0        0        0        0        0        0        0        0        0        0
        0        0        0        0        0        0        0        0        0        0
        0        0        0        0        0        0        0        0        0        0
        0        0        0        0        0        0        0        0        0        0
        0        0        0        0        0        0        0        0        0        0
        0        0        0        0        0        0        0        0        0        0
        0        0        0        0        0        0        0        0        0        0
        0        0        0        0        0        0        0        0        0        0
        0        0        0        0        0        0        0        0        0        0
        0        0        0        0        0        0        0        0        0        0
        0        0        0        0        0        0        0        0        0        0
        0        0        0        0        0        0        0        0        0        0
        0        0        0        0        0        0        0        0        0        0
        0        0        0        0        0        0        0        0        0        0
        0        0        0        0        0        0        0        0        0        0
        0        0        0        0        0        0        0        0        0        0
        0        0        0        0        0        0        0        0        0        0
        0        0        0        0        0        0        0        0        0        0
        0        0        0        0        0        0        0        0        0        0
        0        0        0        0        0        0        0        0        0        0

          nan  -3.9600e+02  -1.8900e+02  -1.2392e+02  -9.2154e+01  -7.3346e+01  -6.0912e+01  -5.2082e+01  -4.5488e+01  -4.0376e+01
          nan  -3.9403e+02  -1.8804e+02  -1.2328e+02  -9.1659e+01  -7.2925e+01  -6.0547e+01  -5.1761e+01  -4.5201e+01  -4.0116e+01
          nan  -3.9144e+02  -1.8677e+02  -1.2252e+02  -9.1146e+01  -7.2559e+01  -6.0267e+01  -5.1535e+01  -4.5014e+01  -3.9957e+01
          nan  -3.9013e+02  -1.8620e+02  -1.2216e+02  -9.0882e+01  -7.2351e+01  -6.0095e+01  -5.1390e+01  -4.4883e+01  -3.9831e+01
          nan  -3.8820e+02  -1.8528e+02  -1.2156e+02  -9.0407e+01  -7.1945e+01  -5.9743e+01  -5.1078e+01  -4.4609e+01  -3.9593e+01
          nan  -3.8558e+02  -1.8399e+02  -1.2071e+02  -8.9796e+01  -7.1485e+01  -5.9345e+01  -5.0718e+01  -4.4280e+01  -3.9289e+01
          nan  -3.8438e+02  -1.8336e+02  -1.2023e+02  -8.9421e+01  -7.1150e+01  -5.9072e+01  -5.0494e+01  -4.4081e+01  -3.9113e+01
          nan  -3.8250e+02  -1.8255e+02  -1.1977e+02  -8.9104e+01  -7.0936e+01  -5.8920e+01  -5.0384e+01  -4.4009e+01  -3.9065e+01
          nan  -3.8062e+02  -1.8149e+02  -1.1902e+02  -8.8528e+01  -7.0468e+01  -5.8526e+01  -5.0035e+01  -4.3690e+01  -3.8773e+01
          nan  -3.7876e+02  -1.8077e+02  -1.1860e+02  -8.8220e+01  -7.0203e+01  -5.8295e+01  -4.9840e+01  -4.3527e+01  -3.8633e+01
          nan  -3.7608e+02  -1.7949e+02  -1.1776e+02  -8.7610e+01  -6.9746e+01  -5.7932e+01  -4.9539e+01  -4.3271e+01  -3.8406e+01
          nan  -3.7509e+02  -1.7890e+02  -1.1732e+02  -8.7244e+01  -6.9414e+01  -5.7633e+01  -4.9270e+01  -4.3026e+01  -3.8177e+01
          nan  -3.7297e+02  -1.7789e+02  -1.1664e+02  -8.6722e+01  -6.9014e+01  -5.7310e+01  -4.8985e+01  -4.2750e+01  -3.7916e+01
          nan  -3.7146e+02  -1.7729e+02  -1.1631e+02  -8.6481e+01  -6.8825e+01  -5.7139e+01  -4.8840e+01  -4.2645e+01  -3.7845e+01
          nan  -3.6967e+02  -1.7643e+02  -1.1576e+02  -8.6116e+01  -6.8504e+01  -5.6864e+01  -4.8596e+01  -4.2419e+01  -3.7631e+01
          nan  -3.6767e+02  -1.7534e+02  -1.1501e+02  -8.5548e+01  -6.8077e+01  -5.6524e+01  -4.8322e+01  -4.2199e+01  -3.7453e+01
          nan  -3.6612e+02  -1.7474e+02  -1.1464e+02  -8.5290e+01  -6.7899e+01  -5.6396e+01  -4.8211e+01  -4.2100e+01  -3.7364e+01
          nan  -3.6437e+02  -1.7390e+02  -1.1405e+02  -8.4807e+01  -6.7497e+01  -5.6042e+01  -4.7903e+01  -4.1828e+01  -3.7112e+01
          nan  -3.6263e+02  -1.7307e+02  -1.1355e+02  -8.4476e+01  -6.7251e+01  -5.5845e+01  -4.7741e+01  -4.1691e+01  -3.7002e+01
          nan  -3.6090e+02  -1.7225e+02  -1.1298e+02  -8.4013e+01  -6.6832e+01  -5.5483e+01  -4.7428e+01  -4.1415e+01  -3.6755e+01
          nan  -3.5918e+02  -1.7143e+02  -1.1247e+02  -8.3673e+01  -6.6612e+01  -5.5329e+01  -4.7307e+01  -4.1294e+01  -3.6634e+01
          nan  -3.5748e+02  -1.7062e+02  -1.1186e+02  -8.3190e+01  -6.6211e+01  -5.4985e+01  -4.6982e+01  -4.1013e+01  -3.6389e+01
          nan  -3.5579e+02  -1.6981e+02  -1.1141e+02  -8.2882e+01  -6.5982e+01  -5.4806e+01  -4.6866e+01  -4.0936e+01  -3.6330e+01
          nan  -3.5411e+02  -1.6901e+02  -1.1083e+02  -8.2418e+01  -6.5595e+01  -5.4474e+01  -4.6577e+01  -4.0679e+01  -3.6107e+01
          nan  -3.5244e+02  -1.6821e+02  -1.1036e+02  -8.2102e+01  -6.5361e+01  -5.4290e+01  -4.6425e+01  -4.0550e+01  -3.5987e+01
          nan  -3.5021e+02  -1.6708e+02  -1.0948e+02  -8.1380e+01  -6.4743e+01  -5.3738e+01  -4.5929e+01  -4.0101e+01  -3.5584e+01
          nan  -3.4914e+02  -1.6654e+02  -1.0921e+02  -8.1222e+01  -6.4649e+01  -5.3692e+01  -4.5910e+01  -4.0098e+01  -3.5592e+01
          nan  -3.4750e+02  -1.6564e+02  -1.0856e+02  -8.0722e+01  -6.4241e+01  -5.3348e+01  -4.5613e+01  -3.9836e+01  -3.5358e+01
          nan  -3.4588e+02  -1.6494e+02  -1.0809e+02  -8.0362e+01  -6.3913e+01  -5.3037e+01  -4.5323e+01  -3.9568e+01  -3.5109e+01
          nan  -3.4427e+02  -1.6431e+02  -1.0780e+02  -8.0200e+01  -6.3847e+01  -5.3032e+01  -4.5343e+01  -3.9595e+01  -3.5140e+01
            0            0            0            0            0            0            0            0            0            0
            0            0            0            0            0            0            0            0            0            0
            0            0            0            0            0            0            0            0            0            0
            0            0            0            0            0            0            0            0            0            0
            0            0            0            0            0            0            0            0            0            0
            0            0            0            0            0            0            0            0            0            0
            0            0            0            0            0            0            0            0            0            0
            0            0            0            0            0            0            0            0            0            0
            0            0            0            0            0            0            0            0            0            0
            0            0            0            0            0            0            0            0            0            0
            0            0            0            0            0            0            0            0            0            0
            0            0            0            0            0            0            0            0            0            0
            0            0            0            0            0            0            0            0            0            0
            0            0            0            0            0            0            0            0            0            0
            0            0            0            0            0            0            0            0            0            0
            0            0            0            0            0            0            0            0            0            0
            0            0            0            0            0            0            0            0            0            0
            0            0            0            0            0            0            0            0            0            0
            0            0            0            0            0            0            0            0            0            0
            0            0            0            0            0            0            0            0            0            0
            0            0            0            0            0            0            0            0            0            0
            0            0            0            0            0            0            0            0            0            0
            0            0            0            0            0            0            0            0            0            0
            0            0            0            0            0            0            0            0            0            0
            0            0            0            0            0            0            0            0            0            0
            0            0            0            0            0            0            0            0            0            0
            0            0            0            0            0            0            0            0            0            0
            0            0            0            0            0            0            0            0            0            0
            0            0            0            0            0            0            0            0            0            0
            0            0            0            0            0            0            0            0            0            0
            0            0            0            0            0            0            0            0            0            0
            0            0            0            0            0            0            0            0            0            0
            0            0            0            0            0            0            0            0            0            0
            0            0            0            0            0            0            0            0            0            0
            0            0            0            0            0            0            0            0            0            0
            0            0            0            0            0            0            0            0            0            0
            0            0            0            0            0            0            0            0            0            0
            0            0            0            0            0            0            0            0            0            0
            0            0            0            0            0            0            0            0            0            0
            0            0            0            0            0            0            0            0            0            0
            0            0            0            0            0            0            0            0            0            0
            0            0            0            0            0            0            0            0            0            0
            0            0            0            0            0            0            0            0            0            0
            0            0            0            0            0            0            0            0            0            0
            0            0            0            0            0            0            0            0            0            0
            0            0            0            0            0            0            0            0            0            0
            0            0            0            0            0            0            0            0            0            0
            0            0            0            0            0            0            0            0            0            0
            0            0            0            0            0            0            0            0            0            0
            0            0            0            0            0            0            0            0            0            0
            0            0            0            0            0            0            0            0            0            0
            0            0            0            0            0            0            0            0            0            0
            0            0            0            0            0            0            0            0            0            0
            0            0            0            0            0            0            0            0            0            0
            0            0            0            0            0            0            0            0            0            0
            0            0            0            0            0            0            0            0            0            0
            0            0            0            0            0            0            0            0            0            0
            0            0            0            0            0            0            0            0            0            0
            0            0            0            0            0            0            0            0            0            0
            0            0            0            0            0            0            0            0            0            0
            0            0            0            0            0            0            0            0            0            0
            0            0            0            0            0            0            0            0            0            0
            0            0            0            0            0            0            0            0            0            0
            0            0            0            0            0            0            0            0            0            0
            0            0            0            0            0            0            0            0            0            0
            0            0            0            0            0            0            0            0            0            0
            0            0            0            0            0            0            0            0            0            0
            0            0            0            0            0            0            0            0            0            0
            0            0            0            0            0            0            0            0            0            0
            0            0            0            0            0            0            0            0            0            0
            0            0            0            0            0            0            0            0            0            0
            0            0            0            0            0            0            0            0            0            0
            0            0            0            0            0            0            0            0            0            0
            0            0            0            0            0            0            0            0            0            0
            0            0            0            0            0            0            0            0            0            0
            0            0            0            0            0            0            0            0            0            0
            0            0            0            0            0            0            0            0            0            0
            0            0            0            0            0            0            0            0            0            0
            0            0            0            0            0            0            0            0            0            0
            0            0            0            0            0            0            0            0            0            0
            0            0            0            0            0            0            0            0            0            0
            0            0            0            0            0            0            0            0            0            0
            0            0            0            0            0            0            0            0            0            0
            0            0            0            0            0            0            0            0            0            0
            0            0            0            0            0            0            0            0            0            0
            0            0            0            0            0            0            0            0            0            0
            0            0            0            0            0            0            0            0            0            0
            0            0            0            0            0            0            0            0            0            0
            0            0            0            0            0            0            0            0            0            0
            0            0            0            0            0            0            0            0            0            0

          nan  -1.9800e+02  -9.4500e+01  -6.1980e+01  -4.6101e+01  -3.6697e+01  -3.0478e+01  -2.6062e+01  -2.2763e+01  -2.0205e+01
          nan  -1.9751e+02  -9.4259e+01  -6.1821e+01  -4.5977e+01  -3.6591e+01  -3.0387e+01  -2.5981e+01  -2.2691e+01  -2.0140e+01
          nan  -1.9686e+02  -9.3940e+01  -6.1630e+01  -4.5848e+01  -3.6499e+01  -3.0316e+01  -2.5924e+01  -2.2644e+01  -2.0100e+01
          nan  -1.9653e+02  -9.3797e+01  -6.1538e+01  -4.5782e+01  -3.6447e+01  -3.0273e+01  -2.5887e+01  -2.2611e+01  -2.0068e+01
          nan  -1.9604e+02  -9.3564e+01  -6.1386e+01  -4.5662e+01  -3.6344e+01  -3.0184e+01  -2.5809e+01  -2.2542e+01  -2.0008e+01
          nan  -1.9538e+02  -9.3239e+01  -6.1171e+01  -4.5507e+01  -3.6228e+01  -3.0084e+01  -2.5718e+01  -2.2459e+01  -1.9932e+01
          nan  -1.9507e+02  -9.3079e+01  -6.1051e+01  -4.5412e+01  -3.6143e+01  -3.0014e+01  -2.5661e+01  -2.2408e+01  -1.9887e+01
          nan  -1.9459e+02  -9.2875e+01  -6.0934e+01  -4.5332e+01  -3.6088e+01  -2.9975e+01  -2.5633e+01  -2.2389e+01  -1.9874e+01
          nan  -1.9412e+02  -9.2603e+01  -6.0743e+01  -4.5185e+01  -3.5969e+01  -2.9875e+01  -2.5544e+01  -2.2308e+01  -1.9800e+01
          nan  -1.9364e+02  -9.2421e+01  -6.0636e+01  -4.5106e+01  -3.5902e+01  -2.9816e+01  -2.5494e+01  -2.2267e+01  -1.9764e+01
          nan  -1.9296e+02  -9.2093e+01  -6.0421e+01  -4.4950e+01  -3.5785e+01  -2.9723e+01  -2.5417e+01  -2.2201e+01  -1.9706e+01
          nan  -1.9270e+02  -9.1941e+01  -6.0306e+01  -4.4856e+01  -3.5700e+01  -2.9647e+01  -2.5348e+01  -2.2138e+01  -1.9648e+01
          nan  -1.9216e+02  -9.1679e+01  -6.0131e+01  -4.4722e+01  -3.5597e+01  -2.9563e+01  -2.5275e+01  -2.2068e+01  -1.9581e+01
          nan  -1.9177e+02  -9.1525e+01  -6.0046e+01  -4.4660e+01  -3.5548e+01  -2.9519e+01  -2.5237e+01  -2.2040e+01  -1.9562e+01
          nan  -1.9130e+02  -9.1304e+01  -5.9903e+01  -4.4565e+01  -3.5465e+01  -2.9448e+01  -2.5175e+01  -2.1982e+01  -1.9507e+01
          nan  -1.9079e+02  -9.1022e+01  -5.9710e+01  -4.4418e+01  -3.5354e+01  -2.9360e+01  -2.5103e+01  -2.1924e+01  -1.9460e+01
          nan  -1.9038e+02  -9.0865e+01  -5.9615e+01  -4.4351e+01  -3.5308e+01  -2.9326e+01  -2.5074e+01  -2.1899e+01  -1.9437e+01
          nan  -1.8993e+02  -9.0647e+01  -5.9460e+01  -4.4225e+01  -3.5203e+01  -2.9235e+01  -2.4994e+01  -2.1828e+01  -1.9372e+01
          nan  -1.8947e+02  -9.0431e+01  -5.9330e+01  -4.4139e+01  -3.5139e+01  -2.9183e+01  -2.4952e+01  -2.1792e+01  -1.9343e+01
          nan  -1.8902e+02  -9.0215e+01  -5.9182e+01  -4.4018e+01  -3.5029e+01  -2.9088e+01  -2.4870e+01  -2.1720e+01  -1.9278e+01
          nan  -1.8857e+02  -9.0000e+01  -5.9048e+01  -4.3929e+01  -3.4971e+01  -2.9048e+01  -2.4838e+01  -2.1686e+01  -1.9244e+01
          nan  -1.8812e+02  -8.9786e+01  -5.8888e+01  -4.3802e+01  -3.4866e+01  -2.8957e+01  -2.4753e+01  -2.1615e+01  -1.9182e+01
          nan  -1.8768e+02  -8.9573e+01  -5.8768e+01  -4.3720e+01  -3.4806e+01  -2.8910e+01  -2.4722e+01  -2.1594e+01  -1.9166e+01
          nan  -1.8723e+02  -8.9362e+01  -5.8616e+01  -4.3598e+01  -3.4704e+01  -2.8823e+01  -2.4646e+01  -2.1526e+01  -1.9107e+01
          nan  -1.8679e+02  -8.9151e+01  -5.8491e+01  -4.3514e+01  -3.4642e+01  -2.8774e+01  -2.4605e+01  -2.1492e+01  -1.9075e+01
          nan  -1.8620e+02  -8.8852e+01  -5.8258e+01  -4.3323e+01  -3.4478e+01  -2.8628e+01  -2.4474e+01  -2.1373e+01  -1.8969e+01
          nan  -1.8592e+02  -8.8709e+01  -5.8185e+01  -4.3280e+01  -3.4452e+01  -2.8615e+01  -2.4469e+01  -2.1372e+01  -1.8971e+01
          nan  -1.8548e+02  -8.8468e+01  -5.8013e+01  -4.3147e+01  -3.4344e+01  -2.8523e+01  -2.4389e+01  -2.1302e+01  -1.8908e+01
          nan  -1.8505e+02  -8.8280e+01  -5.7885e+01  -4.3051e+01  -3.4256e+01  -2.8441e+01  -2.4313e+01  -2.1231e+01  -1.8842e+01
          nan  -1.8462e+02  -8.8112e+01  -5.7809e+01  -4.3007e+01  -3.4238e+01  -2.8438e+01  -2.4317e+01  -2.1237e+01  -1.8850e+01
            0            0            0            0            0            0            0            0            0            0
            0            0            0            0            0            0            0            0            0            0
            0            0            0            0            0            0            0            0            0            0
            0            0            0            0            0            0            0            0            0            0
            0            0            0            0            0            0            0            0            0            0
            0            0            0            0            0            0            0            0            0            0
            0            0            0            0            0            0            0            0            0            0
            0            0            0            0            0            0            0            0            0            0
            0            0            0            0            0            0            0            0            0            0
            0            0            0            0            0            0            0            0            0            0
            0            0            0            0            0            0            0            0            0            0
            0            0            0            0            0            0            0            0            0            0
            0            0            0            0            0            0            0            0            0            0
            0            0            0            0            0            0            0            0            0            0
            0            0            0            0            0            0            0            0            0            0
            0            0            0            0            0            0            0            0            0            0
            0            0            0            0            0            0            0            0            0            0
            0            0            0            0            0            0            0            0            0            0
            0            0            0            0            0            0            0            0            0            0
            0            0            0            0            0            0            0            0            0            0
            0            0            0            0            0            0            0            0            0            0
            0            0            0            0            0            0            0            0            0            0
            0            0            0            0            0            0            0            0            0            0
            0            0            0            0            0            0            0            0            0            0
            0            0            0            0            0            0            0            0            0            0
            0            0            0            0            0            0            0            0            0            0
            0            0            0            0            0            0            0            0            0            0
            0            0            0            0            0            0            0            0            0            0
            0            0            0            0            0            0            0            0            0            0
            0            0            0            0            0            0            0            0            0            0
            0            0            0            0            0            0            0            0            0            0
            0            0            0            0            0            0            0            0            0            0
            0            0            0            0            0            0            0            0            0            0
            0            0            0            0            0            0            0            0            0            0
            0            0            0            0            0            0            0            0            0            0
            0            0            0            0            0            0            0            0            0            0
            0            0            0            0            0            0            0            0            0            0
            0            0            0            0            0            0            0            0            0            0
            0            0            0            0            0            0            0            0            0            0
            0            0            0            0            0            0            0            0            0            0
            0            0            0            0            0            0            0            0            0            0
            0            0            0            0            0            0            0            0            0            0
            0            0            0            0            0            0            0            0            0            0
            0            0            0            0            0            0            0            0            0            0
            0            0            0            0            0            0            0            0            0            0
            0            0            0            0            0            0            0            0            0            0
            0            0            0            0            0            0            0            0            0            0
            0            0            0            0            0            0            0            0            0            0
            0            0            0            0            0            0            0            0            0            0
            0            0            0            0            0            0            0            0            0            0
            0            0            0            0            0            0            0            0            0            0
            0            0            0            0            0            0            0            0            0            0
            0            0            0            0            0            0            0            0            0            0
            0            0            0            0            0            0            0            0            0            0
            0            0            0            0            0            0            0            0            0            0
            0            0            0            0            0            0            0            0            0            0
            0            0            0            0            0            0            0            0            0            0
            0            0            0            0            0            0            0            0            0            0
            0            0            0            0            0            0            0            0            0            0
            0            0            0            0            0            0            0            0            0            0
            0            0            0            0            0            0            0            0            0            0
            0            0            0            0            0            0            0            0            0            0
            0            0            0            0            0            0            0            0            0            0
            0            0            0            0            0            0            0            0            0            0
            0            0            0            0            0            0            0            0            0            0
            0            0            0            0            0            0            0            0            0            0
            0            0            0            0            0            0            0            0            0            0
            0            0            0            0            0            0            0            0            0            0
            0            0            0            0            0            0            0            0            0            0
            0            0            0            0            0            0            0            0            0            0
            0            0            0            0            0            0            0            0            0            0
            0            0            0            0            0            0            0            0            0            0
            0            0            0            0            0            0            0            0            0            0
            0            0            0            0            0            0            0            0            0            0
            0            0            0            0            0            0            0            0            0            0
            0            0            0            0            0            0            0            0            0            0
            0            0            0            0            0            0            0            0            0            0
            0            0            0            0            0            0            0            0            0            0
            0            0            0            0            0            0            0            0            0            0
            0            0            0            0            0            0            0            0            0            0
            0            0            0            0            0            0            0            0            0            0
            0            0            0            0            0            0            0            0            0            0
            0            0            0            0            0            0            0            0            0            0
            0            0            0            0            0            0            0            0            0            0
            0            0            0            0            0            0            0            0            0            0
            0            0            0            0            0            0            0            0            0            0
            0            0            0            0            0            0            0            0            0            0
            0            0            0            0            0            0            0            0            0            0
            0            0            0            0            0            0            0            0            0            0
            0            0            0            0            0            0            0            0            0            0

          nan  -1.9800e+02  -9.4500e+01  -6.1980e+01  -4.6101e+01  -3.6697e+01  -3.0478e+01  -2.6062e+01  -2.2763e+01  -2.0205e+01
          nan  -1.9751e+02  -9.4259e+01  -6.1821e+01  -4.5977e+01  -3.6591e+01  -3.0387e+01  -2.5981e+01  -2.2691e+01  -2.0140e+01
          nan  -1.9686e+02  -9.3940e+01  -6.1630e+01  -4.5848e+01  -3.6499e+01  -3.0316e+01  -2.5924e+01  -2.2644e+01  -2.0100e+01
          nan  -1.9653e+02  -9.3797e+01  -6.1538e+01  -4.5782e+01  -3.6447e+01  -3.0273e+01  -2.5887e+01  -2.2611e+01  -2.0068e+01
          nan  -1.9604e+02  -9.3564e+01  -6.1386e+01  -4.5662e+01  -3.6344e+01  -3.0184e+01  -2.5809e+01  -2.2542e+01  -2.0008e+01
          nan  -1.9538e+02  -9.3239e+01  -6.1171e+01  -4.5507e+01  -3.6228e+01  -3.0084e+01  -2.5718e+01  -2.2459e+01  -1.9932e+01
          nan  -1.9507e+02  -9.3079e+01  -6.1051e+01  -4.5412e+01  -3.6143e+01  -3.0014e+01  -2.5661e+01  -2.2408e+01  -1.9887e+01
          nan  -1.9459e+02  -9.2875e+01  -6.0934e+01  -4.5332e+01  -3.6088e+01  -2.9975e+01  -2.5633e+01  -2.2389e+01  -1.9874e+01
          nan  -1.9412e+02  -9.2603e+01  -6.0743e+01  -4.5185e+01  -3.5969e+01  -2.9875e+01  -2.5544e+01  -2.2308e+01  -1.9800e+01
          nan  -1.9364e+02  -9.2421e+01  -6.0636e+01  -4.5106e+01  -3.5902e+01  -2.9816e+01  -2.5494e+01  -2.2267e+01  -1.9764e+01
          nan  -1.9296e+02  -9.2093e+01  -6.0421e+01  -4.4950e+01  -3.5785e+01  -2.9723e+01  -2.5417e+01  -2.2201e+01  -1.9706e+01
          nan  -1.9270e+02  -9.1941e+01  -6.0306e+01  -4.4856e+01  -3.5700e+01  -2.9647e+01  -2.5348e+01  -2.2138e+01  -1.9648e+01
          nan  -1.9216e+02  -9.1679e+01  -6.0131e+01  -4.4722e+01  -3.5597e+01  -2.9563e+01  -2.5275e+01  -2.2068e+01  -1.9581e+01
          nan  -1.9177e+02  -9.1525e+01  -6.0046e+01  -4.4660e+01  -3.5548e+01  -2.9519e+01  -2.5237e+01  -2.2040e+01  -1.9562e+01
          nan  -1.9130e+02  -9.1304e+01  -5.9903e+01  -4.4565e+01  -3.5465e+01  -2.9448e+01  -2.5175e+01  -2.1982e+01  -1.9507e+01
          nan  -1.9079e+02  -9.1022e+01  -5.9710e+01  -4.4418e+01  -3.5354e+01  -2.9360e+01  -2.5103e+01  -2.1924e+01  -1.9460e+01
          nan  -1.9038e+02  -9.0865e+01  -5.9615e+01  -4.4351e+01  -3.5308e+01  -2.9326e+01  -2.5074e+01  -2.1899e+01  -1.9437e+01
          nan  -1.8993e+02  -9.0647e+01  -5.9460e+01  -4.4225e+01  -3.5203e+01  -2.9235e+01  -2.4994e+01  -2.1828e+01  -1.9372e+01
          nan  -1.8947e+02  -9.0431e+01  -5.9330e+01  -4.4139e+01  -3.5139e+01  -2.9183e+01  -2.4952e+01  -2.1792e+01  -1.9343e+01
          nan  -1.8902e+02  -9.0215e+01  -5.9182e+01  -4.4018e+01  -3.5029e+01  -2.9088e+01  -2.4870e+01  -2.1720e+01  -1.9278e+01
          nan  -1.8857e+02  -9.0000e+01  -5.9048e+01  -4.3929e+01  -3.4971e+01  -2.9048e+01  -2.4838e+01  -2.1686e+01  -1.9244e+01
          nan  -1.8812e+02  -8.9786e+01  -5.8888e+01  -4.3802e+01  -3.4866e+01  -2.8957e+01  -2.4753e+01  -2.1615e+01  -1.9182e+01
          nan  -1.8768e+02  -8.9573e+01  -5.8768e+01  -4.3720e+01  -3.4806e+01  -2.8910e+01  -2.4722e+01  -2.1594e+01  -1.9166e+01
          nan  -1.8723e+02  -8.9362e+01  -5.8616e+01  -4.3598e+01  -3.4704e+01  -2.8823e+01  -2.4646e+01  -2.1526e+01  -1.9107e+01
          nan  -1.8679e+02  -8.9151e+01  -5.8491e+01  -4.3514e+01  -3.4642e+01  -2.8774e+01  -2.4605e+01  -2.1492e+01  -1.9075e+01
          nan  -1.8620e+02  -8.8852e+01  -5.8258e+01  -4.3323e+01  -3.4478e+01  -2.8628e+01  -2.4474e+01  -2.1373e+01  -1.8969e+01
          nan  -1.8592e+02  -8.8709e+01  -5.8185e+01  -4.3280e+01  -3.4452e+01  -2.8615e+01  -2.4469e+01  -2.1372e+01  -1.8971e+01
          nan  -1.8548e+02  -8.8468e+01  -5.8013e+01  -4.3147e+01  -3.4344e+01  -2.8523e+01  -2.4389e+01  -2.1302e+01  -1.8908e+01
          nan  -1.8505e+02  -8.8280e+01  -5.7885e+01  -4.3051e+01  -3.4256e+01  -2.8441e+01  -2.4313e+01  -2.1231e+01  -1.8842e+01
          nan  -1.8462e+02  -8.8112e+01  -5.7809e+01  -4.3007e+01  -3.4238e+01  -2.8438e+01  -2.4317e+01  -2.1237e+01  -1.8850e+01
            0            0            0            0            0            0            0            0            0            0
            0            0            0            0            0            0            0            0            0            0
            0            0            0            0            0            0            0            0            0            0
            0            0            0            0            0            0            0            0            0            0
            0            0            0            0            0            0            0            0            0            0
            0            0            0            0            0            0            0            0            0            0
            0            0            0            0            0            0            0            0            0            0
            0            0            0            0            0            0            0            0            0            0
            0            0            0            0            0            0            0            0            0            0
            0            0            0            0            0            0            0            0            0            0
            0            0            0            0            0            0            0            0            0            0
            0            0            0            0            0            0            0            0            0            0
            0            0            0            0            0            0            0            0            0            0
            0            0            0            0            0            0            0            0            0            0
            0            0            0            0            0            0            0            0            0            0
            0            0            0            0            0            0            0            0            0            0
            0            0            0            0            0            0            0            0            0            0
            0            0            0            0            0            0            0            0            0            0
            0            0            0            0            0            0            0            0            0            0
            0            0            0            0            0            0            0            0            0            0
            0            0            0            0            0            0            0            0            0            0
            0            0            0            0            0            0            0            0            0            0
            0            0            0            0            0            0            0            0            0            0
            0            0            0            0            0            0            0            0            0            0
            0            0            0            0            0            0            0            0            0            0
            0            0            0            0            0            0            0            0            0            0
            0            0            0            0            0            0            0            0            0            0
            0            0            0            0            0            0            0            0            0            0
            0            0            0            0            0            0            0            0            0            0
            0            0            0            0            0            0            0            0            0            0
            0            0            0            0            0            0            0            0            0            0
            0            0            0            0            0            0            0            0            0            0
            0            0            0            0            0            0            0            0            0            0
            0            0            0            0            0            0            0            0            0            0
            0            0            0            0            0            0            0            0            0            0
            0            0            0            0            0            0            0            0            0            0
            0            0            0            0            0            0            0            0            0            0
            0            0            0            0            0            0            0            0            0            0
            0            0            0            0            0            0            0            0            0            0
            0            0            0            0            0            0            0            0            0            0
            0            0            0            0            0            0            0            0            0            0
            0            0            0            0            0            0            0            0            0            0
            0            0            0            0            0            0            0            0            0            0
            0            0            0            0            0            0            0            0            0            0
            0            0            0            0            0            0            0            0            0            0
            0            0            0            0            0            0            0            0            0            0
            0            0            0            0            0            0            0            0            0            0
            0            0            0            0            0            0            0            0            0            0
            0            0            0            0            0            0            0            0            0            0
            0            0            0            0            0            0            0            0            0            0
            0            0            0            0            0            0            0            0            0            0
            0            0            0            0            0            0            0            0            0            0
            0            0            0            0            0            0            0            0            0            0
            0            0            0            0            0            0            0            0            0            0
            0            0            0            0            0            0            0            0            0            0
            0            0            0            0            0            0            0            0            0            0
            0            0            0            0            0            0            0            0            0            0
            0            0            0            0            0            0            0            0            0            0
            0            0            0            0            0            0            0            0            0            0
            0            0            0            0            0            0            0            0            0            0
            0            0            0            0            0            0            0            0            0            0
            0            0            0            0            0            0            0            0            0            0
            0            0            0            0            0            0            0            0            0            0
            0            0            0            0            0            0            0            0            0            0
            0            0            0            0            0            0            0            0            0            0
            0            0            0            0            0            0            0            0            0            0
            0            0            0            0            0            0            0            0            0            0
            0            0            0            0            0            0            0            0            0            0
            0            0            0            0            0            0            0            0            0            0
            0            0            0            0            0            0            0            0            0            0
            0            0            0            0            0            0            0            0            0            0
            0            0            0            0            0            0            0            0            0            0
            0            0            0            0            0            0            0            0            0            0
            0            0            0            0            0            0            0            0            0            0
            0            0            0            0            0            0            0            0            0            0
            0            0            0            0            0            0            0            0            0            0
            0            0            0            0            0            0            0            0            0            0
            0            0            0            0            0            0            0            0            0            0
            0            0            0            0            0            0            0            0            0            0
            0            0            0            0            0            0            0            0            0            0
            0            0            0            0            0            0            0            0            0            0
            0            0            0            0            0            0            0            0            0            0
            0            0            0            0            0            0            0            0            0            0
            0            0            0            0            0            0            0            0            0            0
            0            0            0            0            0            0            0            0            0            0
            0            0            0            0            0            0            0            0            0            0
            0            0            0            0            0            0            0            0            0            0
            0            0            0            0            0            0            0            0            0            0
            0            0            0            0            0            0            0            0            0            0
            0            0            0            0            0            0            0            0            0            0

      nan        0        0   0.0333   0.0250   0.0200   0.0167   0.0143   0.0125   0.0111
      nan        0   0.0500   0.0333   0.0500   0.0400   0.0333   0.0286   0.0250   0.0222
      nan   0.1000   0.0500   0.0333   0.0250   0.0200   0.0167   0.0143   0.0125   0.0111
      nan        0        0        0        0        0        0        0   0.0125   0.0111
      nan        0        0        0   0.0250   0.0200   0.0167   0.0143   0.0125   0.0111
      nan   0.1000   0.0500   0.0333   0.0250   0.0200   0.0500   0.0429   0.0375   0.0444
      nan        0   0.0500   0.0333   0.0250   0.0400   0.0333   0.0429   0.0375   0.0333
      nan        0        0        0        0        0        0        0        0        0
      nan        0   0.0500   0.0333   0.0250   0.0200   0.0167   0.0286   0.0250   0.0222
      nan        0        0        0   0.0250   0.0200   0.0167   0.0143   0.0125   0.0111
      inf   0.1000   0.0500   0.0333   0.0250   0.0200   0.0167   0.0143   0.0125   0.0222
      nan        0   0.0500   0.0333   0.0500   0.0400   0.0333   0.0286   0.0250   0.0333
      nan   0.1000   0.0500   0.0667   0.0500   0.0400   0.0333   0.0429   0.0625   0.0556
      nan        0        0   0.0333   0.0250   0.0200   0.0333   0.0286   0.0250   0.0222
      nan        0        0        0        0   0.0400   0.0333   0.0429   0.0375   0.0444
      nan   0.1000   0.0500   0.0333   0.0250   0.0400   0.0333   0.0286   0.0250   0.0222
      nan        0        0        0        0        0   0.0167   0.0143   0.0125   0.0111
      nan        0        0   0.0333   0.0250   0.0200   0.0333   0.0286   0.0250   0.0333
      nan        0        0        0        0        0   0.0167   0.0143   0.0125   0.0111
      nan        0        0   0.0333   0.0250   0.0400   0.0333   0.0286   0.0250   0.0222
      nan        0        0        0        0        0        0   0.0286   0.0375   0.0333
      nan        0        0   0.0333   0.0250   0.0200   0.0333   0.0429   0.0375   0.0333
      nan        0        0        0        0        0        0        0        0   0.0111
      nan        0        0   0.0333   0.0250   0.0200   0.0167   0.0143   0.0125   0.0111
      nan        0        0        0        0        0        0        0        0   0.0222
      nan   0.1000   0.1000   0.1000   0.0750   0.0800   0.0667   0.0571   0.0500   0.0556
      nan        0   0.0500   0.0333   0.0250   0.0200   0.0167   0.0143   0.0125   0.0111
      nan        0   0.1000   0.0667   0.0500   0.0400   0.0333   0.0286   0.0250   0.0222
      nan        0   0.1000   0.0667   0.0500   0.0800   0.0667   0.0571   0.0500   0.0444
      nan        0        0        0        0        0        0   0.0143   0.0125   0.0111
        0        0        0        0        0        0        0        0        0        0
        0        0        0        0        0        0        0        0        0        0
        0        0        0        0        0        0        0        0        0        0
        0        0        0        0        0        0        0        0        0        0
        0        0        0        0        0        0        0        0        0        0
        0        0        0        0        0        0        0        0        0        0
        0        0        0        0        0        0        0        0        0        0
        0        0        0        0        0        0        0        0        0        0
        0        0        0        0        0        0        0        0        0        0
        0        0        0        0        0        0        0        0        0        0
        0        0        0        0        0        0        0        0        0        0
        0        0        0        0        0        0        0        0        0        0
        0        0        0        0        0        0        0        0        0        0
        0        0        0        0        0        0        0        0        0        0
        0        0        0        0        0        0        0        0        0        0
        0        0        0        0        0        0        0        0        0        0
        0        0        0        0        0        0        0        0        0        0
        0        0        0        0        0        0        0        0        0        0
        0        0        0        0        0        0        0        0        0        0
        0        0        0        0        0        0        0        0        0        0
        0        0        0        0        0        0        0        0        0        0
        0        0        0        0        0        0        0        0        0        0
        0        0        0        0        0        0        0        0        0        0
        0        0        0        0        0        0        0        0        0        0
        0        0        0        0        0        0        0        0        0        0
        0        0        0        0        0        0        0        0        0        0
        0        0        0        0        0        0        0        0        0        0
        0        0        0        0        0        0        0        0        0        0
        0        0        0        0        0        0        0        0        0        0
        0        0        0        0        0        0        0        0        0        0
        0        0        0        0        0        0        0        0        0        0
        0        0        0        0        0        0        0        0        0        0
        0        0        0        0        0        0        0        0        0        0
        0        0        0        0        0        0        0        0        0        0
        0        0        0        0        0        0        0        0        0        0
        0        0        0        0        0        0        0        0        0        0
        0        0        0        0        0        0        0        0        0        0
        0        0        0        0        0        0        0        0        0        0
        0        0        0        0        0        0        0        0        0        0
        0        0        0        0        0        0        0        0        0        0
        0        0        0        0        0        0        0        0        0        0
        0        0        0        0        0        0        0        0        0        0
        0        0        0        0        0        0        0        0        0        0
        0        0        0        0        0        0        0        0        0        0
        0        0        0        0        0        0        0        0        0        0
        0        0        0        0        0        0        0        0        0        0
        0        0        0        0        0        0        0        0        0        0
        0        0        0        0        0        0        0        0        0        0
        0        0        0        0        0        0        0        0        0        0
        0        0        0        0        0        0        0        0        0        0
        0        0        0        0        0        0        0        0        0        0
        0        0        0        0        0        0        0        0        0        0
        0        0        0        0        0        0        0        0        0        0
        0        0        0        0        0        0        0        0        0        0
        0        0        0        0        0        0        0        0        0        0
        0        0        0        0        0        0        0        0        0        0
        0        0        0        0        0        0        0        0        0        0
        0        0        0        0        0        0        0        0        0        0
        0        0        0        0        0        0        0        0        0        0
        0        0        0        0        0        0        0        0        0        0
        0        0        0        0        0        0        0        0        0        0
        0        0        0        0        0        0        0        0        0        0
        0        0        0        0        0        0        0        0        0        0
        0        0        0        0        0        0        0        0        0        0
        0        0        0        0        0        0        0        0        0        0
        0        0        0        0        0        0        0        0        0        0
        0        0        0        0        0        0        0        0        0        0
        0        0        0        0        0        0        0        0        0        0
        0        0        0        0        0        0        0        0        0        0
        0        0        0        0        0        0        0        0        0        0
        0        0        0        0        0        0        0        0        0        0
        0        0        0        0        0        0        0        0        0        0
        0        0        0        0        0        0        0        0        0        0
        0        0        0        0        0        0        0        0        0        0
        0        0        0        0        0        0        0        0        0        0
        0        0        0        0        0        0        0        0        0        0
        0        0        0        0        0        0        0        0        0        0
        0        0        0        0        0        0        0        0        0        0
        0        0        0        0        0        0        0        0        0        0
        0        0        0        0        0        0        0        0        0        0
        0        0        0        0        0        0        0        0        0        0
        0        0        0        0        0        0        0        0        0        0
        0        0        0        0        0        0        0        0        0        0
        0        0        0        0        0        0        0        0        0        0
        0        0        0        0        0        0        0        0        0        0
        0        0        0        0        0        0        0        0        0        0
        0        0        0        0        0        0        0        0        0        0
        0        0        0        0        0        0        0        0        0        0
        0        0        0        0        0        0        0        0        0        0
        0        0        0        0        0        0        0        0        0        0

