   2.0000
   2.0050
   2.0100
   2.0150
   2.0200
   2.0250
   2.0300
   2.0350
   2.0400
   2.0450
   2.0500
   2.0550
   2.0600
   2.0650
   2.0700
   2.0750
   2.0800
   2.0850
   2.0900
   2.0950
   2.1000
   2.1050
   2.1100
   2.1150
   2.1200
   2.1250
   2.1300
   2.1350
   2.1400
   2.1450
   2.1500
   2.1550
   2.1600
   2.1650
   2.1700
   2.1750
   2.1800
   2.1850
   2.1900
   2.1950
   2.2000
   2.2050
   2.2100
   2.2150
   2.2200
   2.2250
   2.2300
   2.2350
   2.2400
   2.2450
   2.2500
   2.2550
   2.2600
   2.2650
   2.2700
   2.2750
   2.2800
   2.2850
   2.2900
   2.2950
   2.3000
   2.3050
   2.3100
   2.3150
   2.3200
   2.3250
   2.3300
   2.3350
   2.3400
   2.3450
   2.3500
   2.3550
   2.3600
   2.3650
   2.3700
   2.3750
   2.3800
   2.3850
   2.3900
   2.3950
   2.4000
   2.4050
   2.4100
   2.4150
   2.4200
   2.4250
   2.4300
   2.4350
   2.4400
   2.4450
   2.4500
   2.4550
   2.4600
   2.4650
   2.4700
   2.4750
   2.4800
   2.4850
   2.4900
   2.4950
   2.5000
   2.5050
   2.5100
   2.5150
   2.5200
   2.5250
   2.5300
   2.5350
   2.5400
   2.5450
   2.5500
   2.5550
   2.5600
   2.5650
   2.5700
   2.5750
   2.5800
   2.5850
   2.5900
   2.5950

  -1.7457  -1.7456  -1.7455  -1.7455  -1.7454  -1.7455  -1.7454  -1.7454  -1.7454  -1.7454
  -1.7420  -1.7419  -1.7419  -1.7418  -1.7420  -1.7418  -1.7419  -1.7418  -1.7418  -1.7419
  -1.7374  -1.7380  -1.7379  -1.7380  -1.7380  -1.7381  -1.7382  -1.7381  -1.7381  -1.7381
  -1.7345  -1.7344  -1.7344  -1.7346  -1.7345  -1.7346  -1.7346  -1.7345  -1.7345  -1.7345
  -1.7313  -1.7309  -1.7309  -1.7310  -1.7308  -1.7308  -1.7308  -1.7308  -1.7308  -1.7308
  -1.7273  -1.7267  -1.7267  -1.7268  -1.7269  -1.7270  -1.7268  -1.7269  -1.7268  -1.7268
  -1.7227  -1.7231  -1.7233  -1.7230  -1.7230  -1.7230  -1.7230  -1.7230  -1.7231  -1.7231
  -1.7185  -1.7184  -1.7188  -1.7188  -1.7188  -1.7188  -1.7190  -1.7189  -1.7189  -1.7189
  -1.7148  -1.7149  -1.7150  -1.7152  -1.7151  -1.7150  -1.7151  -1.7150  -1.7150  -1.7150
  -1.7112  -1.7111  -1.7110  -1.7111  -1.7109  -1.7109  -1.7110  -1.7109  -1.7110  -1.7109
  -1.7072  -1.7069  -1.7068  -1.7067  -1.7068  -1.7069  -1.7068  -1.7068  -1.7068  -1.7068
  -1.7023  -1.7026  -1.7029  -1.7028  -1.7028  -1.7027  -1.7027  -1.7026  -1.7026  -1.7027
  -1.6987  -1.6987  -1.6988  -1.6985  -1.6984  -1.6983  -1.6983  -1.6984  -1.6984  -1.6984
  -1.6938  -1.6934  -1.6934  -1.6937  -1.6939  -1.6939  -1.6940  -1.6940  -1.6939  -1.6939
  -1.6894  -1.6899  -1.6898  -1.6899  -1.6896  -1.6896  -1.6894  -1.6895  -1.6896  -1.6896
  -1.6860  -1.6852  -1.6851  -1.6848  -1.6848  -1.6851  -1.6851  -1.6851  -1.6851  -1.6851
  -1.6792  -1.6799  -1.6805  -1.6805  -1.6807  -1.6807  -1.6806  -1.6805  -1.6804  -1.6806
  -1.6765  -1.6765  -1.6764  -1.6761  -1.6760  -1.6758  -1.6760  -1.6761  -1.6761  -1.6761
  -1.6710  -1.6711  -1.6708  -1.6713  -1.6714  -1.6715  -1.6716  -1.6715  -1.6715  -1.6713
  -1.6673  -1.6672  -1.6672  -1.6673  -1.6671  -1.6671  -1.6668  -1.6669  -1.6670  -1.6669
  -1.6633  -1.6622  -1.6622  -1.6618  -1.6618  -1.6619  -1.6619  -1.6620  -1.6620  -1.6620
  -1.6563  -1.6565  -1.6570  -1.6572  -1.6573  -1.6573  -1.6570  -1.6572  -1.6570  -1.6571
  -1.6532  -1.6528  -1.6526  -1.6522  -1.6525  -1.6524  -1.6524  -1.6525  -1.6526  -1.6525
  -1.6462  -1.6468  -1.6470  -1.6471  -1.6475  -1.6475  -1.6474  -1.6473  -1.6474  -1.6473
  -1.6441  -1.6439  -1.6437  -1.6434  -1.6432  -1.6431  -1.6428  -1.6428  -1.6429  -1.6429
  -1.6382  -1.6373  -1.6371  -1.6369  -1.6369  -1.6371  -1.6371  -1.6373  -1.6372  -1.6371
  -1.6316  -1.6319  -1.6323  -1.6322  -1.6323  -1.6323  -1.6320  -1.6320  -1.6319  -1.6320
  -1.6274  -1.6271  -1.6275  -1.6268  -1.6264  -1.6263  -1.6264  -1.6265  -1.6265  -1.6267
  -1.6204  -1.6210  -1.6204  -1.6209  -1.6210  -1.6210  -1.6211  -1.6211  -1.6211  -1.6209
  -1.6165  -1.6166  -1.6162  -1.6162  -1.6160  -1.6158  -1.6156  -1.6156  -1.6157  -1.6158
  -1.6100  -1.6096  -1.6095  -1.6093  -1.6096  -1.6098  -1.6099  -1.6098  -1.6097  -1.6098
  -1.6037  -1.6037  -1.6043  -1.6043  -1.6041  -1.6042  -1.6040  -1.6039  -1.6039  -1.6040
  -1.5976  -1.5977  -1.5981  -1.5977  -1.5975  -1.5974  -1.5977  -1.5976  -1.5977  -1.5978
  -1.5912  -1.5919  -1.5910  -1.5917  -1.5915  -1.5915  -1.5919  -1.5918  -1.5920  -1.5918
  -1.5851  -1.5856  -1.5855  -1.5855  -1.5857  -1.5855  -1.5853  -1.5851  -1.5854  -1.5853
  -1.5789  -1.5798  -1.5792  -1.5794  -1.5793  -1.5791  -1.5792  -1.5792  -1.5794  -1.5793
  -1.5722  -1.5728  -1.5732  -1.5735  -1.5737  -1.5737  -1.5733  -1.5731  -1.5731  -1.5731
  -1.5681  -1.5667  -1.5673  -1.5667  -1.5667  -1.5663  -1.5666  -1.5667  -1.5667  -1.5667
  -1.5596  -1.5604  -1.5594  -1.5599  -1.5604  -1.5605  -1.5601  -1.5602  -1.5602  -1.5600
  -1.5528  -1.5540  -1.5541  -1.5546  -1.5552  -1.5546  -1.5547  -1.5543  -1.5543  -1.5545
  -1.5454  -1.5472  -1.5467  -1.5467  -1.5460  -1.5462  -1.5463  -1.5463  -1.5463  -1.5462
  -1.5384  -1.5374  -1.5391  -1.5383  -1.5373  -1.5382  -1.5385  -1.5383  -1.5380  -1.5386
  -1.5321  -1.5312  -1.5328  -1.5324  -1.5321  -1.5314  -1.5320  -1.5321  -1.5319  -1.5322
  -1.5246  -1.5249  -1.5223  -1.5234  -1.5238  -1.5242  -1.5245  -1.5246  -1.5247  -1.5240
  -1.5160  -1.5158  -1.5162  -1.5152  -1.5162  -1.5158  -1.5158  -1.5156  -1.5156  -1.5156
  -1.5131  -1.5137  -1.5125  -1.5116  -1.5100  -1.5109  -1.5113  -1.5111  -1.5115  -1.5114
  -1.5025  -1.4954  -1.4997  -1.5007  -1.5009  -1.5014  -1.5015  -1.5018  -1.5004  -1.5010
  -1.4874  -1.4893  -1.4912  -1.4921  -1.4923  -1.4916  -1.4919  -1.4914  -1.4915  -1.4918
  -1.4897  -1.4861  -1.4862  -1.4852  -1.4861  -1.4864  -1.4864  -1.4865  -1.4863  -1.4864
  -1.4752  -1.4705  -1.4722  -1.4729  -1.4745  -1.4726  -1.4726  -1.4730  -1.4719  -1.4727
  -1.4672  -1.4686  -1.4664  -1.4672  -1.4671  -1.4673  -1.4679  -1.4678  -1.4680  -1.4677
  -1.4606  -1.4503  -1.4498  -1.4538  -1.4540  -1.4551  -1.4556  -1.4567  -1.4552  -1.4542
  -1.4488  -1.4477  -1.4446  -1.4480  -1.4469  -1.4460  -1.4456  -1.4454  -1.4459  -1.4452
  -1.4294  -1.4288  -1.4297  -1.4300  -1.4307  -1.4317  -1.4313  -1.4330  -1.4326  -1.4321
  -1.4243  -1.4272  -1.4215  -1.4225  -1.4232  -1.4238  -1.4232  -1.4220  -1.4231  -1.4221
  -1.4201  -1.4130  -1.4101  -1.4115  -1.4123  -1.4112  -1.4132  -1.4144  -1.4135  -1.4125
  -1.3951  -1.3895  -1.3967  -1.3990  -1.3970  -1.3963  -1.3976  -1.3967  -1.3953  -1.3967
  -1.3881  -1.3818  -1.3820  -1.3831  -1.3845  -1.3847  -1.3840  -1.3830  -1.3829  -1.3821
  -1.3847  -1.3731  -1.3709  -1.3691  -1.3700  -1.3702  -1.3695  -1.3700  -1.3706  -1.3710
  -1.3652  -1.3638  -1.3712  -1.3725  -1.3727  -1.3708  -1.3672  -1.3672  -1.3668  -1.3679
  -1.3438  -1.3475  -1.3519  -1.3487  -1.3499  -1.3531  -1.3511  -1.3520  -1.3526  -1.3513
  -1.3427  -1.3436  -1.3459  -1.3447  -1.3408  -1.3419  -1.3431  -1.3422  -1.3418  -1.3412
  -1.3411  -1.3326  -1.3263  -1.3254  -1.3247  -1.3254  -1.3254  -1.3269  -1.3268  -1.3276
  -1.3289  -1.3168  -1.3177  -1.3194  -1.3206  -1.3215  -1.3229  -1.3237  -1.3235  -1.3233
  -1.3031  -1.3070  -1.3110  -1.3098  -1.3111  -1.3106  -1.3109  -1.3107  -1.3106  -1.3109
  -1.3017  -1.3060  -1.3041  -1.3051  -1.3042  -1.3054  -1.3056  -1.3050  -1.3046  -1.3040
  -1.2976  -1.2956  -1.2965  -1.2968  -1.2951  -1.2947  -1.2959  -1.2951  -1.2945  -1.2943
  -1.2902  -1.2888  -1.2898  -1.2892  -1.2881  -1.2875  -1.2871  -1.2880  -1.2890  -1.2888
  -1.2871  -1.2803  -1.2799  -1.2807  -1.2803  -1.2807  -1.2805  -1.2808  -1.2803  -1.2804
  -1.2752  -1.2744  -1.2727  -1.2730  -1.2731  -1.2723  -1.2724  -1.2726  -1.2725  -1.2723
  -1.2655  -1.2701  -1.2690  -1.2670  -1.2664  -1.2671  -1.2672  -1.2667  -1.2662  -1.2658
  -1.2627  -1.2625  -1.2595  -1.2595  -1.2603  -1.2594  -1.2595  -1.2591  -1.2590  -1.2590
  -1.2539  -1.2535  -1.2531  -1.2529  -1.2525  -1.2525  -1.2528  -1.2536  -1.2532  -1.2532
  -1.2488  -1.2469  -1.2461  -1.2456  -1.2468  -1.2464  -1.2467  -1.2467  -1.2470  -1.2468
  -1.2410  -1.2411  -1.2412  -1.2400  -1.2400  -1.2397  -1.2389  -1.2388  -1.2387  -1.2391
  -1.2327  -1.2340  -1.2347  -1.2334  -1.2330  -1.2328  -1.2327  -1.2329  -1.2329  -1.2329
  -1.2263  -1.2268  -1.2267  -1.2264  -1.2263  -1.2273  -1.2276  -1.2272  -1.2271  -1.2274
  -1.2234  -1.2239  -1.2235  -1.2233  -1.2226  -1.2220  -1.2216  -1.2215  -1.2222  -1.2222
  -1.2174  -1.2170  -1.2154  -1.2150  -1.2149  -1.2147  -1.2145  -1.2147  -1.2149  -1.2148
  -1.2108  -1.2102  -1.2093  -1.2087  -1.2090  -1.2092  -1.2090  -1.2085  -1.2081  -1.2087
  -1.2072  -1.2043  -1.2043  -1.2038  -1.2038  -1.2038  -1.2043  -1.2042  -1.2042  -1.2042
  -1.1962  -1.1970  -1.1974  -1.1973  -1.1982  -1.1982  -1.1983  -1.1981  -1.1982  -1.1980
  -1.1929  -1.1933  -1.1922  -1.1925  -1.1926  -1.1925  -1.1921  -1.1923  -1.1923  -1.1922
  -1.1904  -1.1896  -1.1883  -1.1876  -1.1878  -1.1877  -1.1875  -1.1874  -1.1879  -1.1877
  -1.1817  -1.1821  -1.1825  -1.1820  -1.1819  -1.1824  -1.1819  -1.1819  -1.1818  -1.1818
  -1.1760  -1.1764  -1.1783  -1.1776  -1.1770  -1.1772  -1.1771  -1.1771  -1.1770  -1.1772
  -1.1715  -1.1716  -1.1716  -1.1718  -1.1718  -1.1716  -1.1717  -1.1715  -1.1713  -1.1713
  -1.1673  -1.1677  -1.1664  -1.1671  -1.1669  -1.1667  -1.1666  -1.1665  -1.1664  -1.1663
  -1.1653  -1.1641  -1.1633  -1.1623  -1.1621  -1.1620  -1.1615  -1.1615  -1.1615  -1.1612
  -1.1584  -1.1574  -1.1570  -1.1563  -1.1563  -1.1565  -1.1562  -1.1561  -1.1561  -1.1559
  -1.1523  -1.1508  -1.1510  -1.1511  -1.1512  -1.1513  -1.1513  -1.1514  -1.1511  -1.1514
  -1.1472  -1.1471  -1.1469  -1.1469  -1.1468  -1.1468  -1.1468  -1.1467  -1.1465  -1.1466
  -1.1440  -1.1427  -1.1425  -1.1426  -1.1427  -1.1424  -1.1422  -1.1422  -1.1422  -1.1419
  -1.1381  -1.1385  -1.1377  -1.1372  -1.1371  -1.1375  -1.1372  -1.1371  -1.1372  -1.1372
  -1.1328  -1.1329  -1.1328  -1.1321  -1.1323  -1.1325  -1.1325  -1.1325  -1.1326  -1.1327
  -1.1298  -1.1288  -1.1289  -1.1286  -1.1283  -1.1282  -1.1282  -1.1283  -1.1282  -1.1282
  -1.1242  -1.1226  -1.1228  -1.1232  -1.1235  -1.1234  -1.1235  -1.1237  -1.1235  -1.1237
  -1.1197  -1.1199  -1.1198  -1.1199  -1.1198  -1.1196  -1.1193  -1.1194  -1.1197  -1.1195
  -1.1161  -1.1151  -1.1150  -1.1147  -1.1146  -1.1148  -1.1144  -1.1143  -1.1144  -1.1143
  -1.1099  -1.1098  -1.1103  -1.1103  -1.1103  -1.1104  -1.1103  -1.1101  -1.1101  -1.1102
  -1.1070  -1.1060  -1.1063  -1.1062  -1.1064  -1.1064  -1.1063  -1.1063  -1.1060  -1.1060
  -1.1023  -1.1028  -1.1025  -1.1028  -1.1025  -1.1022  -1.1023  -1.1022  -1.1021  -1.1020
  -1.0992  -1.0987  -1.0975  -1.0974  -1.0973  -1.0970  -1.0971  -1.0972  -1.0974  -1.0973
  -1.0934  -1.0938  -1.0928  -1.0929  -1.0932  -1.0931  -1.0932  -1.0930  -1.0930  -1.0930
  -1.0885  -1.0887  -1.0888  -1.0891  -1.0891  -1.0892  -1.0891  -1.0890  -1.0890  -1.0890
  -1.0867  -1.0852  -1.0853  -1.0851  -1.0850  -1.0847  -1.0848  -1.0849  -1.0846  -1.0848
  -1.0818  -1.0806  -1.0804  -1.0808  -1.0808  -1.0805  -1.0807  -1.0808  -1.0807  -1.0807
  -1.0782  -1.0779  -1.0774  -1.0775  -1.0776  -1.0773  -1.0774  -1.0773  -1.0773  -1.0772
  -1.0729  -1.0733  -1.0730  -1.0725  -1.0726  -1.0728  -1.0728  -1.0726  -1.0726  -1.0724
  -1.0697  -1.0692  -1.0688  -1.0693  -1.0689  -1.0689  -1.0687  -1.0686  -1.0686  -1.0687
  -1.0660  -1.0651  -1.0653  -1.0650  -1.0650  -1.0650  -1.0650  -1.0651  -1.0649  -1.0651
  -1.0624  -1.0615  -1.0614  -1.0613  -1.0616  -1.0614  -1.0615  -1.0615  -1.0614  -1.0614
  -1.0586  -1.0585  -1.0580  -1.0579  -1.0580  -1.0578  -1.0578  -1.0577  -1.0577  -1.0577
  -1.0530  -1.0540  -1.0539  -1.0535  -1.0534  -1.0537  -1.0537  -1.0537  -1.0537  -1.0537
  -1.0499  -1.0505  -1.0509  -1.0508  -1.0503  -1.0502  -1.0502  -1.0501  -1.0501  -1.0500
  -1.0475  -1.0471  -1.0472  -1.0473  -1.0469  -1.0467  -1.0468  -1.0467  -1.0466  -1.0465
  -1.0435  -1.0432  -1.0431  -1.0428  -1.0429  -1.0428  -1.0428  -1.0430  -1.0428  -1.0429
  -1.0395  -1.0400  -1.0392  -1.0390  -1.0392  -1.0390  -1.0388  -1.0387  -1.0388  -1.0389
  -1.0346  -1.0353  -1.0355  -1.0355  -1.0353  -1.0354  -1.0352  -1.0350  -1.0351  -1.0351
  -1.0318  -1.0314  -1.0319  -1.0320  -1.0317  -1.0318  -1.0318  -1.0318  -1.0318  -1.0319

   9.1121e-01   9.1120e-01   9.1113e-01   9.1117e-01   9.1112e-01   9.1119e-01   9.1120e-01   9.1120e-01   9.1117e-01   9.1117e-01
   9.0974e-01   9.0969e-01   9.0966e-01   9.0964e-01   9.0975e-01   9.0960e-01   9.0964e-01   9.0964e-01   9.0964e-01   9.0966e-01
   9.0753e-01   9.0795e-01   9.0776e-01   9.0777e-01   9.0784e-01   9.0789e-01   9.0791e-01   9.0790e-01   9.0792e-01   9.0791e-01
   9.0606e-01   9.0614e-01   9.0614e-01   9.0630e-01   9.0627e-01   9.0635e-01   9.0630e-01   9.0624e-01   9.0624e-01   9.0627e-01
   9.0480e-01   9.0461e-01   9.0475e-01   9.0475e-01   9.0455e-01   9.0459e-01   9.0458e-01   9.0461e-01   9.0457e-01   9.0460e-01
   9.0313e-01   9.0242e-01   9.0242e-01   9.0245e-01   9.0263e-01   9.0266e-01   9.0259e-01   9.0266e-01   9.0257e-01   9.0254e-01
   9.0080e-01   9.0105e-01   9.0116e-01   9.0098e-01   9.0102e-01   9.0096e-01   9.0090e-01   9.0090e-01   9.0096e-01   9.0099e-01
   8.9851e-01   8.9856e-01   8.9870e-01   8.9875e-01   8.9874e-01   8.9879e-01   8.9891e-01   8.9883e-01   8.9884e-01   8.9886e-01
   8.9673e-01   8.9686e-01   8.9697e-01   8.9711e-01   8.9699e-01   8.9700e-01   8.9702e-01   8.9694e-01   8.9698e-01   8.9701e-01
   8.9486e-01   8.9498e-01   8.9497e-01   8.9506e-01   8.9481e-01   8.9485e-01   8.9494e-01   8.9492e-01   8.9493e-01   8.9492e-01
   8.9319e-01   8.9285e-01   8.9272e-01   8.9280e-01   8.9280e-01   8.9289e-01   8.9287e-01   8.9289e-01   8.9285e-01   8.9282e-01
   8.9056e-01   8.9085e-01   8.9105e-01   8.9098e-01   8.9101e-01   8.9084e-01   8.9082e-01   8.9074e-01   8.9081e-01   8.9085e-01
   8.8918e-01   8.8909e-01   8.8910e-01   8.8881e-01   8.8870e-01   8.8855e-01   8.8851e-01   8.8861e-01   8.8865e-01   8.8867e-01
   8.8607e-01   8.8567e-01   8.8562e-01   8.8585e-01   8.8604e-01   8.8619e-01   8.8627e-01   8.8623e-01   8.8613e-01   8.8611e-01
   8.8335e-01   8.8369e-01   8.8393e-01   8.8405e-01   8.8375e-01   8.8376e-01   8.8369e-01   8.8371e-01   8.8376e-01   8.8379e-01
   8.8225e-01   8.8132e-01   8.8127e-01   8.8104e-01   8.8107e-01   8.8125e-01   8.8132e-01   8.8144e-01   8.8140e-01   8.8133e-01
   8.7735e-01   8.7809e-01   8.7875e-01   8.7887e-01   8.7908e-01   8.7910e-01   8.7890e-01   8.7878e-01   8.7872e-01   8.7888e-01
   8.7721e-01   8.7700e-01   8.7676e-01   8.7641e-01   8.7640e-01   8.7621e-01   8.7644e-01   8.7650e-01   8.7655e-01   8.7651e-01
   8.7372e-01   8.7385e-01   8.7334e-01   8.7391e-01   8.7391e-01   8.7409e-01   8.7416e-01   8.7405e-01   8.7410e-01   8.7389e-01
   8.7204e-01   8.7176e-01   8.7199e-01   8.7201e-01   8.7178e-01   8.7190e-01   8.7158e-01   8.7164e-01   8.7168e-01   8.7169e-01
   8.7025e-01   8.6895e-01   8.6912e-01   8.6855e-01   8.6844e-01   8.6862e-01   8.6862e-01   8.6874e-01   8.6877e-01   8.6873e-01
   8.6504e-01   8.6530e-01   8.6572e-01   8.6611e-01   8.6622e-01   8.6613e-01   8.6579e-01   8.6598e-01   8.6579e-01   8.6593e-01
   8.6442e-01   8.6399e-01   8.6355e-01   8.6314e-01   8.6349e-01   8.6332e-01   8.6333e-01   8.6349e-01   8.6359e-01   8.6345e-01
   8.5883e-01   8.5984e-01   8.5995e-01   8.6005e-01   8.6041e-01   8.6063e-01   8.6044e-01   8.6029e-01   8.6037e-01   8.6032e-01
   8.5946e-01   8.5903e-01   8.5901e-01   8.5865e-01   8.5835e-01   8.5824e-01   8.5799e-01   8.5795e-01   8.5810e-01   8.5811e-01
   8.5561e-01   8.5403e-01   8.5398e-01   8.5384e-01   8.5384e-01   8.5389e-01   8.5400e-01   8.5431e-01   8.5410e-01   8.5400e-01
   8.5026e-01   8.5087e-01   8.5134e-01   8.5131e-01   8.5150e-01   8.5133e-01   8.5087e-01   8.5084e-01   8.5073e-01   8.5087e-01
   8.4784e-01   8.4826e-01   8.4866e-01   8.4743e-01   8.4697e-01   8.4682e-01   8.4693e-01   8.4708e-01   8.4722e-01   8.4748e-01
   8.4322e-01   8.4394e-01   8.4322e-01   8.4380e-01   8.4377e-01   8.4399e-01   8.4398e-01   8.4391e-01   8.4397e-01   8.4374e-01
   8.4112e-01   8.4129e-01   8.4119e-01   8.4106e-01   8.4059e-01   8.4041e-01   8.4029e-01   8.4034e-01   8.4049e-01   8.4057e-01
   8.3606e-01   8.3508e-01   8.3552e-01   8.3534e-01   8.3602e-01   8.3623e-01   8.3630e-01   8.3616e-01   8.3598e-01   8.3614e-01
   8.3122e-01   8.3204e-01   8.3281e-01   8.3267e-01   8.3228e-01   8.3230e-01   8.3207e-01   8.3197e-01   8.3199e-01   8.3220e-01
   8.2574e-01   8.2753e-01   8.2759e-01   8.2708e-01   8.2630e-01   8.2655e-01   8.2711e-01   8.2683e-01   8.2704e-01   8.2724e-01
   8.2133e-01   8.2258e-01   8.2186e-01   8.2281e-01   8.2220e-01   8.2243e-01   8.2305e-01   8.2276e-01   8.2307e-01   8.2285e-01
   8.1746e-01   8.1818e-01   8.1842e-01   8.1817e-01   8.1807e-01   8.1785e-01   8.1753e-01   8.1746e-01   8.1779e-01   8.1776e-01
   8.1159e-01   8.1304e-01   8.1210e-01   8.1265e-01   8.1254e-01   8.1249e-01   8.1258e-01   8.1263e-01   8.1288e-01   8.1272e-01
   8.0520e-01   8.0701e-01   8.0761e-01   8.0868e-01   8.0895e-01   8.0876e-01   8.0812e-01   8.0777e-01   8.0775e-01   8.0785e-01
   8.0453e-01   8.0228e-01   8.0320e-01   8.0218e-01   8.0248e-01   8.0212e-01   8.0231e-01   8.0253e-01   8.0246e-01   8.0255e-01
   7.9505e-01   7.9764e-01   7.9596e-01   7.9696e-01   7.9790e-01   7.9838e-01   7.9705e-01   7.9719e-01   7.9728e-01   7.9692e-01
   7.9135e-01   7.9229e-01   7.9341e-01   7.9457e-01   7.9535e-01   7.9423e-01   7.9456e-01   7.9384e-01   7.9358e-01   7.9394e-01
   7.8301e-01   7.8657e-01   7.8578e-01   7.8609e-01   7.8464e-01   7.8457e-01   7.8456e-01   7.8439e-01   7.8433e-01   7.8440e-01
   7.7735e-01   7.7315e-01   7.7737e-01   7.7224e-01   7.7049e-01   7.7309e-01   7.7406e-01   7.7399e-01   7.7341e-01   7.7475e-01
   7.6669e-01   7.6828e-01   7.7191e-01   7.7143e-01   7.7052e-01   7.6943e-01   7.7067e-01   7.7044e-01   7.7042e-01   7.7113e-01
   7.6102e-01   7.6089e-01   7.5383e-01   7.5753e-01   7.5894e-01   7.6076e-01   7.6212e-01   7.6205e-01   7.6223e-01   7.5982e-01
   7.5340e-01   7.4822e-01   7.5059e-01   7.4993e-01   7.5225e-01   7.4997e-01   7.5076e-01   7.5025e-01   7.4950e-01   7.4981e-01
   7.6103e-01   7.5928e-01   7.5645e-01   7.5359e-01   7.4985e-01   7.5189e-01   7.5271e-01   7.5314e-01   7.5378e-01   7.5346e-01
   7.3953e-01   7.1691e-01   7.2983e-01   7.3296e-01   7.3417e-01   7.3621e-01   7.3677e-01   7.3775e-01   7.3371e-01   7.3482e-01
   7.0890e-01   7.1591e-01   7.2240e-01   7.2511e-01   7.2555e-01   7.2467e-01   7.2564e-01   7.2386e-01   7.2387e-01   7.2501e-01
   7.2880e-01   7.2009e-01   7.2039e-01   7.1776e-01   7.1896e-01   7.2024e-01   7.2092e-01   7.2142e-01   7.2077e-01   7.2079e-01
   7.0534e-01   5.2689e-01   1.1778e-01  -8.7930e-02  -2.1332e-01  -2.8420e-01  -3.4321e-01  -3.8859e-01  -4.0987e-01  -2.9762e-01
   7.0261e-01   7.0041e-01   6.9045e-01   6.9433e-01   6.9430e-01   6.9426e-01   6.9549e-01   6.9637e-01   6.9647e-01   6.9475e-01
   6.8971e-01   6.4450e-01   3.4064e-01   7.9209e-02  -6.9050e-02  -1.7224e-01  -2.4547e-01  -3.0229e-01  -3.3655e-01  -2.9714e-01
   6.6663e-01   6.6184e-01   6.4708e-01   6.5943e-01   6.5599e-01   6.5348e-01   6.5160e-01   6.5036e-01   6.5243e-01   6.4968e-01
   6.0005e-01   5.9080e-01   6.0163e-01   6.0575e-01   6.0707e-01   6.1269e-01   6.0892e-01   6.1667e-01   6.1404e-01   6.1290e-01
   6.1952e-01   6.2262e-01   3.8366e-01   1.3458e-01  -1.4909e-02  -1.1728e-01  -1.8403e-01  -2.3192e-01  -2.7674e-01  -2.5817e-01
   6.2298e-01   5.7284e-01   4.0762e-01   1.5310e-01   2.7840e-04  -9.0818e-02  -1.6793e-01  -2.2618e-01  -2.5936e-01  -2.5954e-01
  -3.0258e-01  -3.5855e-01  -4.4319e-01  -4.7797e-01  -4.8147e-01  -4.1888e-01  -2.7605e-01  -1.8166e-01  -1.1552e-01  -4.3273e-02
   4.6367e-01   1.5454e-01  -2.7750e-02  -1.3784e-01  -2.1899e-01  -2.6682e-01  -1.8957e-01  -1.4844e-01  -1.3284e-01  -1.5496e-01
   5.0107e-01   8.5108e-02   1.1450e-01   1.5529e-01   2.1449e-01   2.3956e-01   1.4798e-01   1.7585e-01   2.0753e-01   1.8081e-01
   4.2559e-01   1.0880e-01  -1.1597e-01  -2.1695e-01  -2.2984e-01  -1.2077e-01  -1.0463e-01  -1.4884e-01  -1.7485e-01  -2.0154e-01
   1.9041e-01  -3.6499e-03   1.5620e-01   1.1937e-01   6.4729e-02  -3.2366e-02  -4.3886e-02  -9.4855e-02  -1.3203e-01  -1.4759e-01
  -2.7486e-01  -2.2712e-01  -2.5878e-01  -1.2201e-01  -1.0021e-01  -1.4804e-01  -1.7753e-01  -1.7901e-01  -1.4643e-01  -1.4436e-01
   9.5564e-02  -6.8715e-02  -7.6836e-02  -5.9321e-02  -3.5530e-02  -1.4879e-02  -3.4536e-02   7.2697e-03  -8.1672e-03  -2.2425e-02
   6.3809e-02   5.9061e-02   1.5244e-01   1.5833e-01   5.3794e-02   6.0300e-02   4.4221e-02   2.0108e-02   2.5611e-02  -6.4051e-04
   1.9213e-01   2.3278e-01   6.6306e-02   7.7699e-02   1.7052e-03   2.8924e-02   4.8145e-02   7.2097e-02   8.2434e-02   5.7428e-02
  -4.2852e-02  -1.8987e-01  -1.0436e-01  -1.0417e-01  -1.0704e-01  -9.5864e-02  -7.2508e-02  -7.6795e-02  -4.4844e-02  -2.6108e-02
   2.2862e-02   5.8450e-03   6.9599e-02   4.6674e-02   4.3101e-02   3.5348e-02   2.2484e-02   2.7500e-03  -1.5687e-02  -1.3893e-02
   1.5761e-02   1.5662e-02  -3.1693e-02  -5.2099e-02  -4.2188e-02  -4.8838e-02  -3.1234e-02   5.8898e-03   2.8180e-02   1.8460e-02
  -8.5252e-03  -2.7700e-02  -4.6685e-02   1.3946e-02   5.0786e-03   5.2781e-03   1.3263e-02   4.1546e-03   2.2460e-02   3.4636e-03
   1.6764e-01   1.0561e-01   5.6885e-02   4.2269e-02   1.6338e-02   8.8542e-03   9.7809e-03   1.7559e-02   1.1268e-02  -2.2087e-03
   8.5529e-02   1.1560e-01   7.6046e-02   7.5809e-02   7.3183e-02   5.5854e-02   5.5557e-02   4.1626e-02   3.9045e-02   3.9843e-02
   1.5443e-02  -6.1340e-02  -2.8197e-02  -1.0706e-02   7.4054e-03   7.0799e-03  -9.9434e-04  -1.1114e-02  -1.4699e-02  -4.3386e-03
   6.5455e-02  -3.9225e-02   8.0060e-03  -6.1577e-04  -1.3334e-02  -3.5516e-03  -1.5907e-02  -3.2315e-02  -3.0269e-02  -2.9124e-02
   8.3254e-02   7.0116e-02   4.8219e-02   2.3458e-02   8.8103e-03   2.0709e-02   2.1256e-02   2.1214e-02   1.6417e-02   1.5453e-02
   3.5171e-03  -3.8827e-04  -7.9983e-03  -1.0602e-02  -1.4854e-02  -1.3697e-02  -1.0925e-02  -4.2621e-03  -3.5074e-03  -1.3862e-02
   9.5231e-02   2.7899e-02  -1.5893e-02  -5.2912e-04   1.7097e-03  -1.4592e-02  -1.3487e-02  -1.0890e-02  -7.5531e-03  -5.0994e-03
   3.5952e-02  -9.4814e-03  -2.6130e-02  -2.6564e-02  -1.6599e-03   8.2600e-03   6.4908e-03   2.8346e-03   8.4998e-04  -8.9385e-03
   3.6913e-02  -1.5617e-02  -6.6434e-03   6.4865e-03  -1.3977e-04  -3.3241e-03  -4.8818e-03  -1.6830e-03  -2.6618e-03   1.4775e-03
  -1.2452e-02  -4.7513e-02  -3.6561e-02  -3.6774e-02  -1.9768e-02  -1.9297e-02  -1.5687e-02  -1.0723e-02  -4.3981e-03  -1.7135e-04
   4.5210e-02   3.8419e-02   2.5722e-02   2.0779e-02   2.4122e-02   1.9398e-02   1.6216e-02   1.0965e-02   1.0153e-02   1.1982e-02
   7.2331e-02   1.6834e-02   9.3593e-03   7.3379e-03   1.1621e-02   7.4956e-03   1.8749e-03   1.2608e-03   8.6515e-04   2.3877e-03
   2.3078e-02   2.0463e-02   1.4602e-02   8.1108e-03   1.1735e-02   6.9445e-03  -1.9800e-03  -2.8208e-03  -1.1006e-03  -3.4742e-03
   1.3747e-02  -2.0943e-02   1.4852e-03   4.7157e-03   4.4036e-03   4.5735e-03   6.4186e-03   3.4774e-03  -8.7319e-05   3.3377e-03
   1.8913e-02   3.1002e-02   3.6284e-02   2.7873e-02   2.8173e-02   2.8729e-02   2.1021e-02   2.1420e-02   1.8409e-02   1.7800e-02
   1.4109e-02   8.4280e-03  -1.4765e-03  -3.6657e-03  -8.7876e-04  -4.5559e-03  -1.7466e-03  -2.2790e-03  -4.9604e-04   8.5267e-04
   2.5817e-02   1.3699e-02   2.7917e-03   6.5111e-03   1.0785e-03  -5.0353e-04  -3.7503e-03  -5.2392e-03  -6.1160e-03  -4.9068e-03
   1.5693e-03   1.6441e-02   2.1936e-02   2.1459e-02   1.6019e-02   1.4490e-02   1.2673e-02   1.5366e-02   9.5478e-03   8.7535e-03
   3.8394e-02   2.4811e-02   2.1225e-02   2.7822e-02   1.7463e-02   1.1849e-02   1.4119e-02   1.0521e-02   8.2392e-03   8.8310e-03
   3.9694e-03   9.8148e-03   1.2615e-03  -2.3377e-03  -1.0048e-03   1.4241e-03   6.4301e-03   5.3246e-03   4.5430e-03   3.8627e-03
   2.8337e-02   1.2252e-02   5.5283e-03   3.7244e-03   8.0427e-05  -4.5653e-04  -2.4818e-03  -3.3130e-03  -2.4549e-03  -2.2951e-03
   1.3174e-02   8.3842e-03   1.8316e-03  -8.2383e-03  -1.2219e-02  -9.6132e-03  -5.3521e-03  -5.8683e-03  -4.7612e-03  -1.2672e-03
   5.2906e-02   2.8203e-02   2.0574e-02   2.0915e-02   2.4091e-02   2.6403e-02   2.2772e-02   2.1200e-02   2.0855e-02   1.9596e-02
   6.4461e-03  -2.0612e-03   6.6124e-03  -1.0583e-03  -3.5165e-03   1.9238e-03   1.1225e-03  -2.9539e-03  -1.8468e-03  -2.6248e-03
   2.7856e-02   1.3078e-02   6.8076e-03   7.9163e-03   4.0998e-03  -4.3256e-04   5.8748e-04   2.8668e-03   2.2937e-04  -8.7044e-04
  -1.7636e-02  -2.3229e-03  -9.6962e-04   1.2867e-03  -2.4980e-03  -5.9684e-04   4.5526e-04  -2.0158e-03  -3.1960e-03  -1.4852e-03
  -1.9905e-02  -6.6277e-03  -5.4497e-03  -4.8575e-03  -3.1817e-03  -3.8324e-03  -4.0271e-03  -2.2573e-03  -2.5241e-03  -1.7443e-03
   2.0089e-02   1.8864e-02   9.0525e-03   1.1495e-02   5.3941e-03   7.3848e-03   6.2065e-03   4.3577e-03   1.7546e-03   2.2551e-03
   8.7078e-03   2.0090e-02   1.0782e-02   8.0627e-03   6.0669e-03   5.5613e-03   5.3770e-03   5.4770e-03   5.7907e-03   5.4056e-03
  -7.3384e-05  -1.1429e-02  -1.0563e-02  -7.4799e-03  -5.8474e-03  -7.4222e-03  -7.9506e-03  -5.6775e-03  -3.8590e-03  -2.0250e-03
  -1.7482e-03  -3.5008e-03  -3.2664e-03  -2.5397e-04  -2.7343e-03  -2.7709e-03  -3.4059e-03  -3.8125e-03  -2.7147e-03  -2.5867e-03
  -1.2465e-03  -8.8391e-03  -6.1221e-03  -2.6085e-03  -7.0864e-03  -6.0875e-03  -5.7423e-03  -5.4259e-03  -3.3767e-03  -3.0096e-03
   2.2728e-02   1.3581e-02   1.0171e-02   3.4050e-03   2.9293e-03   2.4507e-03   3.8007e-03   2.1354e-03   2.1198e-03   1.3041e-03
  -3.3151e-03  -2.9953e-03  -3.6013e-03  -8.6580e-04  -1.3902e-03  -1.9896e-03  -4.3661e-03  -4.2195e-03  -4.7070e-03  -5.3157e-03
   3.9304e-03   1.8526e-03   3.1114e-03   1.6828e-03   4.5589e-03   4.0335e-03   2.4560e-03   3.6931e-03   2.9692e-03   4.9103e-03
   4.5307e-04   1.0336e-03  -6.3723e-04  -5.1530e-04   2.5780e-03   5.1482e-04   8.8590e-04   1.7347e-03   2.3839e-03   2.5799e-03
  -1.9086e-02  -1.0339e-02  -1.2173e-02  -9.5991e-03  -7.3689e-03  -4.8431e-03  -1.9908e-03  -1.9987e-03  -3.2675e-03  -3.3033e-03
   1.1194e-02   4.2112e-03   1.5096e-03   4.5578e-03   5.8089e-03   5.3494e-03   4.5082e-03   4.3206e-03   1.6132e-03   2.0506e-03
  -1.3103e-02  -5.1556e-03  -6.8225e-03  -3.4589e-03  -5.1253e-03  -3.1411e-03  -2.9078e-03  -3.1780e-03  -2.6623e-03  -3.0705e-03
  -1.4196e-04   3.0928e-04  -4.3140e-03   2.3403e-03   1.0536e-03  -1.6847e-03  -1.8296e-03  -6.2447e-04  -5.8146e-04  -2.0920e-03
  -3.0088e-03   4.1659e-03   2.1839e-03   3.9000e-03   4.4310e-03   2.3239e-03   6.0357e-04  -8.2243e-05   6.5376e-04   1.5401e-03
   8.2520e-03   5.3739e-03   1.2252e-03   2.5516e-04   1.5704e-04   2.4143e-03   7.2037e-04   1.2969e-03   2.3397e-03   2.6605e-03
   3.7891e-03   1.1899e-03   1.2979e-03   7.6503e-05  -1.7326e-03  -2.4324e-03  -3.0676e-03  -3.1676e-03  -2.6733e-03  -3.6517e-03
  -8.6089e-03  -6.7702e-03  -4.5897e-03  -3.6423e-03  -1.6544e-03  -1.2201e-03   3.4545e-04  -8.2068e-05   6.0567e-04  -1.5354e-05
   4.7350e-03  -1.0750e-03   2.1748e-03   1.0213e-03   2.8090e-04   2.5090e-04   2.2146e-04  -1.2686e-03  -1.2812e-03  -5.1101e-04
   4.5960e-03   4.1036e-03   4.9183e-03   5.6418e-03   1.5258e-03   1.0707e-04  -3.5822e-04  -1.6811e-04  -8.1246e-04  -9.3423e-04
   4.3368e-03   2.5695e-03   5.2347e-03   2.0901e-03   3.3112e-03   2.2845e-03   2.1916e-03   1.9345e-03   2.4722e-03   1.8403e-03
   3.7038e-03   4.1564e-03   6.7205e-03   4.6981e-03   3.7434e-03   3.0993e-03   2.3183e-03   3.2996e-03   2.3733e-03   1.8552e-03
  -3.1920e-03  -4.1492e-03   3.3049e-03   3.2968e-03   2.9582e-03   3.2180e-04  -4.0522e-04   1.2682e-03   3.0123e-04  -4.5152e-04
   3.0763e-04  -6.1586e-03  -4.9039e-03  -5.6954e-03  -3.7461e-03  -5.1504e-03  -4.5441e-03  -4.3020e-03  -3.0827e-03  -1.7772e-03
   6.6983e-03   7.8191e-03   4.6491e-03   9.6459e-04   4.1282e-04  -1.5204e-03  -1.8823e-03  -2.0773e-03  -1.2345e-03  -2.0114e-03

   0.9112   0.9112   0.9111   0.9112   0.9111   0.9112   0.9112   0.9112   0.9112   0.9112
   0.9097   0.9097   0.9097   0.9096   0.9098   0.9096   0.9096   0.9096   0.9096   0.9097
   0.9075   0.9080   0.9078   0.9078   0.9078   0.9079   0.9079   0.9079   0.9079   0.9079
   0.9061   0.9061   0.9061   0.9063   0.9063   0.9064   0.9063   0.9062   0.9062   0.9063
   0.9048   0.9046   0.9048   0.9047   0.9045   0.9046   0.9046   0.9046   0.9046   0.9046
   0.9031   0.9024   0.9024   0.9024   0.9026   0.9027   0.9026   0.9027   0.9026   0.9025
   0.9008   0.9010   0.9012   0.9010   0.9010   0.9010   0.9009   0.9009   0.9010   0.9010
   0.8985   0.8986   0.8987   0.8987   0.8987   0.8988   0.8989   0.8988   0.8988   0.8989
   0.8967   0.8969   0.8970   0.8971   0.8970   0.8970   0.8970   0.8969   0.8970   0.8970
   0.8949   0.8950   0.8950   0.8951   0.8948   0.8949   0.8949   0.8949   0.8949   0.8949
   0.8932   0.8929   0.8927   0.8928   0.8928   0.8929   0.8929   0.8929   0.8929   0.8928
   0.8906   0.8909   0.8910   0.8910   0.8910   0.8908   0.8908   0.8907   0.8908   0.8908
   0.8892   0.8891   0.8891   0.8888   0.8887   0.8886   0.8885   0.8886   0.8887   0.8887
   0.8861   0.8857   0.8856   0.8859   0.8860   0.8862   0.8863   0.8862   0.8861   0.8861
   0.8833   0.8837   0.8839   0.8841   0.8837   0.8838   0.8837   0.8837   0.8838   0.8838
   0.8822   0.8813   0.8813   0.8810   0.8811   0.8812   0.8813   0.8814   0.8814   0.8813
   0.8773   0.8781   0.8787   0.8789   0.8791   0.8791   0.8789   0.8788   0.8787   0.8789
   0.8772   0.8770   0.8768   0.8764   0.8764   0.8762   0.8764   0.8765   0.8766   0.8765
   0.8737   0.8738   0.8733   0.8739   0.8739   0.8741   0.8742   0.8740   0.8741   0.8739
   0.8720   0.8718   0.8720   0.8720   0.8718   0.8719   0.8716   0.8716   0.8717   0.8717
   0.8703   0.8689   0.8691   0.8686   0.8684   0.8686   0.8686   0.8687   0.8688   0.8687
   0.8650   0.8653   0.8657   0.8661   0.8662   0.8661   0.8658   0.8660   0.8658   0.8659
   0.8644   0.8640   0.8635   0.8631   0.8635   0.8633   0.8633   0.8635   0.8636   0.8635
   0.8588   0.8598   0.8599   0.8600   0.8604   0.8606   0.8604   0.8603   0.8604   0.8603
   0.8595   0.8590   0.8590   0.8587   0.8584   0.8582   0.8580   0.8580   0.8581   0.8581
   0.8556   0.8540   0.8540   0.8538   0.8538   0.8539   0.8540   0.8543   0.8541   0.8540
   0.8503   0.8509   0.8513   0.8513   0.8515   0.8513   0.8509   0.8508   0.8507   0.8509
   0.8478   0.8483   0.8487   0.8474   0.8470   0.8468   0.8469   0.8471   0.8472   0.8475
   0.8432   0.8439   0.8432   0.8438   0.8438   0.8440   0.8440   0.8439   0.8440   0.8437
   0.8411   0.8413   0.8412   0.8411   0.8406   0.8404   0.8403   0.8403   0.8405   0.8406
   0.8361   0.8351   0.8355   0.8353   0.8360   0.8362   0.8363   0.8362   0.8360   0.8361
   0.8312   0.8320   0.8328   0.8327   0.8323   0.8323   0.8321   0.8320   0.8320   0.8322
   0.8257   0.8275   0.8276   0.8271   0.8263   0.8265   0.8271   0.8268   0.8270   0.8272
   0.8213   0.8226   0.8219   0.8228   0.8222   0.8224   0.8230   0.8228   0.8231   0.8229
   0.8175   0.8182   0.8184   0.8182   0.8181   0.8178   0.8175   0.8175   0.8178   0.8178
   0.8116   0.8130   0.8121   0.8127   0.8125   0.8125   0.8126   0.8126   0.8129   0.8127
   0.8052   0.8070   0.8076   0.8087   0.8089   0.8088   0.8081   0.8078   0.8078   0.8078
   0.8045   0.8023   0.8032   0.8022   0.8025   0.8021   0.8023   0.8025   0.8025   0.8026
   0.7950   0.7976   0.7960   0.7970   0.7979   0.7984   0.7970   0.7972   0.7973   0.7969
   0.7914   0.7923   0.7934   0.7946   0.7954   0.7942   0.7946   0.7938   0.7936   0.7939
   0.7830   0.7866   0.7858   0.7861   0.7846   0.7846   0.7846   0.7844   0.7843   0.7844
   0.7774   0.7732   0.7774   0.7722   0.7705   0.7731   0.7741   0.7740   0.7734   0.7747
   0.7667   0.7683   0.7719   0.7714   0.7705   0.7694   0.7707   0.7704   0.7704   0.7711
   0.7610   0.7609   0.7538   0.7575   0.7589   0.7608   0.7621   0.7621   0.7622   0.7598
   0.7534   0.7482   0.7506   0.7499   0.7522   0.7500   0.7508   0.7503   0.7495   0.7498
   0.7610   0.7593   0.7565   0.7536   0.7499   0.7519   0.7527   0.7531   0.7538   0.7535
   0.7395   0.7169   0.7298   0.7330   0.7342   0.7362   0.7368   0.7378   0.7337   0.7348
   0.7089   0.7159   0.7224   0.7251   0.7256   0.7247   0.7256   0.7239   0.7239   0.7250
   0.7288   0.7201   0.7204   0.7178   0.7190   0.7202   0.7209   0.7214   0.7208   0.7208
   0.7053   0.6697   0.6799   0.6862   0.6919   0.6831   0.6851   0.6877   0.6812   0.6843
   0.7026   0.7004   0.6905   0.6943   0.6943   0.6943   0.6955   0.6964   0.6965   0.6948
   0.6897   0.6445   0.6327   0.6508   0.6531   0.6589   0.6626   0.6673   0.6610   0.6546
   0.6666   0.6618   0.6471   0.6594   0.6560   0.6535   0.6516   0.6504   0.6524   0.6497
   0.6000   0.5916   0.6022   0.6061   0.6074   0.6129   0.6092   0.6169   0.6144   0.6133
   0.6195   0.6226   0.5801   0.5882   0.5932   0.5992   0.5971   0.5933   0.5980   0.5886
   0.6230   0.5768   0.5545   0.5685   0.5770   0.5719   0.5803   0.5870   0.5809   0.5739
   0.5182   0.4755   0.5211   0.5364   0.5282   0.5231   0.5313   0.5261   0.5156   0.5248
   0.4741   0.4486   0.4453   0.4521   0.4704   0.4763   0.4710   0.4630   0.4622   0.4560
   0.5086   0.4471   0.4358   0.4244   0.4299   0.4281   0.4251   0.4275   0.4312   0.4365
   0.4324   0.4117   0.4630   0.4772   0.4831   0.4734   0.4501   0.4515   0.4482   0.4544
   0.3620   0.3842   0.4148   0.3891   0.4000   0.4201   0.4028   0.4090   0.4115   0.4001
   0.3852   0.3862   0.3979   0.3891   0.3538   0.3601   0.3683   0.3660   0.3659   0.3639
   0.3933   0.3329   0.2727   0.2638   0.2638   0.2736   0.2768   0.2912   0.2916   0.2985
   0.3334   0.2601   0.2865   0.3022   0.3153   0.3213   0.3306   0.3333   0.3324   0.3326
   0.2184   0.2520   0.2707   0.2552   0.2728   0.2709   0.2739   0.2735   0.2723   0.2740
   0.2159   0.2802   0.2566   0.2753   0.2681   0.2788   0.2807   0.2759   0.2760   0.2717
   0.2688   0.2404   0.2572   0.2582   0.2442   0.2401   0.2494   0.2454   0.2412   0.2395
   0.2357   0.2278   0.2265   0.2189   0.2143   0.2111   0.2106   0.2189   0.2254   0.2265
   0.2432   0.1944   0.1915   0.2034   0.2048   0.2071   0.2084   0.2082   0.2072   0.2085
   0.2129   0.2149   0.2009   0.2028   0.2057   0.2017   0.2029   0.2059   0.2060   0.2024
   0.2083   0.2143   0.2074   0.1966   0.1912   0.1969   0.1949   0.1926   0.1905   0.1866
   0.2203   0.2229   0.1929   0.1915   0.2000   0.1895   0.1898   0.1910   0.1892   0.1882
   0.1726   0.1757   0.1726   0.1607   0.1668   0.1623   0.1643   0.1742   0.1728   0.1741
   0.1753   0.1738   0.1788   0.1734   0.1807   0.1717   0.1729   0.1721   0.1732   0.1719
   0.1539   0.1621   0.1607   0.1599   0.1526   0.1527   0.1541   0.1516   0.1514   0.1568
   0.1576   0.1621   0.1662   0.1582   0.1585   0.1587   0.1575   0.1599   0.1573   0.1559
   0.1417   0.1368   0.1450   0.1435   0.1444   0.1504   0.1499   0.1497   0.1458   0.1485
   0.1433   0.1509   0.1587   0.1517   0.1475   0.1447   0.1432   0.1441   0.1471   0.1481
   0.1180   0.1292   0.1292   0.1349   0.1316   0.1309   0.1298   0.1308   0.1300   0.1307
   0.1270   0.1304   0.1266   0.1197   0.1252   0.1275   0.1251   0.1227   0.1206   0.1226
   0.1448   0.1267   0.1234   0.1258   0.1285   0.1292   0.1335   0.1297   0.1303   0.1282
   0.1167   0.1287   0.1279   0.1296   0.1296   0.1281   0.1278   0.1259   0.1260   0.1239
   0.1192   0.1170   0.1183   0.1176   0.1204   0.1202   0.1163   0.1154   0.1153   0.1160
   0.1174   0.1187   0.1143   0.1175   0.1190   0.1179   0.1200   0.1177   0.1179   0.1186
   0.1155   0.1165   0.1136   0.1144   0.1127   0.1141   0.1128   0.1124   0.1105   0.1107
   0.1112   0.1125   0.1178   0.1139   0.1128   0.1119   0.1120   0.1125   0.1137   0.1151
   0.1021   0.1063   0.1076   0.1089   0.1070   0.1077   0.1066   0.1059   0.1063   0.1056
   0.1104   0.1112   0.1024   0.1047   0.1049   0.1043   0.1046   0.1031   0.1025   0.1018
   0.1067   0.1087   0.1049   0.1036   0.1039   0.1040   0.1025   0.1023   0.1038   0.1018
   0.0914   0.0973   0.0948   0.0945   0.0948   0.0942   0.0947   0.0944   0.0955   0.0942
   0.0906   0.0934   0.0916   0.0944   0.0969   0.0976   0.0987   0.0988   0.0988   0.0984
   0.1098   0.1034   0.0982   0.0971   0.0980   0.0975   0.0976   0.0953   0.0942   0.0946
   0.0965   0.0963   0.1012   0.1002   0.1001   0.0996   0.0990   0.0982   0.0962   0.0957
   0.1041   0.0984   0.0953   0.0936   0.0925   0.0934   0.0927   0.0926   0.0928   0.0924
   0.0981   0.0887   0.0873   0.0862   0.0876   0.0881   0.0888   0.0890   0.0890   0.0891
   0.0972   0.0965   0.0925   0.0913   0.0909   0.0908   0.0908   0.0893   0.0887   0.0878
   0.0905   0.0829   0.0850   0.0847   0.0848   0.0872   0.0877   0.0879   0.0874   0.0867
   0.0819   0.0810   0.0828   0.0834   0.0828   0.0822   0.0822   0.0826   0.0825   0.0827
   0.0867   0.0826   0.0816   0.0797   0.0785   0.0794   0.0795   0.0789   0.0785   0.0794
   0.0766   0.0741   0.0761   0.0763   0.0774   0.0780   0.0776   0.0778   0.0779   0.0789
   0.0778   0.0804   0.0794   0.0805   0.0809   0.0803   0.0796   0.0797   0.0801   0.0796
   0.0811   0.0801   0.0800   0.0796   0.0790   0.0783   0.0782   0.0779   0.0777   0.0780
   0.0821   0.0827   0.0782   0.0780   0.0779   0.0776   0.0773   0.0780   0.0781   0.0777
   0.0806   0.0785   0.0760   0.0740   0.0760   0.0754   0.0750   0.0746   0.0750   0.0746
   0.0743   0.0726   0.0743   0.0734   0.0727   0.0740   0.0750   0.0752   0.0745   0.0739
   0.0787   0.0770   0.0767   0.0768   0.0760   0.0766   0.0757   0.0755   0.0753   0.0751
   0.0761   0.0719   0.0715   0.0731   0.0720   0.0713   0.0726   0.0726   0.0735   0.0726
   0.0744   0.0755   0.0746   0.0730   0.0726   0.0713   0.0713   0.0711   0.0706   0.0702
   0.0729   0.0689   0.0690   0.0693   0.0704   0.0714   0.0705   0.0705   0.0708   0.0706
   0.0750   0.0711   0.0694   0.0695   0.0689   0.0695   0.0697   0.0695   0.0692   0.0688
   0.0672   0.0659   0.0678   0.0674   0.0662   0.0672   0.0671   0.0670   0.0669   0.0668
   0.0718   0.0701   0.0690   0.0683   0.0691   0.0681   0.0683   0.0680   0.0679   0.0681
   0.0694   0.0685   0.0664   0.0669   0.0667   0.0660   0.0654   0.0651   0.0650   0.0652
   0.0649   0.0649   0.0640   0.0646   0.0648   0.0662   0.0661   0.0665   0.0663   0.0659
   0.0571   0.0582   0.0593   0.0596   0.0606   0.0619   0.0624   0.0623   0.0625   0.0624
   0.0679   0.0640   0.0634   0.0643   0.0641   0.0641   0.0642   0.0644   0.0644   0.0647
   0.0636   0.0608   0.0617   0.0613   0.0620   0.0622   0.0622   0.0628   0.0623   0.0621
   0.0606   0.0604   0.0596   0.0593   0.0598   0.0598   0.0602   0.0601   0.0605   0.0603
   0.0597   0.0618   0.0620   0.0624   0.0613   0.0610   0.0615   0.0611   0.0613   0.0612
   0.0615   0.0633   0.0615   0.0626   0.0623   0.0617   0.0613   0.0618   0.0616   0.0614

   0.7330   0.7383   0.7339   0.7269   0.7238   0.7250   0.7261   0.7276   0.7284   0.7286
   0.7239   0.7187   0.7244   0.7284   0.7332   0.7345   0.7349   0.7343   0.7317   0.7323
   0.7663   0.7605   0.7569   0.7578   0.7517   0.7461   0.7461   0.7470   0.7491   0.7481
   0.7819   0.7619   0.7514   0.7519   0.7568   0.7595   0.7585   0.7602   0.7586   0.7568
   0.7631   0.7767   0.7759   0.7738   0.7785   0.7740   0.7706   0.7688   0.7703   0.7715
   0.7947   0.7993   0.7903   0.7819   0.7785   0.7822   0.7842   0.7870   0.7874   0.7857
   0.7681   0.7738   0.7843   0.7871   0.7935   0.7932   0.7940   0.7875   0.7858   0.7877
   0.8123   0.8276   0.8226   0.8176   0.8046   0.8004   0.8007   0.8045   0.8081   0.8086
   0.8207   0.7938   0.7932   0.7977   0.8043   0.8097   0.8118   0.8132   0.8085   0.8075
   0.8207   0.8232   0.8293   0.8312   0.8339   0.8279   0.8215   0.8213   0.8228   0.8231
   0.8777   0.8661   0.8423   0.8357   0.8343   0.8365   0.8363   0.8394   0.8394   0.8368
   0.8339   0.8319   0.8358   0.8366   0.8430   0.8470   0.8463   0.8422   0.8389   0.8393
   0.8750   0.8672   0.8717   0.8646   0.8566   0.8564   0.8571   0.8580   0.8586   0.8598
   0.8932   0.8692   0.8691   0.8690   0.8734   0.8720   0.8748   0.8758   0.8722   0.8720
   0.8997   0.9148   0.9041   0.9028   0.9088   0.8966   0.8953   0.8942   0.8978   0.8968
   0.9176   0.9264   0.9089   0.9055   0.9053   0.9095   0.9070   0.9071   0.9097   0.9086
   0.9229   0.8978   0.9039   0.9102   0.9105   0.9160   0.9173   0.9145   0.9118   0.9110
   0.9860   0.9603   0.9589   0.9540   0.9402   0.9378   0.9325   0.9329   0.9362   0.9380
   0.9617   0.9331   0.9369   0.9258   0.9292   0.9359   0.9347   0.9411   0.9358   0.9381
   0.9256   0.9461   0.9509   0.9499   0.9516   0.9404   0.9447   0.9398   0.9425   0.9457
   0.9559   0.9607   0.9475   0.9550   0.9610   0.9568   0.9625   0.9617   0.9617   0.9596
   0.9531   0.9541   0.9564   0.9649   0.9678   0.9678   0.9719   0.9636   0.9670   0.9646
   0.9831   0.9810   0.9839   0.9893   0.9822   0.9873   0.9774   0.9770   0.9781   0.9783
   1.0261   1.0058   1.0100   0.9986   1.0012   0.9979   1.0009   1.0018   0.9986   1.0008
   0.9979   1.0076   1.0094   1.0101   1.0116   1.0080   1.0087   1.0138   1.0105   1.0126
   1.0079   1.0259   1.0257   1.0241   1.0228   1.0198   1.0219   1.0175   1.0186   1.0203
   1.0453   1.0490   1.0384   1.0400   1.0319   1.0375   1.0434   1.0427   1.0464   1.0419
   1.0803   1.0545   1.0612   1.0709   1.0836   1.0868   1.0787   1.0781   1.0723   1.0722
   1.0732   1.0676   1.0886   1.0834   1.0896   1.0801   1.0793   1.0780   1.0756   1.0824
   1.0963   1.1168   1.0948   1.0949   1.1054   1.1093   1.1089   1.1039   1.1037   1.1029
   1.1417   1.1611   1.1468   1.1466   1.1375   1.1327   1.1394   1.1354   1.1410   1.1373
   1.2084   1.1826   1.1572   1.1528   1.1488   1.1570   1.1613   1.1668   1.1662   1.1612
   1.2337   1.1771   1.2057   1.1995   1.2111   1.2083   1.2003   1.2013   1.1920   1.1971
   1.2603   1.2534   1.2479   1.2267   1.2366   1.2133   1.2177   1.2193   1.2216   1.2219
   1.2266   1.2058   1.1937   1.2086   1.2187   1.2301   1.2305   1.2308   1.2246   1.2214
   1.2690   1.2703   1.2966   1.2800   1.2865   1.2688   1.2693   1.2618   1.2650   1.2696
   1.3498   1.3330   1.2872   1.2686   1.2530   1.2523   1.2558   1.2636   1.2685   1.2649
   1.2786   1.3024   1.3059   1.3018   1.3007   1.3071   1.3116   1.3070   1.3044   1.3106
   1.2725   1.3166   1.3084   1.3073   1.2986   1.2928   1.2974   1.2947   1.3050   1.3013
   1.3913   1.3549   1.3449   1.3118   1.3013   1.3256   1.3260   1.3316   1.3311   1.3299
   1.4437   1.3760   1.3826   1.3829   1.4185   1.4289   1.4372   1.4322   1.4349   1.4244
   1.4890   1.5903   1.5116   1.6216   1.5919   1.5457   1.5268   1.5211   1.5382   1.5205
   1.5072   1.4847   1.4449   1.4465   1.4738   1.4840   1.4760   1.4776   1.4722   1.4650
   1.6019   1.5506   1.6109   1.5956   1.5623   1.5448   1.5388   1.5384   1.5319   1.5551
   1.6390   1.6463   1.6513   1.6735   1.6377   1.6741   1.6507   1.6468   1.6472   1.6451
   1.5117   1.4863   1.4930   1.5375   1.5617   1.5604   1.5514   1.5422   1.5387   1.5341
   1.5749   1.7433   1.7269   1.7273   1.7255   1.7038   1.6788   1.6557   1.6863   1.6871
   1.6891   1.7391   1.6889   1.6494   1.6380   1.6398   1.6440   1.6423   1.6622   1.6500
   1.6308   1.6859   1.6567   1.6702   1.6899   1.6821   1.7004   1.6856   1.6913   1.6838
   1.7295   2.1330   2.0432   1.9663   1.9065   1.9831   1.9423   1.9148   1.9773   1.9619
   1.9269   1.9001   1.8479   1.8352   1.8348   1.8265   1.8446   1.8395   1.8495   1.8393
   1.7884   2.1817   2.2980   2.1646   2.1263   2.1041   2.0667   2.0297   2.0913   2.1468
   1.9304   1.8967   2.0093   1.9878   2.0352   2.0068   2.0210   2.0232   1.9979   2.0171
   2.1456   2.3467   2.2215   2.2904   2.3217   2.2844   2.3244   2.2707   2.2947   2.2668
   1.8708   1.9803   2.3065   2.2247   2.2177   2.2031   2.2026   2.1935   2.1769   2.2522
   2.0800   2.5144   2.4863   2.4367   2.3380   2.4368   2.4009   2.3652   2.4129   2.4294
   2.3650   2.3471   2.3957   2.3530   2.3382   2.2859   2.2414   2.2362   2.2588   2.2623
   2.6131   2.4502   2.4435   2.5754   2.4972   2.4141   2.3653   2.4143   2.3863   2.4096
   2.2241   2.4630   2.3853   2.3704   2.4290   2.4920   2.4273   2.4268   2.4034   2.3711
   2.2315   2.2226   2.2466   2.2128   2.1710   2.1830   2.2319   2.2184   2.1935   2.2235
   2.2631   2.0223   2.0704   2.1520   2.1668   2.2468   2.2250   2.1984   2.1688   2.1909
   2.1539   2.2163   2.3149   2.2450   2.1677   2.1380   2.1400   2.1128   2.0679   2.0714
   2.1703   2.0066   1.9203   1.8595   1.8452   1.8535   1.8449   1.8779   1.8649   1.8864
   1.9289   1.8772   1.8160   1.7970   1.7518   1.7786   1.8422   1.8353   1.8144   1.8099
   1.6947   1.7547   1.8204   1.7290   1.7986   1.7506   1.7296   1.7155   1.7100   1.6997
   1.8794   1.9078   1.8375   1.8212   1.8034   1.8227   1.7897   1.7550   1.7620   1.7508
   1.9168   1.7306   1.7002   1.6861   1.6391   1.6162   1.6115   1.5999   1.5785   1.5590
   1.5977   1.5691   1.5290   1.4675   1.4915   1.4841   1.4828   1.4854   1.5470   1.5482
   1.8289   1.6651   1.5427   1.5426   1.5258   1.5246   1.5162   1.5100   1.5011   1.5104
   1.6624   1.5791   1.5118   1.5038   1.4741   1.4605   1.4501   1.4496   1.4530   1.4372
   1.7647   1.6714   1.5754   1.5130   1.4974   1.4883   1.4744   1.4688   1.4545   1.4514
   1.6022   1.4951   1.4497   1.4263   1.4255   1.3995   1.3808   1.3676   1.3578   1.3583
   1.4762   1.4115   1.3794   1.3570   1.3666   1.3494   1.3562   1.3995   1.3928   1.3785
   1.4305   1.3645   1.3257   1.3339   1.3487   1.3340   1.3354   1.3303   1.3490   1.3421
   1.3773   1.4100   1.3552   1.3311   1.3032   1.2790   1.2786   1.2751   1.2935   1.3098
   1.3746   1.3364   1.2945   1.2841   1.2868   1.2831   1.2880   1.2803   1.2748   1.2705
   1.4114   1.2943   1.3060   1.2864   1.2681   1.2761   1.2620   1.2517   1.2366   1.2361
   1.3389   1.2930   1.2786   1.2381   1.2294   1.2092   1.2106   1.2102   1.2144   1.2092
   1.2673   1.1913   1.2102   1.2003   1.1923   1.1762   1.1758   1.1706   1.1734   1.1685
   1.3098   1.2441   1.2164   1.1808   1.1705   1.1738   1.1685   1.1634   1.1557   1.1640
   1.4598   1.2940   1.2393   1.2020   1.1889   1.1669   1.1746   1.1711   1.1679   1.1598
   1.2414   1.1510   1.1369   1.1365   1.1379   1.1337   1.1306   1.1290   1.1337   1.1274
   1.3216   1.2087   1.1981   1.1638   1.1511   1.1441   1.1396   1.1437   1.1360   1.1293
   1.2279   1.1576   1.1273   1.1130   1.1043   1.1020   1.0996   1.0981   1.0935   1.0985
   1.2461   1.1446   1.1142   1.0849   1.0675   1.0661   1.0678   1.0612   1.0554   1.0593
   1.3004   1.1367   1.1301   1.0973   1.0859   1.0798   1.0852   1.0906   1.0851   1.0853
   1.1451   1.0907   1.0762   1.0592   1.0455   1.0384   1.0358   1.0324   1.0314   1.0282
   1.1360   1.0902   1.0749   1.0627   1.0495   1.0445   1.0400   1.0306   1.0298   1.0291
   1.1645   1.0554   1.0291   1.0275   1.0138   1.0054   1.0021   0.9989   0.9975   1.0013
   1.1697   1.0822   1.0691   1.0408   1.0302   1.0256   1.0202   1.0140   1.0117   1.0060
   1.0795   1.0044   0.9766   0.9708   0.9642   0.9678   0.9706   0.9696   0.9700   0.9694
   1.2102   1.0892   1.0442   1.0198   1.0063   0.9944   0.9961   0.9872   0.9798   0.9767
   1.1683   1.0613   1.0274   1.0220   1.0089   0.9994   0.9873   0.9813   0.9813   0.9757
   1.0464   0.9946   0.9841   0.9721   0.9580   0.9497   0.9580   0.9534   0.9567   0.9504
   1.0768   0.9783   0.9645   0.9546   0.9400   0.9339   0.9297   0.9281   0.9250   0.9249
   1.0999   0.9959   0.9622   0.9571   0.9444   0.9397   0.9385   0.9348   0.9315   0.9290
   1.1001   0.9941   0.9738   0.9510   0.9434   0.9369   0.9279   0.9255   0.9188   0.9172
   1.0521   0.9807   0.9433   0.9179   0.9169   0.9120   0.9130   0.9065   0.9010   0.8953
   1.0491   0.9594   0.9288   0.9125   0.9056   0.8983   0.8905   0.8861   0.8859   0.8826
   1.0074   0.9117   0.9102   0.9011   0.8886   0.8813   0.8815   0.8773   0.8735   0.8710
   1.0162   0.9541   0.9287   0.9099   0.9051   0.9006   0.8958   0.8946   0.8869   0.8835
   1.0269   0.9387   0.9217   0.9036   0.8954   0.8851   0.8841   0.8793   0.8746   0.8692
   1.0494   0.9367   0.9155   0.8945   0.8857   0.8706   0.8656   0.8590   0.8561   0.8568
   0.9731   0.8904   0.8558   0.8534   0.8549   0.8536   0.8536   0.8498   0.8500   0.8476
   0.9689   0.8953   0.8713   0.8572   0.8487   0.8397   0.8363   0.8335   0.8339   0.8326
   1.0028   0.9210   0.8697   0.8497   0.8459   0.8412   0.8359   0.8350   0.8332   0.8267
   1.0123   0.8943   0.8699   0.8474   0.8377   0.8341   0.8331   0.8280   0.8261   0.8235
   0.9500   0.8725   0.8457   0.8296   0.8305   0.8276   0.8242   0.8199   0.8198   0.8213
   0.9221   0.8855   0.8521   0.8362   0.8236   0.8211   0.8160   0.8112   0.8088   0.8084
   0.9308   0.8512   0.8275   0.8221   0.8146   0.8110   0.8050   0.8022   0.7985   0.7955
   0.9362   0.8510   0.8300   0.8151   0.8041   0.7985   0.7928   0.7889   0.7896   0.7880
   0.9691   0.8617   0.8335   0.8180   0.8119   0.8090   0.7992   0.7965   0.7927   0.7883
   0.8872   0.8278   0.8095   0.7888   0.7834   0.7786   0.7794   0.7779   0.7800   0.7772
   0.8960   0.8155   0.7878   0.7797   0.7698   0.7693   0.7651   0.7608   0.7620   0.7613
   0.9062   0.8200   0.7870   0.7746   0.7728   0.7607   0.7575   0.7579   0.7568   0.7561
   0.8807   0.8111   0.7753   0.7640   0.7581   0.7546   0.7503   0.7450   0.7425   0.7423
   0.8647   0.8032   0.7739   0.7599   0.7528   0.7509   0.7434   0.7458   0.7450   0.7409
   0.8513   0.7913   0.7671   0.7543   0.7544   0.7494   0.7454   0.7406   0.7380   0.7370
   0.8452   0.7725   0.7601   0.7499   0.7407   0.7349   0.7307   0.7291   0.7281   0.7253
   0.8564   0.7829   0.7576   0.7482   0.7409   0.7402   0.7332   0.7258   0.7262   0.7230

   4.1073e-01   3.9853e-01   3.9589e-01   3.9102e-01   3.9030e-01   3.8893e-01   3.8603e-01   3.8966e-01   3.8923e-01   3.8939e-01
   3.9414e-01   3.8794e-01   3.9767e-01   3.9702e-01   3.9682e-01   3.9954e-01   3.9878e-01   3.9872e-01   3.9697e-01   3.9862e-01
   4.2525e-01   4.1645e-01   4.2429e-01   4.2282e-01   4.1880e-01   4.1420e-01   4.1667e-01   4.1622e-01   4.1642e-01   4.1749e-01
   4.6225e-01   4.4083e-01   4.3294e-01   4.3158e-01   4.3597e-01   4.3365e-01   4.3424e-01   4.3697e-01   4.3543e-01   4.3373e-01
   4.3521e-01   4.4760e-01   4.3842e-01   4.4159e-01   4.5083e-01   4.4594e-01   4.4809e-01   4.4509e-01   4.4720e-01   4.4568e-01
   4.6135e-01   4.9035e-01   4.8612e-01   4.8609e-01   4.7547e-01   4.7787e-01   4.7941e-01   4.7813e-01   4.8143e-01   4.8158e-01
   4.5969e-01   4.7029e-01   4.7880e-01   4.7950e-01   4.8282e-01   4.8146e-01   4.8362e-01   4.7850e-01   4.7867e-01   4.7938e-01
   5.2134e-01   5.2958e-01   5.2373e-01   5.1834e-01   5.0685e-01   5.0536e-01   5.0507e-01   5.1118e-01   5.1371e-01   5.1354e-01
   5.0400e-01   4.9521e-01   4.9794e-01   5.0548e-01   5.2362e-01   5.2634e-01   5.2761e-01   5.2607e-01   5.2038e-01   5.1977e-01
   5.8048e-01   5.6664e-01   5.6995e-01   5.6471e-01   5.7884e-01   5.6726e-01   5.6062e-01   5.6144e-01   5.6405e-01   5.6283e-01
   5.9881e-01   6.2108e-01   6.0125e-01   5.9300e-01   5.9342e-01   5.9056e-01   5.8936e-01   5.8961e-01   5.9381e-01   5.9160e-01
   6.2137e-01   6.0329e-01   5.9250e-01   5.9045e-01   5.9362e-01   6.1794e-01   6.1292e-01   6.1269e-01   6.0775e-01   6.0453e-01
   6.1001e-01   6.1703e-01   6.2917e-01   6.2422e-01   6.2160e-01   6.4385e-01   6.4392e-01   6.3806e-01   6.3772e-01   6.3889e-01
   6.5348e-01   6.6985e-01   7.0928e-01   6.9659e-01   6.8878e-01   6.7945e-01   6.7732e-01   6.7667e-01   6.7626e-01   6.8243e-01
   8.0610e-01   7.9433e-01   7.5208e-01   7.3519e-01   7.5644e-01   7.3267e-01   7.3592e-01   7.4191e-01   7.4526e-01   7.3998e-01
   7.2753e-01   7.8819e-01   7.6713e-01   7.7336e-01   7.8219e-01   7.7994e-01   7.7323e-01   7.6632e-01   7.7055e-01   7.7109e-01
   9.8090e-01   8.8018e-01   8.3198e-01   8.2458e-01   8.0411e-01   8.1152e-01   8.1848e-01   8.3213e-01   8.3246e-01   8.2065e-01
   9.0240e-01   9.3502e-01   9.2584e-01   9.1162e-01   8.8589e-01   9.0125e-01   8.7821e-01   8.7333e-01   8.9145e-01   8.9312e-01
   8.2313e-01   8.0195e-01   8.8740e-01   8.4794e-01   8.7210e-01   8.7257e-01   8.7064e-01   8.7868e-01   8.6141e-01   8.8216e-01
   8.1471e-01   8.7617e-01   8.8808e-01   8.8868e-01   8.8388e-01   8.5771e-01   8.8310e-01   8.7299e-01   8.7530e-01   8.8425e-01
   8.4233e-01   8.9639e-01   8.6415e-01   9.6440e-01   1.0025e+00   9.7203e-01   9.8317e-01   9.6621e-01   9.5858e-01   9.5135e-01
   1.0249e+00   9.9414e-01   1.0041e+00   9.7746e-01   9.8081e-01   9.8277e-01   1.0126e+00   9.8989e-01   1.0060e+00   9.9132e-01
   9.0981e-01   9.9315e-01   1.0104e+00   1.0222e+00   9.9672e-01   1.0366e+00   1.0162e+00   1.0060e+00   1.0075e+00   1.0120e+00
   1.1222e+00   1.0581e+00   1.1016e+00   1.0866e+00   1.0810e+00   1.0608e+00   1.0758e+00   1.0820e+00   1.0717e+00   1.0781e+00
   9.7998e-01   1.0350e+00   1.0348e+00   1.0757e+00   1.0784e+00   1.0642e+00   1.0761e+00   1.0935e+00   1.0824e+00   1.0856e+00
   1.0921e+00   1.1810e+00   1.1484e+00   1.1651e+00   1.1817e+00   1.2057e+00   1.1885e+00   1.1655e+00   1.1797e+00   1.1740e+00
   1.2991e+00   1.2842e+00   1.2423e+00   1.2341e+00   1.2311e+00   1.2656e+00   1.3130e+00   1.3120e+00   1.3238e+00   1.3074e+00
   1.3598e+00   1.2743e+00   1.2747e+00   1.3964e+00   1.4942e+00   1.5030e+00   1.4791e+00   1.4637e+00   1.4309e+00   1.4153e+00
   1.3475e+00   1.3543e+00   1.4601e+00   1.4228e+00   1.4560e+00   1.4091e+00   1.4290e+00   1.4233e+00   1.4143e+00   1.4403e+00
   1.4973e+00   1.5653e+00   1.4871e+00   1.5407e+00   1.6165e+00   1.6269e+00   1.6049e+00   1.5813e+00   1.5751e+00   1.5622e+00
   1.9461e+00   2.0274e+00   1.8602e+00   1.8224e+00   1.7432e+00   1.7163e+00   1.7340e+00   1.7571e+00   1.7968e+00   1.7597e+00
   2.0202e+00   1.8727e+00   1.7604e+00   1.7780e+00   1.8093e+00   1.9001e+00   1.9057e+00   1.9161e+00   1.9047e+00   1.8716e+00
   2.3961e+00   2.0419e+00   2.2077e+00   2.1939e+00   2.4163e+00   2.3294e+00   2.2435e+00   2.2719e+00   2.2070e+00   2.2172e+00
   2.8943e+00   2.6084e+00   2.4944e+00   2.3366e+00   2.4594e+00   2.3309e+00   2.3143e+00   2.3866e+00   2.3556e+00   2.3601e+00
   2.1737e+00   2.2413e+00   2.1365e+00   2.2734e+00   2.3433e+00   2.4269e+00   2.4462e+00   2.4163e+00   2.3823e+00   2.3745e+00
   3.0282e+00   2.7686e+00   3.1307e+00   2.9496e+00   2.9891e+00   2.8499e+00   2.8941e+00   2.8900e+00   2.8556e+00   2.8945e+00
   3.6342e+00   3.3897e+00   3.0983e+00   2.8703e+00   2.7902e+00   2.8190e+00   2.8819e+00   2.9628e+00   2.9783e+00   2.9429e+00
   3.0345e+00   3.2911e+00   3.1809e+00   3.1710e+00   3.1088e+00   3.1495e+00   3.1826e+00   3.1590e+00   3.1693e+00   3.1839e+00
   3.3467e+00   3.3412e+00   3.4276e+00   3.2686e+00   3.2619e+00   3.1743e+00   3.4139e+00   3.3721e+00   3.3950e+00   3.4122e+00
   3.3143e+00   3.3672e+00   3.2135e+00   2.9987e+00   2.9052e+00   3.0945e+00   3.1108e+00   3.1805e+00   3.2240e+00   3.1850e+00
   6.0155e+00   4.5026e+00   4.4613e+00   4.2343e+00   4.5867e+00   4.8614e+00   4.9084e+00   5.0058e+00   5.1421e+00   4.9882e+00
   4.6648e+00   8.4112e+00   6.7980e+00   1.1279e+01   1.0355e+01   9.2440e+00   8.5836e+00   8.1615e+00   8.5987e+00   8.1042e+00
   8.2628e+00   6.4640e+00   5.6335e+00   5.4565e+00   5.7728e+00   5.9127e+00   5.6720e+00   5.9661e+00   5.7927e+00   5.6521e+00
   7.8084e+00   7.7630e+00   1.1967e+01   1.0436e+01   9.5138e+00   8.6794e+00   8.1636e+00   8.1017e+00   8.0046e+00   9.3240e+00
   7.7035e+00   1.1022e+01   1.0074e+01   9.6350e+00   8.9415e+00   1.0770e+01   1.0119e+01   9.9956e+00   1.0475e+01   1.0222e+01
   4.0093e+00   4.8528e+00   5.0891e+00   6.3466e+00   6.9353e+00   6.6178e+00   6.3742e+00   6.1366e+00   6.0883e+00   6.0341e+00
   8.2545e+00   1.9507e+01   1.5999e+01   1.4406e+01   1.4055e+01   1.2941e+01   1.2153e+01   1.1552e+01   1.3392e+01   1.3302e+01
   1.2103e+01   1.2828e+01   1.0928e+01   1.0057e+01   9.7209e+00   9.7043e+00   9.4334e+00   9.7928e+00   1.0227e+01   9.8320e+00
   8.2321e+00   1.0638e+01   1.0697e+01   1.2036e+01   1.1957e+01   1.1576e+01   1.1339e+01   1.0945e+01   1.1165e+01   1.1147e+01
   1.1835e+01   5.4240e+02   1.3208e+03   1.3553e+03   1.2656e+03   1.1348e+03   1.0343e+03   9.4756e+02   8.8126e+02   1.1176e+03
   1.0478e+01   1.2088e+01   1.5371e+01   1.4484e+01   1.4542e+01   1.5021e+01   1.5129e+01   1.4541e+01   1.4469e+01   1.4965e+01
   1.1727e+01   4.5324e+01   8.7581e+02   1.2407e+03   1.2482e+03   1.1941e+03   1.1170e+03   1.0428e+03   9.6121e+02   1.0161e+03
   2.0078e+01   1.9590e+01   2.9108e+01   2.6646e+01   2.7836e+01   2.7256e+01   2.8571e+01   2.8485e+01   2.7303e+01   2.8587e+01
   4.7211e+01   7.0126e+01   5.7375e+01   5.6871e+01   5.8177e+01   5.3070e+01   5.8302e+01   5.3895e+01   5.7954e+01   5.5588e+01
   2.5489e+01   2.7792e+01   5.9849e+02   9.8351e+02   1.0466e+03   1.0244e+03   9.5983e+02   8.9097e+02   8.4029e+02   8.4555e+02
   3.3433e+01   9.2182e+01   4.9448e+02   9.2574e+02   1.0081e+03   9.6908e+02   9.3450e+02   8.8765e+02   8.2947e+02   8.1309e+02
   5.7181e+02   3.8402e+02   3.0423e+02   2.4765e+02   2.1067e+02   3.5329e+02   6.5019e+02   7.5967e+02   7.9324e+02   8.4817e+02
   1.5232e+02   6.1340e+02   6.7847e+02   6.4427e+02   5.9794e+02   5.4020e+02   6.2482e+02   6.4738e+02   6.5605e+02   6.2753e+02
   9.8356e+01   6.4575e+02   5.9884e+02   5.4338e+02   4.9519e+02   4.6597e+02   5.5626e+02   5.3616e+02   5.0802e+02   5.4682e+02
   1.2101e+02   5.5710e+02   6.6321e+02   5.9577e+02   5.8763e+02   6.6888e+02   6.2957e+02   6.0094e+02   5.7000e+02   5.5796e+02
   3.6327e+02   4.9943e+02   4.9119e+02   4.7283e+02   5.2568e+02   5.7921e+02   5.4158e+02   5.3329e+02   5.1310e+02   4.8114e+02
   2.9261e+02   3.6825e+02   3.5624e+02   4.7866e+02   4.2374e+02   4.0218e+02   3.9345e+02   3.8522e+02   4.1065e+02   4.0792e+02
   4.7815e+02   3.7325e+02   2.7417e+02   2.6787e+02   2.7153e+02   2.9054e+02   2.9419e+02   3.2284e+02   3.2400e+02   3.3558e+02
   3.8060e+02   2.5968e+02   2.3812e+02   2.5709e+02   3.3817e+02   3.4720e+02   3.7243e+02   3.8033e+02   3.7733e+02   3.7966e+02
   8.7913e+01   8.9375e+01   2.6481e+02   2.3745e+02   2.8431e+02   2.7583e+02   2.7888e+02   2.6906e+02   2.6355e+02   2.7593e+02
   1.9901e+02   2.0258e+02   2.3335e+02   2.6195e+02   2.4612e+02   2.7229e+02   2.8453e+02   2.7369e+02   2.8336e+02   2.7824e+02
   2.6952e+02   2.3361e+02   2.4106e+02   2.4991e+02   2.2941e+02   2.2175e+02   2.3660e+02   2.3238e+02   2.2458e+02   2.2180e+02
   2.2423e+02   2.0002e+02   1.9608e+02   1.7915e+02   1.7827e+02   1.7291e+02   1.7689e+02   1.9059e+02   2.0148e+02   2.0333e+02
   2.4411e+02   1.6751e+02   1.5467e+02   1.7777e+02   1.7718e+02   1.8006e+02   1.7944e+02   1.7884e+02   1.7433e+02   1.7792e+02
   1.1755e+02   1.5658e+02   1.6062e+02   1.6529e+02   1.7241e+02   1.6630e+02   1.6587e+02   1.6959e+02   1.6994e+02   1.6550e+02
   1.5687e+02   1.4720e+02   1.5547e+02   1.4122e+02   1.3521e+02   1.4714e+02   1.4434e+02   1.4364e+02   1.4175e+02   1.3755e+02
   1.8621e+02   1.7891e+02   1.5040e+02   1.4900e+02   1.5974e+02   1.4588e+02   1.4417e+02   1.4391e+02   1.4100e+02   1.4104e+02
   1.1572e+02   1.2441e+02   1.2331e+02   1.0975e+02   1.1685e+02   1.1172e+02   1.1345e+02   1.2560e+02   1.2382e+02   1.2443e+02
   1.1098e+02   1.1284e+02   1.2513e+02   1.2308e+02   1.3356e+02   1.2177e+02   1.2320e+02   1.2211e+02   1.2482e+02   1.2321e+02
   1.0669e+02   1.1128e+02   1.0818e+02   1.0605e+02   9.6527e+01   9.5976e+01   9.6586e+01   9.4391e+01   9.4175e+01   1.0082e+02
   7.3928e+01   1.0076e+02   1.0672e+02   9.9055e+01   9.9340e+01   9.8935e+01   9.7954e+01   1.0040e+02   9.7869e+01   9.6792e+01
   7.9550e+01   7.6257e+01   8.5392e+01   8.4876e+01   8.5698e+01   9.2295e+01   9.2056e+01   9.2376e+01   8.8364e+01   9.0748e+01
   8.4621e+01   9.2743e+01   1.0202e+02   9.3924e+01   8.8739e+01   8.4841e+01   8.2687e+01   8.3445e+01   8.6756e+01   8.7552e+01
   6.1073e+01   6.6664e+01   6.9602e+01   7.4014e+01   7.3068e+01   7.1293e+01   7.0524e+01   7.1997e+01   7.1109e+01   7.1757e+01
   6.1238e+01   6.6528e+01   6.4936e+01   5.8328e+01   6.3688e+01   6.5524e+01   6.3523e+01   6.1732e+01   6.0199e+01   6.2629e+01
   7.3354e+01   6.6508e+01   6.3344e+01   6.4644e+01   6.7576e+01   6.8003e+01   7.2366e+01   6.8920e+01   6.9625e+01   6.7455e+01
   5.9863e+01   6.7385e+01   6.5348e+01   6.7123e+01   6.7535e+01   6.6630e+01   6.6923e+01   6.5184e+01   6.5723e+01   6.3686e+01
   6.1012e+01   5.5230e+01   5.7022e+01   5.6545e+01   5.8623e+01   5.8965e+01   5.5600e+01   5.5216e+01   5.5246e+01   5.5862e+01
   5.8692e+01   5.5845e+01   5.0337e+01   5.3767e+01   5.4412e+01   5.3566e+01   5.6696e+01   5.4960e+01   5.5654e+01   5.6295e+01
   5.6349e+01   5.4963e+01   5.3323e+01   5.3618e+01   5.1886e+01   5.3677e+01   5.2803e+01   5.2391e+01   5.0741e+01   5.1008e+01
   5.2809e+01   5.2911e+01   5.7986e+01   5.3787e+01   5.2693e+01   5.1447e+01   5.1110e+01   5.1456e+01   5.2367e+01   5.3814e+01
   4.3448e+01   4.6184e+01   4.6445e+01   4.7698e+01   4.6864e+01   4.7512e+01   4.6675e+01   4.5667e+01   4.6343e+01   4.5991e+01
   4.7019e+01   4.8625e+01   4.2564e+01   4.3378e+01   4.4464e+01   4.4240e+01   4.4176e+01   4.3131e+01   4.2715e+01   4.2077e+01
   4.8001e+01   4.8147e+01   4.4870e+01   4.3950e+01   4.4480e+01   4.4535e+01   4.3164e+01   4.2972e+01   4.4364e+01   4.2786e+01
   3.7959e+01   4.0506e+01   3.8072e+01   3.7979e+01   3.7779e+01   3.7102e+01   3.7403e+01   3.7022e+01   3.7677e+01   3.6747e+01
   3.6290e+01   3.7052e+01   3.5962e+01   3.7491e+01   3.8726e+01   3.8818e+01   3.9733e+01   3.9629e+01   3.9406e+01   3.9076e+01
   4.5039e+01   4.2470e+01   3.8884e+01   3.8168e+01   3.8011e+01   3.7136e+01   3.7364e+01   3.6057e+01   3.5170e+01   3.5539e+01
   4.2862e+01   3.9992e+01   4.2694e+01   4.1136e+01   4.0403e+01   3.9686e+01   3.9109e+01   3.8409e+01   3.7243e+01   3.6928e+01
   4.3495e+01   3.9889e+01   3.6997e+01   3.5394e+01   3.4672e+01   3.5185e+01   3.4785e+01   3.4551e+01   3.4721e+01   3.4402e+01
   3.9752e+01   3.3258e+01   3.1570e+01   3.0404e+01   3.1120e+01   3.1352e+01   3.1839e+01   3.2031e+01   3.2104e+01   3.2416e+01
   3.8511e+01   3.7050e+01   3.4578e+01   3.3688e+01   3.3407e+01   3.3101e+01   3.3177e+01   3.2150e+01   3.1914e+01   3.1329e+01
   3.3572e+01   2.7909e+01   2.9106e+01   2.8762e+01   2.9051e+01   3.0363e+01   3.0613e+01   3.0694e+01   3.0468e+01   3.0003e+01
   2.7979e+01   2.5696e+01   2.7352e+01   2.7952e+01   2.7469e+01   2.6983e+01   2.6948e+01   2.7276e+01   2.7279e+01   2.7327e+01
   3.1889e+01   2.8568e+01   2.7624e+01   2.6550e+01   2.5457e+01   2.5946e+01   2.5894e+01   2.5606e+01   2.5482e+01   2.5897e+01
   2.6024e+01   2.3055e+01   2.4057e+01   2.3779e+01   2.4273e+01   2.4663e+01   2.4467e+01   2.4530e+01   2.4458e+01   2.4988e+01
   2.6221e+01   2.6314e+01   2.5517e+01   2.6080e+01   2.6161e+01   2.5650e+01   2.5363e+01   2.5450e+01   2.5743e+01   2.5371e+01
   2.7886e+01   2.6232e+01   2.6093e+01   2.5968e+01   2.5511e+01   2.5148e+01   2.4967e+01   2.4614e+01   2.4447e+01   2.4554e+01
   3.0020e+01   2.8596e+01   2.5150e+01   2.5032e+01   2.4593e+01   2.4366e+01   2.4160e+01   2.4407e+01   2.4493e+01   2.4180e+01
   2.6204e+01   2.4527e+01   2.2776e+01   2.1581e+01   2.2778e+01   2.2459e+01   2.2303e+01   2.1959e+01   2.2201e+01   2.2003e+01
   2.3332e+01   2.1947e+01   2.2779e+01   2.1971e+01   2.1694e+01   2.2237e+01   2.2738e+01   2.2725e+01   2.2251e+01   2.1978e+01
   2.5833e+01   2.4464e+01   2.4270e+01   2.4093e+01   2.3447e+01   2.3656e+01   2.3074e+01   2.2882e+01   2.2657e+01   2.2525e+01
   2.5936e+01   2.2200e+01   2.1365e+01   2.1948e+01   2.1086e+01   2.0511e+01   2.1216e+01   2.1044e+01   2.1499e+01   2.1034e+01
   2.3076e+01   2.3218e+01   2.2123e+01   2.1127e+01   2.0853e+01   2.0210e+01   2.0108e+01   1.9965e+01   1.9687e+01   1.9431e+01
   2.2180e+01   1.9126e+01   1.8807e+01   1.9052e+01   1.9673e+01   2.0170e+01   1.9645e+01   1.9648e+01   1.9899e+01   1.9782e+01
   2.3672e+01   2.0769e+01   1.9582e+01   1.9355e+01   1.8964e+01   1.9223e+01   1.9208e+01   1.9099e+01   1.8837e+01   1.8680e+01
   1.9416e+01   1.8064e+01   1.8671e+01   1.8270e+01   1.7584e+01   1.7943e+01   1.7957e+01   1.7837e+01   1.7862e+01   1.7752e+01
   2.1933e+01   2.0203e+01   1.9086e+01   1.8731e+01   1.9208e+01   1.8580e+01   1.8626e+01   1.8457e+01   1.8316e+01   1.8385e+01
   1.9795e+01   1.8444e+01   1.7268e+01   1.7410e+01   1.7308e+01   1.6968e+01   1.6762e+01   1.6563e+01   1.6541e+01   1.6642e+01
   1.8448e+01   1.7217e+01   1.6650e+01   1.6808e+01   1.6781e+01   1.7376e+01   1.7217e+01   1.7470e+01   1.7353e+01   1.7179e+01
   1.4155e+01   1.4007e+01   1.4289e+01   1.4365e+01   1.4676e+01   1.5217e+01   1.5382e+01   1.5376e+01   1.5381e+01   1.5352e+01
   1.9842e+01   1.6913e+01   1.6241e+01   1.6734e+01   1.6554e+01   1.6483e+01   1.6541e+01   1.6477e+01   1.6414e+01   1.6501e+01
   1.6986e+01   1.4840e+01   1.5052e+01   1.4828e+01   1.5066e+01   1.5138e+01   1.5106e+01   1.5357e+01   1.5122e+01   1.5011e+01
   1.6336e+01   1.5172e+01   1.4514e+01   1.4124e+01   1.4244e+01   1.4209e+01   1.4317e+01   1.4207e+01   1.4345e+01   1.4237e+01
   1.5911e+01   1.5742e+01   1.5473e+01   1.5427e+01   1.4911e+01   1.4646e+01   1.4801e+01   1.4585e+01   1.4660e+01   1.4607e+01
   1.6105e+01   1.5998e+01   1.5014e+01   1.5604e+01   1.5325e+01   1.5026e+01   1.4749e+01   1.4918e+01   1.4813e+01   1.4717e+01

   4.1073e-01   3.9853e-01   3.9589e-01   3.9102e-01   3.9030e-01   3.8893e-01   3.8603e-01   3.8966e-01   3.8923e-01   3.8939e-01
   3.9414e-01   3.8794e-01   3.9767e-01   3.9702e-01   3.9682e-01   3.9954e-01   3.9878e-01   3.9872e-01   3.9697e-01   3.9862e-01
   4.2525e-01   4.1645e-01   4.2429e-01   4.2282e-01   4.1880e-01   4.1420e-01   4.1667e-01   4.1622e-01   4.1642e-01   4.1749e-01
   4.6225e-01   4.4083e-01   4.3294e-01   4.3158e-01   4.3597e-01   4.3365e-01   4.3424e-01   4.3697e-01   4.3543e-01   4.3373e-01
   4.3521e-01   4.4760e-01   4.3842e-01   4.4159e-01   4.5083e-01   4.4594e-01   4.4809e-01   4.4509e-01   4.4720e-01   4.4568e-01
   4.6135e-01   4.9035e-01   4.8612e-01   4.8609e-01   4.7547e-01   4.7787e-01   4.7941e-01   4.7813e-01   4.8143e-01   4.8158e-01
   4.5969e-01   4.7029e-01   4.7880e-01   4.7950e-01   4.8282e-01   4.8146e-01   4.8362e-01   4.7850e-01   4.7867e-01   4.7938e-01
   5.2134e-01   5.2958e-01   5.2373e-01   5.1834e-01   5.0685e-01   5.0536e-01   5.0507e-01   5.1118e-01   5.1371e-01   5.1354e-01
   5.0400e-01   4.9521e-01   4.9794e-01   5.0548e-01   5.2362e-01   5.2634e-01   5.2761e-01   5.2607e-01   5.2038e-01   5.1977e-01
   5.8048e-01   5.6664e-01   5.6995e-01   5.6471e-01   5.7884e-01   5.6726e-01   5.6062e-01   5.6144e-01   5.6405e-01   5.6283e-01
   5.9881e-01   6.2108e-01   6.0125e-01   5.9300e-01   5.9342e-01   5.9056e-01   5.8936e-01   5.8961e-01   5.9381e-01   5.9160e-01
   6.2137e-01   6.0329e-01   5.9250e-01   5.9045e-01   5.9362e-01   6.1794e-01   6.1292e-01   6.1269e-01   6.0775e-01   6.0453e-01
   6.1001e-01   6.1703e-01   6.2917e-01   6.2422e-01   6.2160e-01   6.4385e-01   6.4392e-01   6.3806e-01   6.3772e-01   6.3889e-01
   6.5348e-01   6.6985e-01   7.0928e-01   6.9659e-01   6.8878e-01   6.7945e-01   6.7732e-01   6.7667e-01   6.7626e-01   6.8243e-01
   8.0610e-01   7.9433e-01   7.5208e-01   7.3519e-01   7.5644e-01   7.3267e-01   7.3592e-01   7.4191e-01   7.4526e-01   7.3998e-01
   7.2753e-01   7.8819e-01   7.6713e-01   7.7336e-01   7.8219e-01   7.7994e-01   7.7323e-01   7.6632e-01   7.7055e-01   7.7109e-01
   9.8090e-01   8.8018e-01   8.3198e-01   8.2458e-01   8.0411e-01   8.1152e-01   8.1848e-01   8.3213e-01   8.3246e-01   8.2065e-01
   9.0240e-01   9.3502e-01   9.2584e-01   9.1162e-01   8.8589e-01   9.0125e-01   8.7821e-01   8.7333e-01   8.9145e-01   8.9312e-01
   8.2313e-01   8.0195e-01   8.8740e-01   8.4794e-01   8.7210e-01   8.7257e-01   8.7064e-01   8.7868e-01   8.6141e-01   8.8216e-01
   8.1471e-01   8.7617e-01   8.8808e-01   8.8868e-01   8.8388e-01   8.5771e-01   8.8310e-01   8.7299e-01   8.7530e-01   8.8425e-01
   8.4233e-01   8.9639e-01   8.6415e-01   9.6440e-01   1.0025e+00   9.7203e-01   9.8317e-01   9.6621e-01   9.5858e-01   9.5135e-01
   1.0249e+00   9.9414e-01   1.0041e+00   9.7746e-01   9.8081e-01   9.8277e-01   1.0126e+00   9.8989e-01   1.0060e+00   9.9132e-01
   9.0981e-01   9.9315e-01   1.0104e+00   1.0222e+00   9.9672e-01   1.0366e+00   1.0162e+00   1.0060e+00   1.0075e+00   1.0120e+00
   1.1222e+00   1.0581e+00   1.1016e+00   1.0866e+00   1.0810e+00   1.0608e+00   1.0758e+00   1.0820e+00   1.0717e+00   1.0781e+00
   9.7998e-01   1.0350e+00   1.0348e+00   1.0757e+00   1.0784e+00   1.0642e+00   1.0761e+00   1.0935e+00   1.0824e+00   1.0856e+00
   1.0921e+00   1.1810e+00   1.1484e+00   1.1651e+00   1.1817e+00   1.2057e+00   1.1885e+00   1.1655e+00   1.1797e+00   1.1740e+00
   1.2991e+00   1.2842e+00   1.2423e+00   1.2341e+00   1.2311e+00   1.2656e+00   1.3130e+00   1.3120e+00   1.3238e+00   1.3074e+00
   1.3598e+00   1.2743e+00   1.2747e+00   1.3964e+00   1.4942e+00   1.5030e+00   1.4791e+00   1.4637e+00   1.4309e+00   1.4153e+00
   1.3475e+00   1.3543e+00   1.4601e+00   1.4228e+00   1.4560e+00   1.4091e+00   1.4290e+00   1.4233e+00   1.4143e+00   1.4403e+00
   1.4973e+00   1.5653e+00   1.4871e+00   1.5407e+00   1.6165e+00   1.6269e+00   1.6049e+00   1.5813e+00   1.5751e+00   1.5622e+00
   1.9461e+00   2.0274e+00   1.8602e+00   1.8224e+00   1.7432e+00   1.7163e+00   1.7340e+00   1.7571e+00   1.7968e+00   1.7597e+00
   2.0202e+00   1.8727e+00   1.7604e+00   1.7780e+00   1.8093e+00   1.9001e+00   1.9057e+00   1.9161e+00   1.9047e+00   1.8716e+00
   2.3961e+00   2.0419e+00   2.2077e+00   2.1939e+00   2.4163e+00   2.3294e+00   2.2435e+00   2.2719e+00   2.2070e+00   2.2172e+00
   2.8943e+00   2.6084e+00   2.4944e+00   2.3366e+00   2.4594e+00   2.3309e+00   2.3143e+00   2.3866e+00   2.3556e+00   2.3601e+00
   2.1737e+00   2.2413e+00   2.1365e+00   2.2734e+00   2.3433e+00   2.4269e+00   2.4462e+00   2.4163e+00   2.3823e+00   2.3745e+00
   3.0282e+00   2.7686e+00   3.1307e+00   2.9496e+00   2.9891e+00   2.8499e+00   2.8941e+00   2.8900e+00   2.8556e+00   2.8945e+00
   3.6342e+00   3.3897e+00   3.0983e+00   2.8703e+00   2.7902e+00   2.8190e+00   2.8819e+00   2.9628e+00   2.9783e+00   2.9429e+00
   3.0345e+00   3.2911e+00   3.1809e+00   3.1710e+00   3.1088e+00   3.1495e+00   3.1826e+00   3.1590e+00   3.1693e+00   3.1839e+00
   3.3467e+00   3.3412e+00   3.4276e+00   3.2686e+00   3.2619e+00   3.1743e+00   3.4139e+00   3.3721e+00   3.3950e+00   3.4122e+00
   3.3143e+00   3.3672e+00   3.2135e+00   2.9987e+00   2.9052e+00   3.0945e+00   3.1108e+00   3.1805e+00   3.2240e+00   3.1850e+00
   6.0155e+00   4.5026e+00   4.4613e+00   4.2343e+00   4.5867e+00   4.8614e+00   4.9084e+00   5.0058e+00   5.1421e+00   4.9882e+00
   4.6648e+00   8.4112e+00   6.7980e+00   1.1279e+01   1.0355e+01   9.2440e+00   8.5836e+00   8.1615e+00   8.5987e+00   8.1042e+00
   8.2628e+00   6.4640e+00   5.6335e+00   5.4565e+00   5.7728e+00   5.9127e+00   5.6720e+00   5.9661e+00   5.7927e+00   5.6521e+00
   7.8084e+00   7.7630e+00   1.1967e+01   1.0436e+01   9.5138e+00   8.6794e+00   8.1636e+00   8.1017e+00   8.0046e+00   9.3240e+00
   7.7035e+00   1.1022e+01   1.0074e+01   9.6350e+00   8.9415e+00   1.0770e+01   1.0119e+01   9.9956e+00   1.0475e+01   1.0222e+01
   4.0093e+00   4.8528e+00   5.0891e+00   6.3466e+00   6.9353e+00   6.6178e+00   6.3742e+00   6.1366e+00   6.0883e+00   6.0341e+00
   8.2545e+00   1.9507e+01   1.5999e+01   1.4406e+01   1.4055e+01   1.2941e+01   1.2153e+01   1.1552e+01   1.3392e+01   1.3302e+01
   1.2103e+01   1.2828e+01   1.0928e+01   1.0057e+01   9.7209e+00   9.7043e+00   9.4334e+00   9.7928e+00   1.0227e+01   9.8320e+00
   8.2321e+00   1.0638e+01   1.0697e+01   1.2036e+01   1.1957e+01   1.1576e+01   1.1339e+01   1.0945e+01   1.1165e+01   1.1147e+01
   1.1835e+01   5.5340e+01   4.2404e+01   3.4928e+01   3.0373e+01   3.4944e+01   3.2115e+01   2.9699e+01   3.7307e+01   3.5049e+01
   1.0478e+01   1.2088e+01   1.5371e+01   1.4484e+01   1.4542e+01   1.5021e+01   1.5129e+01   1.4541e+01   1.4469e+01   1.4965e+01
   1.1727e+01   4.5324e+01   6.8851e+01   5.6394e+01   5.1228e+01   4.6031e+01   4.1800e+01   3.8348e+01   4.2596e+01   5.0577e+01
   2.0078e+01   1.9590e+01   2.9108e+01   2.6646e+01   2.7836e+01   2.7256e+01   2.8571e+01   2.8485e+01   2.7303e+01   2.8587e+01
   4.7211e+01   6.7501e+01   5.5593e+01   5.5524e+01   5.7097e+01   5.2162e+01   5.7316e+01   5.3021e+01   5.6575e+01   5.4349e+01
   2.5489e+01   2.7792e+01   6.4790e+01   5.9032e+01   5.5258e+01   5.1028e+01   5.0250e+01   5.0091e+01   4.8041e+01   5.6791e+01
   3.3414e+01   7.9439e+01   9.6913e+01   8.2481e+01   7.1514e+01   7.2234e+01   6.6597e+01   6.2314e+01   6.9264e+01   7.6042e+01
   7.5045e+01   1.1034e+02   9.3269e+01   8.1218e+01   7.8141e+01   7.7799e+01   7.1612e+01   7.5294e+01   8.4342e+01   8.0391e+01
   1.2500e+02   1.1660e+02   1.2535e+02   1.2499e+02   1.1248e+02   1.0412e+02   1.0413e+02   1.0876e+02   1.0715e+02   1.1229e+02
   7.7193e+01   1.0724e+02   1.0477e+02   1.0744e+02   1.0731e+02   1.1423e+02   1.1235e+02   1.1181e+02   1.0870e+02   1.0567e+02
   1.0480e+02   1.1749e+02   1.0301e+02   9.2024e+01   8.4130e+01   8.4635e+01   9.5077e+01   9.4365e+01   9.5099e+01   9.5310e+01
   9.9506e+01   8.8644e+01   8.0335e+01   9.1143e+01   9.2192e+01   9.1025e+01   9.5428e+01   9.2951e+01   9.0377e+01   9.6309e+01
   9.0326e+01   9.7335e+01   1.0267e+02   9.9695e+01   1.0400e+02   1.0306e+02   1.0436e+02   1.0219e+02   9.8534e+01   9.8016e+01
   7.4834e+01   7.9348e+01   8.4510e+01   8.4791e+01   8.2263e+01   8.3686e+01   8.5237e+01   8.8049e+01   8.8626e+01   9.0043e+01
   8.4530e+01   8.2227e+01   7.5358e+01   7.3878e+01   7.1348e+01   7.1773e+01   7.5606e+01   7.4277e+01   7.3632e+01   7.3886e+01
   5.8196e+01   6.3609e+01   7.4788e+01   7.4475e+01   7.8961e+01   7.5692e+01   7.8297e+01   7.6989e+01   7.7783e+01   7.7863e+01
   7.5766e+01   8.5641e+01   8.2021e+01   8.3252e+01   7.9774e+01   8.3664e+01   8.2113e+01   8.0357e+01   7.9157e+01   7.6951e+01
   7.2471e+01   7.4939e+01   7.2628e+01   7.2780e+01   7.0647e+01   6.6894e+01   6.7180e+01   6.7006e+01   6.5437e+01   6.4731e+01
   7.2616e+01   5.8475e+01   5.8161e+01   5.5209e+01   5.7324e+01   5.7312e+01   5.7959e+01   5.9404e+01   6.4382e+01   6.3617e+01
   8.2482e+01   6.6210e+01   6.0345e+01   6.5118e+01   6.2481e+01   6.2785e+01   6.1111e+01   6.0345e+01   5.8339e+01   5.9059e+01
   7.0518e+01   6.0997e+01   5.9256e+01   5.7867e+01   5.7708e+01   5.5437e+01   5.3832e+01   5.4741e+01   5.4515e+01   5.3717e+01
   5.8628e+01   5.8540e+01   5.4023e+01   5.1625e+01   5.0258e+01   5.0095e+01   4.9333e+01   4.7382e+01   4.7097e+01   4.7077e+01
   5.5014e+01   5.4084e+01   5.1418e+01   4.9670e+01   5.1190e+01   4.8460e+01   4.6303e+01   4.5127e+01   4.4352e+01   4.4879e+01
   4.6566e+01   4.4893e+01   4.2677e+01   3.9692e+01   4.1921e+01   4.0352e+01   4.0910e+01   4.6169e+01   4.5359e+01   4.4549e+01
   4.6562e+01   4.4397e+01   4.4878e+01   4.3212e+01   4.5447e+01   4.3174e+01   4.3559e+01   4.3145e+01   4.4403e+01   4.3889e+01
   4.2722e+01   4.0357e+01   3.8609e+01   3.7333e+01   3.4202e+01   3.3534e+01   3.2794e+01   3.2404e+01   3.2300e+01   3.4919e+01
   3.1396e+01   3.2058e+01   3.2989e+01   3.1573e+01   3.1685e+01   3.1598e+01   3.1576e+01   3.1847e+01   3.1376e+01   3.1382e+01
   2.9043e+01   2.6156e+01   3.0679e+01   3.1391e+01   2.9641e+01   3.1655e+01   3.1716e+01   3.2117e+01   3.1168e+01   3.1680e+01
   3.3199e+01   3.2291e+01   3.4515e+01   3.2304e+01   3.0339e+01   2.8666e+01   2.7696e+01   2.7693e+01   2.8689e+01   2.8691e+01
   2.4177e+01   2.8011e+01   2.8494e+01   2.8913e+01   2.7742e+01   2.6381e+01   2.6079e+01   2.6478e+01   2.5937e+01   2.6042e+01
   2.3620e+01   2.5043e+01   2.3869e+01   2.1219e+01   2.3363e+01   2.3084e+01   2.2374e+01   2.1806e+01   2.1610e+01   2.2824e+01
   3.1404e+01   2.4479e+01   2.2993e+01   2.2556e+01   2.3884e+01   2.3652e+01   2.4882e+01   2.4048e+01   2.4340e+01   2.3609e+01
   2.5036e+01   2.4428e+01   2.2358e+01   2.2584e+01   2.3171e+01   2.3084e+01   2.3454e+01   2.2995e+01   2.3446e+01   2.2847e+01
   2.3807e+01   2.0013e+01   1.9884e+01   1.9875e+01   2.0193e+01   2.0645e+01   1.9813e+01   1.9898e+01   1.9964e+01   2.0186e+01
   2.3128e+01   2.1055e+01   1.9195e+01   1.9224e+01   1.9001e+01   1.8938e+01   1.9726e+01   1.9442e+01   1.9713e+01   1.9881e+01
   2.1616e+01   1.9269e+01   1.9211e+01   1.9051e+01   1.8282e+01   1.9307e+01   1.9156e+01   1.8971e+01   1.8474e+01   1.8598e+01
   2.1937e+01   1.9992e+01   2.1390e+01   1.9637e+01   1.9125e+01   1.8422e+01   1.8052e+01   1.8124e+01   1.8355e+01   1.8914e+01
   1.6006e+01   1.7156e+01   1.7221e+01   1.7682e+01   1.7413e+01   1.7506e+01   1.7177e+01   1.6773e+01   1.6840e+01   1.6796e+01
   1.8833e+01   1.7755e+01   1.6195e+01   1.6591e+01   1.6356e+01   1.6027e+01   1.5944e+01   1.5506e+01   1.5296e+01   1.5049e+01
   1.8206e+01   1.7404e+01   1.6021e+01   1.5823e+01   1.6143e+01   1.6167e+01   1.5726e+01   1.5597e+01   1.6139e+01   1.5657e+01
   1.8178e+01   1.6129e+01   1.4649e+01   1.4627e+01   1.4258e+01   1.3856e+01   1.3926e+01   1.3732e+01   1.3795e+01   1.3540e+01
   1.5291e+01   1.4429e+01   1.4034e+01   1.4366e+01   1.4571e+01   1.4166e+01   1.4351e+01   1.4199e+01   1.3942e+01   1.3770e+01
   2.0910e+01   1.6687e+01   1.4850e+01   1.4744e+01   1.4466e+01   1.4157e+01   1.3905e+01   1.3542e+01   1.3183e+01   1.3221e+01
   1.8754e+01   1.5890e+01   1.6146e+01   1.5001e+01   1.4361e+01   1.3876e+01   1.3604e+01   1.3337e+01   1.3162e+01   1.3099e+01
   1.7375e+01   1.5175e+01   1.3556e+01   1.2821e+01   1.2492e+01   1.2546e+01   1.2490e+01   1.2298e+01   1.2375e+01   1.2223e+01
   1.5615e+01   1.2892e+01   1.1818e+01   1.1164e+01   1.1270e+01   1.1256e+01   1.1429e+01   1.1534e+01   1.1628e+01   1.1839e+01
   1.5123e+01   1.3075e+01   1.2535e+01   1.2210e+01   1.2074e+01   1.1815e+01   1.1903e+01   1.1549e+01   1.1574e+01   1.1402e+01
   1.3498e+01   1.1076e+01   1.0687e+01   1.0598e+01   1.0578e+01   1.0901e+01   1.0846e+01   1.0805e+01   1.0782e+01   1.0637e+01
   1.0885e+01   9.8504e+00   9.9742e+00   1.0186e+01   9.8970e+00   9.6450e+00   9.6159e+00   9.7613e+00   9.8469e+00   9.7705e+00
   1.2554e+01   1.1387e+01   1.0816e+01   1.0353e+01   9.7257e+00   9.8770e+00   9.8158e+00   9.6881e+00   9.6960e+00   9.6953e+00
   1.0973e+01   9.0060e+00   9.2117e+00   8.8645e+00   8.9241e+00   9.0617e+00   9.0592e+00   9.0562e+00   8.8999e+00   9.0508e+00
   1.0745e+01   9.9674e+00   9.4831e+00   9.5038e+00   9.5216e+00   9.2548e+00   9.2161e+00   9.2468e+00   9.3419e+00   9.1633e+00
   1.2395e+01   1.0312e+01   9.9942e+00   9.8068e+00   9.5916e+00   9.5020e+00   9.3639e+00   9.1125e+00   9.0463e+00   9.0231e+00
   1.2864e+01   1.1168e+01   9.6080e+00   9.5027e+00   9.1317e+00   9.0172e+00   8.9899e+00   8.9566e+00   8.9821e+00   8.8610e+00
   9.7072e+00   8.8484e+00   8.1053e+00   7.6519e+00   8.1203e+00   8.0488e+00   8.0152e+00   7.8444e+00   7.9277e+00   7.9176e+00
   9.3103e+00   8.5529e+00   8.7517e+00   8.3014e+00   8.2983e+00   8.3407e+00   8.4427e+00   8.3707e+00   8.1762e+00   8.1148e+00
   1.1054e+01   9.6894e+00   9.7508e+00   9.3936e+00   8.9302e+00   8.8371e+00   8.5603e+00   8.4460e+00   8.3137e+00   8.2387e+00
   1.1615e+01   9.1710e+00   8.4557e+00   8.5007e+00   8.0620e+00   7.7251e+00   7.9371e+00   7.7631e+00   7.8478e+00   7.7206e+00
   9.5490e+00   8.8911e+00   8.1966e+00   7.7094e+00   7.6043e+00   7.3889e+00   7.2948e+00   7.2446e+00   7.1077e+00   7.0065e+00
   8.7976e+00   7.1477e+00   6.8450e+00   6.9530e+00   7.1797e+00   7.3295e+00   7.1263e+00   7.1295e+00   7.2572e+00   7.2174e+00
   9.5636e+00   8.1014e+00   7.4683e+00   7.2617e+00   7.0881e+00   7.0873e+00   6.9998e+00   6.9499e+00   6.8081e+00   6.7787e+00
   8.2404e+00   7.2518e+00   7.1487e+00   6.8695e+00   6.6003e+00   6.6382e+00   6.6518e+00   6.5862e+00   6.6397e+00   6.5780e+00
   9.0552e+00   7.8806e+00   7.1540e+00   7.0339e+00   7.2511e+00   6.9880e+00   6.9744e+00   6.8935e+00   6.7920e+00   6.8149e+00
   7.9462e+00   6.8195e+00   6.2958e+00   6.2399e+00   6.1851e+00   6.0689e+00   6.0596e+00   5.9788e+00   5.9842e+00   6.0060e+00
   7.9965e+00   6.7085e+00   6.4455e+00   6.4053e+00   6.2876e+00   6.4483e+00   6.3230e+00   6.4243e+00   6.4047e+00   6.3540e+00
   6.1007e+00   5.6263e+00   5.5976e+00   5.6015e+00   5.5484e+00   5.6863e+00   5.6993e+00   5.7080e+00   5.6610e+00   5.6538e+00
   8.4151e+00   6.7435e+00   6.3150e+00   6.4663e+00   6.3560e+00   6.2795e+00   6.2957e+00   6.1918e+00   6.1249e+00   6.1091e+00
   6.9982e+00   5.7105e+00   5.7279e+00   5.5660e+00   5.5549e+00   5.5645e+00   5.5349e+00   5.6026e+00   5.4953e+00   5.4423e+00
   7.2719e+00   6.1765e+00   5.7448e+00   5.4587e+00   5.4173e+00   5.3512e+00   5.3594e+00   5.2811e+00   5.2919e+00   5.2368e+00
   7.1090e+00   6.4044e+00   6.0325e+00   5.8967e+00   5.6525e+00   5.5133e+00   5.5148e+00   5.4195e+00   5.4121e+00   5.3525e+00
   6.8860e+00   6.2737e+00   5.7425e+00   5.9293e+00   5.7567e+00   5.6517e+00   5.5009e+00   5.5078e+00   5.4707e+00   5.4174e+00

   7.9073e+06   1.5828e+07   2.3753e+07   3.1666e+07   3.9596e+07   4.7495e+07   5.5423e+07   6.3331e+07   7.1262e+07   7.9179e+07
   8.0334e+06   1.6077e+07   2.4108e+07   3.2158e+07   4.0180e+07   4.8249e+07   5.6276e+07   6.4321e+07   7.2361e+07   8.0382e+07
   8.1908e+06   1.6346e+07   2.4525e+07   3.2696e+07   4.0857e+07   4.9017e+07   5.7172e+07   6.5353e+07   7.3520e+07   8.1677e+07
   8.2982e+06   1.6595e+07   2.4894e+07   3.3156e+07   4.1460e+07   4.9743e+07   5.8036e+07   6.6345e+07   7.4638e+07   8.2926e+07
   8.4032e+06   1.6832e+07   2.5250e+07   3.3661e+07   4.2113e+07   5.0530e+07   5.8949e+07   6.7367e+07   7.5788e+07   8.4212e+07
   8.5458e+06   1.7132e+07   2.5694e+07   3.4249e+07   4.2790e+07   5.1331e+07   5.9917e+07   6.8465e+07   7.7047e+07   8.5607e+07
   8.7000e+06   1.7377e+07   2.6043e+07   3.4758e+07   4.3449e+07   5.2148e+07   6.0844e+07   6.9535e+07   7.8209e+07   8.6881e+07
   8.8460e+06   1.7698e+07   2.6519e+07   3.5353e+07   4.4191e+07   5.3021e+07   6.1815e+07   7.0670e+07   7.9507e+07   8.8331e+07
   8.9819e+06   1.7951e+07   2.6919e+07   3.5861e+07   4.4840e+07   5.3817e+07   6.2776e+07   7.1772e+07   8.0732e+07   8.9695e+07
   9.1028e+06   1.8208e+07   2.7324e+07   3.6426e+07   4.5567e+07   5.4678e+07   6.3772e+07   7.2892e+07   8.1984e+07   9.1114e+07
   9.2470e+06   1.8517e+07   2.7782e+07   3.7039e+07   4.6292e+07   5.5524e+07   6.4791e+07   7.4049e+07   8.3314e+07   9.2577e+07
   9.4140e+06   1.8803e+07   2.8177e+07   3.7587e+07   4.6987e+07   5.6404e+07   6.5811e+07   7.5233e+07   8.4618e+07   9.3996e+07
   9.5389e+06   1.9085e+07   2.8615e+07   3.8195e+07   4.7761e+07   5.7333e+07   6.6880e+07   7.6413e+07   8.5956e+07   9.5499e+07
   9.7170e+06   1.9455e+07   2.9182e+07   3.8868e+07   4.8552e+07   5.8248e+07   6.7938e+07   7.7657e+07   8.7393e+07   9.7112e+07
   9.8660e+06   1.9699e+07   2.9559e+07   3.9404e+07   4.9305e+07   5.9178e+07   6.9069e+07   7.8922e+07   8.8756e+07   9.8618e+07
   9.9958e+06   2.0043e+07   3.0072e+07   4.0134e+07   5.0152e+07   6.0135e+07   7.0154e+07   8.0156e+07   9.0180e+07   1.0022e+08
   1.0227e+07   2.0407e+07   3.0551e+07   4.0724e+07   5.0883e+07   6.1046e+07   7.1265e+07   8.1470e+07   9.1673e+07   1.0181e+08
   1.0323e+07   2.0648e+07   3.0983e+07   4.1363e+07   5.1710e+07   6.2091e+07   7.2386e+07   8.2709e+07   9.3033e+07   1.0337e+08
   1.0527e+07   2.1038e+07   3.1580e+07   4.2038e+07   5.2526e+07   6.3017e+07   7.3489e+07   8.4027e+07   9.4524e+07   1.0508e+08
   1.0655e+07   2.1311e+07   3.1967e+07   4.2607e+07   5.3306e+07   6.3953e+07   7.4689e+07   8.5333e+07   9.5979e+07   1.0665e+08
   1.0799e+07   2.1676e+07   3.2505e+07   4.3393e+07   5.4244e+07   6.5064e+07   7.5915e+07   8.6738e+07   9.7567e+07   1.0843e+08
   1.1044e+07   2.2072e+07   3.3053e+07   4.4042e+07   5.5040e+07   6.6049e+07   7.7122e+07   8.8107e+07   9.9160e+07   1.1014e+08
   1.1154e+07   2.2337e+07   3.3527e+07   4.4761e+07   5.5909e+07   6.7110e+07   7.8291e+07   8.9434e+07   1.0060e+08   1.1180e+08
   1.1410e+07   2.2774e+07   3.4136e+07   4.5498e+07   5.6808e+07   6.8153e+07   7.9533e+07   9.0930e+07   1.0228e+08   1.1368e+08
   1.1485e+07   2.2986e+07   3.4495e+07   4.6033e+07   5.7586e+07   6.9123e+07   8.0708e+07   9.2235e+07   1.0372e+08   1.1525e+08
   1.1694e+07   2.3459e+07   3.5205e+07   4.6969e+07   5.8701e+07   7.0396e+07   8.2133e+07   9.3812e+07   1.0556e+08   1.1734e+08
   1.1934e+07   2.3838e+07   3.5713e+07   4.7632e+07   5.9522e+07   7.1426e+07   8.3407e+07   9.5335e+07   1.0728e+08   1.1916e+08
   1.2086e+07   2.4186e+07   3.6241e+07   4.8424e+07   6.0588e+07   7.2733e+07   8.4834e+07   9.6912e+07   1.0903e+08   1.2107e+08
   1.2342e+07   2.4629e+07   3.7004e+07   4.9272e+07   6.1573e+07   7.3872e+07   8.6159e+07   9.8487e+07   1.1078e+08   1.2317e+08
   1.2477e+07   2.4951e+07   3.7467e+07   4.9955e+07   6.2481e+07   7.5014e+07   8.7562e+07   1.0006e+08   1.1253e+08   1.2503e+08
   1.2711e+07   2.5451e+07   3.8191e+07   5.0949e+07   6.3625e+07   7.6311e+07   8.9014e+07   1.0175e+08   1.1449e+08   1.2719e+08
   1.2944e+07   2.5876e+07   3.8752e+07   5.1678e+07   6.4637e+07   7.7538e+07   9.0515e+07   1.0346e+08   1.1640e+08   1.2929e+08
   1.3163e+07   2.6317e+07   3.9432e+07   5.2635e+07   6.5832e+07   7.9009e+07   9.2098e+07   1.0528e+08   1.1844e+08   1.3154e+08
   1.3400e+07   2.6740e+07   4.0206e+07   5.3506e+07   6.6919e+07   8.0303e+07   9.3589e+07   1.0699e+08   1.2031e+08   1.3374e+08
   1.3618e+07   2.7195e+07   4.0807e+07   5.4417e+07   6.7991e+07   8.1630e+07   9.5286e+07   1.0893e+08   1.2247e+08   1.3609e+08
   1.3848e+07   2.7631e+07   4.1501e+07   5.5311e+07   6.9154e+07   8.3011e+07   9.6843e+07   1.1067e+08   1.2445e+08   1.3832e+08
   1.4086e+07   2.8130e+07   4.2159e+07   5.6164e+07   7.0185e+07   8.4213e+07   9.8354e+07   1.1245e+08   1.2652e+08   1.4055e+08
   1.4245e+07   2.8587e+07   4.2822e+07   5.7183e+07   7.1460e+07   8.5833e+07   1.0007e+08   1.1434e+08   1.2865e+08   1.4292e+08
   1.4559e+07   2.9049e+07   4.3681e+07   5.8175e+07   7.2619e+07   8.7118e+07   1.0176e+08   1.1625e+08   1.3079e+08   1.4540e+08
   1.4801e+07   2.9519e+07   4.4264e+07   5.8949e+07   7.3592e+07   8.8435e+07   1.0314e+08   1.1798e+08   1.3273e+08   1.4744e+08
   1.5072e+07   3.0020e+07   4.5089e+07   6.0106e+07   7.5257e+07   9.0264e+07   1.0529e+08   1.2035e+08   1.3538e+08   1.5045e+08
   1.5333e+07   3.0731e+07   4.5919e+07   6.1340e+07   7.6868e+07   9.2041e+07   1.0733e+08   1.2271e+08   1.3813e+08   1.5328e+08
   1.5565e+07   3.1199e+07   4.6625e+07   6.2235e+07   7.7844e+07   9.3545e+07   1.0899e+08   1.2453e+08   1.4016e+08   1.5563e+08
   1.5854e+07   3.1675e+07   4.7779e+07   6.3562e+07   7.9365e+07   9.5167e+07   1.1093e+08   1.2678e+08   1.4258e+08   1.5868e+08
   1.6163e+07   3.2343e+07   4.8470e+07   6.4758e+07   8.0774e+07   9.7028e+07   1.1318e+08   1.2943e+08   1.4561e+08   1.6178e+08
   1.6275e+07   3.2510e+07   4.8903e+07   6.5321e+07   8.1948e+07   9.8144e+07   1.1441e+08   1.3078e+08   1.4701e+08   1.6341e+08
   1.6667e+07   3.3839e+07   5.0309e+07   6.6931e+07   8.3637e+07   1.0025e+08   1.1695e+08   1.3355e+08   1.5069e+08   1.6724e+08
   1.7227e+07   3.4310e+07   5.1256e+07   6.8211e+07   8.5223e+07   1.0243e+08   1.1942e+08   1.3664e+08   1.5367e+08   1.7064e+08
   1.7159e+07   3.4566e+07   5.1838e+07   6.9250e+07   8.6419e+07   1.0362e+08   1.2091e+08   1.3813e+08   1.5548e+08   1.7273e+08
   1.7678e+07   3.5711e+07   5.3380e+07   7.1062e+07   8.8546e+07   1.0667e+08   1.2444e+08   1.4210e+08   1.6022e+08   1.7773e+08
   1.7982e+07   3.5867e+07   5.4040e+07   7.1931e+07   8.9938e+07   1.0787e+08   1.2573e+08   1.4369e+08   1.6161e+08   1.7967e+08
   1.8226e+07   3.7202e+07   5.5866e+07   7.3918e+07   9.2365e+07   1.1059e+08   1.2890e+08   1.4700e+08   1.6585e+08   1.8465e+08
   1.8677e+07   3.7430e+07   5.6489e+07   7.4824e+07   9.3723e+07   1.1265e+08   1.3153e+08   1.5040e+08   1.6902e+08   1.8806e+08
   1.9393e+07   3.8824e+07   5.8141e+07   7.7471e+07   9.6707e+07   1.1583e+08   1.3526e+08   1.5409e+08   1.7346e+08   1.9294e+08
   1.9582e+07   3.8966e+07   5.9070e+07   7.8616e+07   9.8151e+07   1.1764e+08   1.3742e+08   1.5738e+08   1.7668e+08   1.9669e+08
   1.9756e+07   4.0030e+07   6.0370e+07   8.0283e+07   1.0019e+08   1.2047e+08   1.4006e+08   1.5969e+08   1.7996e+08   2.0031e+08
   2.0677e+07   4.1763e+07   6.1853e+07   8.2149e+07   1.0304e+08   1.2382e+08   1.4412e+08   1.6495e+08   1.8603e+08   2.0619e+08
   2.0953e+07   4.2360e+07   6.3520e+07   8.4530e+07   1.0541e+08   1.2645e+08   1.4769e+08   1.6909e+08   1.9027e+08   2.1169e+08
   2.1087e+07   4.3022e+07   6.4771e+07   8.6618e+07   1.0812e+08   1.2971e+08   1.5149e+08   1.7300e+08   1.9442e+08   2.1590e+08
   2.1809e+07   4.3728e+07   6.4791e+07   8.6190e+07   1.0771e+08   1.2969e+08   1.5221e+08   1.7396e+08   1.9583e+08   2.1718e+08
   2.2613e+07   4.4967e+07   6.6965e+07   8.9760e+07   1.1196e+08   1.3364e+08   1.5643e+08   1.7851e+08   2.0064e+08   2.2342e+08
   2.2661e+07   4.5264e+07   6.7651e+07   9.0378e+07   1.1369e+08   1.3620e+08   1.5859e+08   1.8151e+08   2.0435e+08   2.2725e+08
   2.2752e+07   4.6119e+07   6.9870e+07   9.3303e+07   1.1675e+08   1.3994e+08   1.6326e+08   1.8616e+08   2.0945e+08   2.3244e+08
   2.3214e+07   4.7317e+07   7.0879e+07   9.4247e+07   1.1760e+08   1.4091e+08   1.6403e+08   1.8725e+08   2.1072e+08   2.3419e+08
   2.4170e+07   4.8069e+07   7.1656e+07   9.5727e+07   1.1942e+08   1.4342e+08   1.6723e+08   1.9118e+08   2.1511e+08   2.3890e+08
   2.4249e+07   4.8190e+07   7.2500e+07   9.6500e+07   1.2078e+08   1.4467e+08   1.6874e+08   1.9303e+08   2.1728e+08   2.4167e+08
   2.4421e+07   4.8978e+07   7.3369e+07   9.7794e+07   1.2254e+08   1.4714e+08   1.7138e+08   1.9609e+08   2.2079e+08   2.4540e+08
   2.4713e+07   4.9527e+07   7.4180e+07   9.8987e+07   1.2394e+08   1.4886e+08   1.7379e+08   1.9835e+08   2.2279e+08   2.4763e+08
   2.4842e+07   5.0190e+07   7.5329e+07   1.0030e+08   1.2547e+08   1.5047e+08   1.7562e+08   2.0061e+08   2.2584e+08   2.5090e+08
   2.5299e+07   5.0667e+07   7.6186e+07   1.0153e+08   1.2690e+08   1.5246e+08   1.7784e+08   2.0319e+08   2.2863e+08   2.5409e+08
   2.5675e+07   5.1019e+07   7.6655e+07   1.0249e+08   1.2823e+08   1.5372e+08   1.7931e+08   2.0508e+08   2.3087e+08   2.5667e+08
   2.5807e+07   5.1627e+07   7.7773e+07   1.0369e+08   1.2946e+08   1.5556e+08   1.8146e+08   2.0749e+08   2.3347e+08   2.5942e+08
   2.6152e+07   5.2337e+07   7.8544e+07   1.0476e+08   1.3102e+08   1.5723e+08   1.8334e+08   2.0931e+08   2.3560e+08   2.6177e+08
   2.6366e+07   5.2862e+07   7.9371e+07   1.0589e+08   1.3217e+08   1.5870e+08   1.8506e+08   2.1149e+08   2.3784e+08   2.6433e+08
   2.6666e+07   5.3331e+07   7.9985e+07   1.0683e+08   1.3354e+08   1.6033e+08   1.8725e+08   2.1404e+08   2.4082e+08   2.6743e+08
   2.6996e+07   5.3904e+07   8.0787e+07   1.0790e+08   1.3495e+08   1.6198e+08   1.8900e+08   2.1594e+08   2.4294e+08   2.6992e+08
   2.7269e+07   5.4481e+07   8.1726e+07   1.0901e+08   1.3629e+08   1.6333e+08   1.9048e+08   2.1780e+08   2.4506e+08   2.7217e+08
   2.7383e+07   5.4737e+07   8.2153e+07   1.0957e+08   1.3709e+08   1.6462e+08   1.9215e+08   2.1964e+08   2.4689e+08   2.7431e+08
   2.7634e+07   5.5298e+07   8.3121e+07   1.1089e+08   1.3862e+08   1.6641e+08   1.9419e+08   2.2186e+08   2.4952e+08   2.7730e+08
   2.7894e+07   5.5841e+07   8.3864e+07   1.1191e+08   1.3984e+08   1.6776e+08   1.9577e+08   2.2389e+08   2.5200e+08   2.7975e+08
   2.8053e+07   5.6326e+07   8.4493e+07   1.1273e+08   1.4090e+08   1.6908e+08   1.9712e+08   2.2533e+08   2.5350e+08   2.8164e+08
   2.8493e+07   5.6922e+07   8.5331e+07   1.1379e+08   1.4207e+08   1.7049e+08   1.9887e+08   2.2735e+08   2.5573e+08   2.8421e+08
   2.8633e+07   5.7247e+07   8.5983e+07   1.1461e+08   1.4324e+08   1.7189e+08   2.0064e+08   2.2924e+08   2.5790e+08   2.8659e+08
   2.8750e+07   5.7561e+07   8.6486e+07   1.1542e+08   1.4424e+08   1.7311e+08   2.0199e+08   2.3089e+08   2.5960e+08   2.8850e+08
   2.9093e+07   5.8161e+07   8.7200e+07   1.1634e+08   1.4545e+08   1.7441e+08   2.0361e+08   2.3270e+08   2.6182e+08   2.9090e+08
   2.9331e+07   5.8640e+07   8.7747e+07   1.1710e+08   1.4647e+08   1.7572e+08   2.0502e+08   2.3431e+08   2.6365e+08   2.9288e+08
   2.9529e+07   5.9040e+07   8.8549e+07   1.1805e+08   1.4756e+08   1.7713e+08   2.0662e+08   2.3619e+08   2.6579e+08   2.9529e+08
   2.9705e+07   5.9388e+07   8.9229e+07   1.1887e+08   1.4863e+08   1.7839e+08   2.0813e+08   2.3790e+08   2.6765e+08   2.9743e+08
   2.9805e+07   5.9691e+07   8.9627e+07   1.1964e+08   1.4961e+08   1.7955e+08   2.0961e+08   2.3954e+08   2.6951e+08   2.9952e+08
   3.0084e+07   6.0241e+07   9.0413e+07   1.2065e+08   1.5083e+08   1.8094e+08   2.1117e+08   2.4138e+08   2.7155e+08   3.0178e+08
   3.0346e+07   6.0785e+07   9.1163e+07   1.2155e+08   1.5189e+08   1.8227e+08   2.1263e+08   2.4299e+08   2.7345e+08   3.0373e+08
   3.0558e+07   6.1109e+07   9.1680e+07   1.2224e+08   1.5282e+08   1.8338e+08   2.1395e+08   2.4457e+08   2.7520e+08   3.0575e+08
   3.0692e+07   6.1493e+07   9.2263e+07   1.2300e+08   1.5373e+08   1.8455e+08   2.1536e+08   2.4613e+08   2.7689e+08   3.0776e+08
   3.0950e+07   6.1856e+07   9.2885e+07   1.2391e+08   1.5491e+08   1.8580e+08   2.1684e+08   2.4784e+08   2.7880e+08   3.0977e+08
   3.1162e+07   6.2315e+07   9.3495e+07   1.2477e+08   1.5593e+08   1.8707e+08   2.1823e+08   2.4940e+08   2.8055e+08   3.1168e+08
   3.1308e+07   6.2681e+07   9.4014e+07   1.2540e+08   1.5681e+08   1.8817e+08   2.1955e+08   2.5090e+08   2.8229e+08   3.1364e+08
   3.1540e+07   6.3200e+07   9.4768e+07   1.2630e+08   1.5784e+08   1.8942e+08   2.2098e+08   2.5247e+08   2.8409e+08   3.1557e+08
   3.1728e+07   6.3449e+07   9.5181e+07   1.2689e+08   1.5863e+08   1.9040e+08   2.2222e+08   2.5393e+08   2.8559e+08   3.1739e+08
   3.1902e+07   6.3874e+07   9.5818e+07   1.2781e+08   1.5976e+08   1.9168e+08   2.2371e+08   2.5571e+08   2.8766e+08   3.1963e+08
   3.2151e+07   6.4303e+07   9.6395e+07   1.2854e+08   1.6069e+08   1.9280e+08   2.2495e+08   2.5715e+08   2.8931e+08   3.2140e+08
   3.2288e+07   6.4657e+07   9.6942e+07   1.2927e+08   1.6156e+08   1.9385e+08   2.2619e+08   2.5851e+08   2.9091e+08   3.2326e+08
   3.2489e+07   6.4938e+07   9.7431e+07   1.2988e+08   1.6240e+08   1.9496e+08   2.2742e+08   2.5994e+08   2.9248e+08   3.2503e+08
   3.2635e+07   6.5304e+07   9.8089e+07   1.3080e+08   1.6351e+08   1.9627e+08   2.2896e+08   2.6166e+08   2.9431e+08   3.2702e+08
   3.2881e+07   6.5723e+07   9.8691e+07   1.3157e+08   1.6442e+08   1.9732e+08   2.3019e+08   2.6314e+08   2.9602e+08   3.2893e+08
   3.3082e+07   6.6153e+07   9.9222e+07   1.3226e+08   1.6532e+08   1.9835e+08   2.3143e+08   2.6453e+08   2.9761e+08   3.3065e+08
   3.3188e+07   6.6477e+07   9.9708e+07   1.3298e+08   1.6623e+08   1.9955e+08   2.3277e+08   2.6599e+08   2.9935e+08   3.3254e+08
   3.3396e+07   6.6874e+07   1.0033e+08   1.3371e+08   1.6714e+08   2.0064e+08   2.3404e+08   2.6745e+08   3.0091e+08   3.3432e+08
   3.3551e+07   6.7127e+07   1.0074e+08   1.3432e+08   1.6788e+08   2.0153e+08   2.3508e+08   2.6870e+08   3.0230e+08   3.3593e+08
   3.3781e+07   6.7529e+07   1.0133e+08   1.3517e+08   1.6896e+08   2.0270e+08   2.3649e+08   2.7035e+08   3.0412e+08   3.3799e+08
   3.3927e+07   6.7892e+07   1.0188e+08   1.3578e+08   1.6979e+08   2.0376e+08   2.3778e+08   2.7175e+08   3.0572e+08   3.3967e+08
   3.4103e+07   6.8269e+07   1.0238e+08   1.3654e+08   1.7069e+08   2.0483e+08   2.3896e+08   2.7307e+08   3.0725e+08   3.4133e+08
   3.4255e+07   6.8572e+07   1.0288e+08   1.3719e+08   1.7144e+08   2.0578e+08   2.4005e+08   2.7434e+08   3.0868e+08   3.4297e+08
   3.4428e+07   6.8862e+07   1.0336e+08   1.3782e+08   1.7225e+08   2.0675e+08   2.4121e+08   2.7571e+08   3.1016e+08   3.4463e+08
   3.4672e+07   6.9265e+07   1.0390e+08   1.3859e+08   1.7326e+08   2.0784e+08   2.4248e+08   2.7713e+08   3.1177e+08   3.4643e+08
   3.4813e+07   6.9578e+07   1.0431e+08   1.3911e+08   1.7399e+08   2.0880e+08   2.4360e+08   2.7842e+08   3.1323e+08   3.4806e+08
   3.4927e+07   6.9888e+07   1.0483e+08   1.3975e+08   1.7476e+08   2.0976e+08   2.4469e+08   2.7967e+08   3.1466e+08   3.4964e+08
   3.5107e+07   7.0232e+07   1.0536e+08   1.4052e+08   1.7564e+08   2.1078e+08   2.4592e+08   2.8100e+08   3.1619e+08   3.5130e+08
   3.5289e+07   7.0543e+07   1.0591e+08   1.4123e+08   1.7651e+08   2.1186e+08   2.4721e+08   2.8252e+08   3.1781e+08   3.5309e+08
   3.5497e+07   7.0936e+07   1.0639e+08   1.4187e+08   1.7737e+08   2.1281e+08   2.4833e+08   2.8388e+08   3.1932e+08   3.5480e+08
   3.5620e+07   7.1289e+07   1.0687e+08   1.4248e+08   1.7816e+08   2.1377e+08   2.4941e+08   2.8503e+08   3.2065e+08   3.5627e+08

