   2.0000
   2.0500
   2.1000
   2.1500
   2.2000
   2.2500
   2.3000

  -7.1354e+03  -3.5012e+03  -2.2909e+03  -1.7058e+03  -1.3571e+03  -1.1238e+03  -9.5600e+02  -8.2613e+02  -7.2927e+02  -6.5186e+02  -5.8945e+02  -5.3825e+02  -4.9619e+02  -4.6312e+02  -4.3238e+02  -4.0547e+02  -3.7825e+02  -3.5626e+02  -3.3658e+02  -3.2090e+02  -3.0375e+02  -2.8959e+02  -2.7453e+02  -2.6135e+02  -2.4947e+02  -2.4013e+02  -2.3317e+02  -2.2493e+02  -2.1712e+02  -2.1102e+02  -2.0279e+02  -1.9506e+02  -1.8888e+02  -1.8392e+02  -1.8013e+02  -1.7511e+02  -1.7120e+02  -1.6499e+02  -1.6184e+02  -1.5859e+02  -1.5296e+02  -1.4758e+02  -1.4436e+02  -1.4102e+02  -1.3748e+02  -1.3299e+02  -1.3129e+02  -1.2802e+02  -1.2544e+02  -1.2431e+02  -1.2173e+02  -1.1882e+02  -1.1737e+02  -1.1610e+02  -1.1333e+02  -1.1091e+02  -1.0903e+02  -1.0796e+02  -1.0572e+02  -1.0379e+02  -1.0177e+02  -1.0083e+02  -9.8526e+01  -9.7388e+01  -9.5552e+01  -9.3697e+01  -9.2973e+01  -9.1600e+01  -9.0645e+01  -8.8904e+01  -8.7412e+01  -8.6373e+01  -8.5127e+01  -8.3463e+01  -8.1967e+01  -8.0946e+01  -8.0340e+01  -7.9239e+01  -7.8184e+01  -7.6485e+01  -7.5993e+01  -7.5757e+01  -7.5234e+01  -7.3768e+01  -7.2662e+01  -7.2383e+01  -7.0951e+01  -6.9025e+01  -6.8875e+01  -6.7556e+01  -6.6777e+01  -6.6246e+01  -6.5813e+01  -6.6121e+01  -6.6101e+01  -6.4600e+01  -6.3499e+01  -6.3058e+01  -6.2380e+01  -6.2008e+01
  -7.1347e+03  -3.4933e+03  -2.2917e+03  -1.7043e+03  -1.3437e+03  -1.1065e+03  -9.4061e+02  -8.2321e+02  -7.2049e+02  -6.4847e+02  -5.9043e+02  -5.3806e+02  -4.9870e+02  -4.6537e+02  -4.3504e+02  -4.0873e+02  -3.8114e+02  -3.5718e+02  -3.3652e+02  -3.1937e+02  -3.0074e+02  -2.8678e+02  -2.7452e+02  -2.6283e+02  -2.5333e+02  -2.4483e+02  -2.3712e+02  -2.2809e+02  -2.1869e+02  -2.1220e+02  -2.0468e+02  -1.9750e+02  -1.8923e+02  -1.8220e+02  -1.7696e+02  -1.7326e+02  -1.6731e+02  -1.6326e+02  -1.5992e+02  -1.5558e+02  -1.5167e+02  -1.4790e+02  -1.4508e+02  -1.4216e+02  -1.3791e+02  -1.3384e+02  -1.3144e+02  -1.2981e+02  -1.2750e+02  -1.2412e+02  -1.2089e+02  -1.1850e+02  -1.1677e+02  -1.1556e+02  -1.1304e+02  -1.1054e+02  -1.0845e+02  -1.0780e+02  -1.0628e+02  -1.0406e+02  -1.0186e+02  -1.0068e+02  -9.9448e+01  -9.7816e+01  -9.6970e+01  -9.6095e+01  -9.4808e+01  -9.2885e+01  -9.1803e+01  -9.0492e+01  -8.8755e+01  -8.6495e+01  -8.5082e+01  -8.3942e+01  -8.3295e+01  -8.2231e+01  -8.1421e+01  -7.9846e+01  -7.9161e+01  -7.8391e+01  -7.6874e+01  -7.5300e+01  -7.4660e+01  -7.3657e+01  -7.2151e+01  -7.1130e+01  -7.0623e+01  -7.0061e+01  -6.9433e+01  -6.8770e+01  -6.8332e+01  -6.7573e+01  -6.6737e+01  -6.5889e+01  -6.5155e+01  -6.4040e+01  -6.3617e+01  -6.3407e+01  -6.3122e+01  -6.2031e+01
  -7.1210e+03  -3.5143e+03  -2.3040e+03  -1.7094e+03  -1.3501e+03  -1.1165e+03  -9.4819e+02  -8.2476e+02  -7.2354e+02  -6.3903e+02  -5.6939e+02  -5.2156e+02  -4.8061e+02  -4.4264e+02  -4.1328e+02  -3.8451e+02  -3.5954e+02  -3.3762e+02  -3.1826e+02  -3.0151e+02  -2.8597e+02  -2.7147e+02  -2.6084e+02  -2.5138e+02  -2.4399e+02  -2.3536e+02  -2.2831e+02  -2.1802e+02  -2.1153e+02  -2.0484e+02  -1.9830e+02  -1.9061e+02  -1.8510e+02  -1.8063e+02  -1.7814e+02  -1.7139e+02  -1.6580e+02  -1.5995e+02  -1.5657e+02  -1.5294e+02  -1.4981e+02  -1.4528e+02  -1.4146e+02  -1.3921e+02  -1.3575e+02  -1.3181e+02  -1.3084e+02  -1.2799e+02  -1.2436e+02  -1.1996e+02  -1.1726e+02  -1.1562e+02  -1.1493e+02  -1.1408e+02  -1.1217e+02  -1.1018e+02  -1.0724e+02  -1.0524e+02  -1.0359e+02  -1.0114e+02  -9.8916e+01  -9.6207e+01  -9.4043e+01  -9.3197e+01  -9.1219e+01  -8.8814e+01  -8.7246e+01  -8.6307e+01  -8.4149e+01  -8.3596e+01  -8.1973e+01  -7.9818e+01  -7.9634e+01  -7.9319e+01  -7.8855e+01  -7.7968e+01  -7.7067e+01  -7.5789e+01  -7.3778e+01  -7.2167e+01  -7.2176e+01  -7.0529e+01  -7.0303e+01  -7.0399e+01  -7.0096e+01  -7.0039e+01  -6.9553e+01  -6.8958e+01  -6.7487e+01  -6.6576e+01  -6.6496e+01  -6.5803e+01  -6.5526e+01  -6.4797e+01  -6.4292e+01  -6.2918e+01  -6.1842e+01  -6.1624e+01  -6.1240e+01  -6.0072e+01
  -7.1223e+03  -3.4870e+03  -2.2733e+03  -1.6695e+03  -1.3154e+03  -1.0849e+03  -9.1866e+02  -7.9426e+02  -6.9824e+02  -6.2925e+02  -5.7548e+02  -5.2852e+02  -4.7774e+02  -4.4359e+02  -4.1532e+02  -3.8728e+02  -3.6260e+02  -3.3973e+02  -3.2017e+02  -3.0701e+02  -2.9390e+02  -2.7961e+02  -2.6785e+02  -2.5512e+02  -2.4668e+02  -2.3331e+02  -2.2243e+02  -2.1316e+02  -2.0337e+02  -1.9748e+02  -1.9179e+02  -1.8559e+02  -1.7945e+02  -1.7558e+02  -1.6866e+02  -1.6285e+02  -1.5865e+02  -1.5243e+02  -1.4807e+02  -1.4393e+02  -1.3978e+02  -1.3663e+02  -1.3367e+02  -1.3046e+02  -1.2753e+02  -1.2400e+02  -1.2053e+02  -1.1825e+02  -1.1583e+02  -1.1368e+02  -1.1359e+02  -1.1192e+02  -1.0980e+02  -1.0669e+02  -1.0555e+02  -1.0313e+02  -1.0082e+02  -9.9605e+01  -9.9262e+01  -9.8053e+01  -9.4972e+01  -9.3041e+01  -9.1340e+01  -9.0000e+01  -8.7663e+01  -8.5617e+01  -8.4900e+01  -8.3798e+01  -8.2891e+01  -8.1435e+01  -8.0762e+01  -8.0776e+01  -8.0563e+01  -7.9363e+01  -7.7865e+01  -7.6838e+01  -7.5783e+01  -7.5553e+01  -7.4603e+01  -7.2793e+01  -7.1958e+01  -7.0667e+01  -6.9599e+01  -6.9041e+01  -6.8377e+01  -6.6563e+01  -6.5161e+01  -6.5164e+01  -6.4293e+01  -6.3108e+01  -6.2076e+01  -6.1438e+01  -6.0945e+01  -6.0688e+01  -5.9919e+01  -6.0489e+01  -5.9774e+01  -5.9246e+01  -5.8431e+01  -5.8030e+01
  -7.0926e+03  -3.4306e+03  -2.2297e+03  -1.6275e+03  -1.2910e+03  -1.0586e+03  -8.9547e+02  -7.7745e+02  -6.8057e+02  -5.9617e+02  -5.3326e+02  -4.9481e+02  -4.5952e+02  -4.2635e+02  -3.9402e+02  -3.6764e+02  -3.4687e+02  -3.2635e+02  -3.1407e+02  -2.9864e+02  -2.8183e+02  -2.6533e+02  -2.5159e+02  -2.3956e+02  -2.2938e+02  -2.2086e+02  -2.1229e+02  -2.0679e+02  -2.0176e+02  -1.9506e+02  -1.8987e+02  -1.8343e+02  -1.7615e+02  -1.7320e+02  -1.6960e+02  -1.6395e+02  -1.5979e+02  -1.5478e+02  -1.4948e+02  -1.4604e+02  -1.4149e+02  -1.3617e+02  -1.3345e+02  -1.3288e+02  -1.3056e+02  -1.2663e+02  -1.2344e+02  -1.1989e+02  -1.1716e+02  -1.1511e+02  -1.1331e+02  -1.1213e+02  -1.1009e+02  -1.0829e+02  -1.0542e+02  -1.0318e+02  -1.0007e+02  -9.8732e+01  -9.6823e+01  -9.4774e+01  -9.2489e+01  -9.2811e+01  -9.1155e+01  -8.9420e+01  -8.7643e+01  -8.6711e+01  -8.4960e+01  -8.4610e+01  -8.3604e+01  -8.3020e+01  -8.1841e+01  -8.0504e+01  -7.7951e+01  -7.6292e+01  -7.5118e+01  -7.3054e+01  -7.2418e+01  -7.0979e+01  -6.9739e+01  -6.8635e+01  -6.8745e+01  -6.8010e+01  -6.7101e+01  -6.6569e+01  -6.6298e+01  -6.6183e+01  -6.5663e+01  -6.4789e+01  -6.3957e+01  -6.3830e+01  -6.3537e+01  -6.2840e+01  -6.2880e+01  -6.2183e+01  -6.0908e+01  -5.9670e+01  -5.9259e+01  -5.8640e+01  -5.8437e+01  -5.7130e+01
  -7.1387e+03  -3.4623e+03  -2.2578e+03  -1.6620e+03  -1.2953e+03  -1.0568e+03  -8.9694e+02  -7.8003e+02  -6.9649e+02  -6.2103e+02  -5.6512e+02  -5.2265e+02  -4.8203e+02  -4.4145e+02  -4.0439e+02  -3.7612e+02  -3.5079e+02  -3.3091e+02  -3.1366e+02  -2.9779e+02  -2.7936e+02  -2.6445e+02  -2.5181e+02  -2.3740e+02  -2.2643e+02  -2.1770e+02  -2.1140e+02  -2.0599e+02  -1.9755e+02  -1.9117e+02  -1.8521e+02  -1.7699e+02  -1.6981e+02  -1.6599e+02  -1.6393e+02  -1.6140e+02  -1.5658e+02  -1.5206e+02  -1.4717e+02  -1.4397e+02  -1.4063e+02  -1.3588e+02  -1.3124e+02  -1.2770e+02  -1.2301e+02  -1.1943e+02  -1.1609e+02  -1.1686e+02  -1.1477e+02  -1.1127e+02  -1.0927e+02  -1.0687e+02  -1.0523e+02  -1.0419e+02  -1.0247e+02  -1.0018e+02  -9.8447e+01  -9.6411e+01  -9.4092e+01  -9.3128e+01  -9.2379e+01  -9.1400e+01  -8.9485e+01  -8.7946e+01  -8.5844e+01  -8.5040e+01  -8.3731e+01  -8.2054e+01  -7.9547e+01  -7.8815e+01  -7.8242e+01  -7.6479e+01  -7.5517e+01  -7.4419e+01  -7.2584e+01  -7.0892e+01  -7.0316e+01  -6.9189e+01  -6.7658e+01  -6.6175e+01  -6.5701e+01  -6.5315e+01  -6.5033e+01  -6.4136e+01  -6.3007e+01  -6.2089e+01  -6.0950e+01  -6.0276e+01  -5.9751e+01  -5.8717e+01  -5.8214e+01  -5.7560e+01  -5.7115e+01  -5.6098e+01  -5.5210e+01  -5.4927e+01  -5.4940e+01  -5.4379e+01  -5.3761e+01  -5.2799e+01
  -7.0920e+03  -3.4239e+03  -2.2269e+03  -1.6212e+03  -1.2720e+03  -1.0448e+03  -8.9227e+02  -7.7238e+02  -6.7916e+02  -6.0250e+02  -5.4344e+02  -4.9235e+02  -4.5437e+02  -4.1635e+02  -3.9070e+02  -3.6341e+02  -3.3928e+02  -3.2588e+02  -3.0479e+02  -2.8665e+02  -2.7111e+02  -2.5759e+02  -2.4822e+02  -2.4077e+02  -2.3306e+02  -2.2152e+02  -2.1399e+02  -2.0441e+02  -1.9541e+02  -1.8617e+02  -1.8012e+02  -1.7476e+02  -1.6872e+02  -1.6346e+02  -1.5860e+02  -1.5602e+02  -1.5360e+02  -1.5093e+02  -1.4762e+02  -1.4278e+02  -1.3840e+02  -1.3382e+02  -1.2993e+02  -1.2691e+02  -1.2430e+02  -1.1830e+02  -1.1428e+02  -1.1332e+02  -1.1113e+02  -1.1051e+02  -1.0871e+02  -1.0655e+02  -1.0677e+02  -1.0394e+02  -9.9576e+01  -9.6360e+01  -9.3031e+01  -9.1928e+01  -8.9639e+01  -8.8589e+01  -8.6541e+01  -8.4377e+01  -8.3130e+01  -8.0927e+01  -7.8056e+01  -7.6690e+01  -7.6389e+01  -7.5613e+01  -7.4194e+01  -7.3499e+01  -7.1471e+01  -7.0426e+01  -6.9508e+01  -6.9215e+01  -6.7398e+01  -6.7450e+01  -6.7161e+01  -6.6746e+01  -6.5368e+01  -6.4378e+01  -6.4077e+01  -6.3348e+01  -6.2614e+01  -6.2776e+01  -6.3355e+01  -6.2551e+01  -6.1919e+01  -6.1027e+01  -6.0291e+01  -5.9336e+01  -5.8542e+01  -5.8238e+01  -5.8083e+01  -5.7703e+01  -5.6710e+01  -5.5932e+01  -5.5531e+01  -5.4845e+01  -5.3683e+01  -5.2268e+01

   3.5838e+03   1.7738e+03   1.1693e+03   8.7309e+02   6.9606e+02   5.7732e+02   4.9190e+02   4.2629e+02   3.7767e+02   3.3834e+02   3.0670e+02   2.8054e+02   2.5912e+02   2.4123e+02   2.2492e+02   2.1041e+02   1.9672e+02   1.8514e+02   1.7520e+02   1.6670e+02   1.5848e+02   1.5095e+02   1.4374e+02   1.3738e+02   1.3109e+02   1.2639e+02   1.2235e+02   1.1788e+02   1.1427e+02   1.1065e+02   1.0680e+02   1.0302e+02   9.9818e+01   9.6876e+01   9.4636e+01   9.2050e+01   8.9782e+01   8.6668e+01   8.4792e+01   8.2985e+01   8.0385e+01   7.7882e+01   7.6289e+01   7.4678e+01   7.2323e+01   6.9932e+01   6.8725e+01   6.7059e+01   6.5480e+01   6.4652e+01   6.3288e+01   6.1997e+01   6.1074e+01   5.9894e+01   5.8619e+01   5.7646e+01   5.6515e+01   5.5703e+01   5.4601e+01   5.3747e+01   5.2727e+01   5.2099e+01   5.0942e+01   5.0498e+01   4.9659e+01   4.8764e+01   4.8180e+01   4.7481e+01   4.6960e+01   4.6055e+01   4.5345e+01   4.4984e+01   4.4297e+01   4.3359e+01   4.2677e+01   4.2320e+01   4.1648e+01   4.0985e+01   4.0275e+01   3.9568e+01   3.9179e+01   3.9102e+01   3.8789e+01   3.8123e+01   3.7672e+01   3.7569e+01   3.7005e+01   3.6147e+01   3.6004e+01   3.5525e+01   3.5118e+01   3.4761e+01   3.4382e+01   3.4262e+01   3.4191e+01   3.3785e+01   3.3329e+01   3.3172e+01   3.2767e+01   3.2384e+01
   3.5834e+03   1.7739e+03   1.1725e+03   8.7429e+02   6.9353e+02   5.7403e+02   4.8945e+02   4.2753e+02   3.7650e+02   3.3911e+02   3.0823e+02   2.8201e+02   2.6045e+02   2.4250e+02   2.2615e+02   2.1201e+02   1.9860e+02   1.8673e+02   1.7619e+02   1.6695e+02   1.5754e+02   1.5017e+02   1.4378e+02   1.3757e+02   1.3240e+02   1.2787e+02   1.2370e+02   1.1898e+02   1.1409e+02   1.1004e+02   1.0627e+02   1.0290e+02   9.9200e+01   9.5896e+01   9.3396e+01   9.1186e+01   8.8357e+01   8.6178e+01   8.4176e+01   8.1742e+01   7.9732e+01   7.8060e+01   7.6445e+01   7.4622e+01   7.2553e+01   7.0558e+01   6.9339e+01   6.8402e+01   6.7447e+01   6.5668e+01   6.3956e+01   6.2689e+01   6.1570e+01   6.0610e+01   5.9127e+01   5.7904e+01   5.7054e+01   5.6303e+01   5.5392e+01   5.4404e+01   5.3283e+01   5.2460e+01   5.1751e+01   5.1086e+01   5.0321e+01   4.9595e+01   4.8909e+01   4.8232e+01   4.7781e+01   4.7033e+01   4.6065e+01   4.5241e+01   4.4641e+01   4.4035e+01   4.3682e+01   4.3017e+01   4.2421e+01   4.1727e+01   4.1255e+01   4.0826e+01   4.0176e+01   3.9554e+01   3.9000e+01   3.8588e+01   3.7981e+01   3.7387e+01   3.6976e+01   3.6496e+01   3.6178e+01   3.5752e+01   3.5462e+01   3.5095e+01   3.4764e+01   3.4258e+01   3.3786e+01   3.3387e+01   3.3069e+01   3.2827e+01   3.2615e+01   3.2214e+01
   3.5780e+03   1.7779e+03   1.1746e+03   8.7576e+02   6.9590e+02   5.7712e+02   4.9188e+02   4.2665e+02   3.7491e+02   3.3295e+02   2.9890e+02   2.7307e+02   2.5191e+02   2.3358e+02   2.1815e+02   2.0264e+02   1.8952e+02   1.7864e+02   1.6892e+02   1.6029e+02   1.5216e+02   1.4479e+02   1.3798e+02   1.3208e+02   1.2802e+02   1.2302e+02   1.1882e+02   1.1422e+02   1.1078e+02   1.0737e+02   1.0399e+02   1.0047e+02   9.7425e+01   9.5044e+01   9.3510e+01   9.0229e+01   8.7114e+01   8.4264e+01   8.2558e+01   8.0972e+01   7.9421e+01   7.7061e+01   7.4854e+01   7.3491e+01   7.1642e+01   6.9568e+01   6.8367e+01   6.7102e+01   6.5332e+01   6.3572e+01   6.2205e+01   6.1192e+01   6.0725e+01   6.0192e+01   5.9133e+01   5.7834e+01   5.6569e+01   5.5351e+01   5.4349e+01   5.3343e+01   5.2103e+01   5.0720e+01   4.9854e+01   4.8974e+01   4.7992e+01   4.7046e+01   4.6034e+01   4.5324e+01   4.4319e+01   4.3884e+01   4.3152e+01   4.2244e+01   4.2036e+01   4.1764e+01   4.1501e+01   4.1124e+01   4.0608e+01   3.9965e+01   3.8993e+01   3.8112e+01   3.7828e+01   3.7230e+01   3.6927e+01   3.6998e+01   3.6821e+01   3.6689e+01   3.6318e+01   3.5907e+01   3.5221e+01   3.4811e+01   3.4618e+01   3.4302e+01   3.4142e+01   3.3867e+01   3.3652e+01   3.3020e+01   3.2413e+01   3.2338e+01   3.2177e+01   3.1668e+01
   3.5805e+03   1.7714e+03   1.1665e+03   8.6524e+02   6.8553e+02   5.6690e+02   4.8231e+02   4.1896e+02   3.6950e+02   3.3185e+02   3.0239e+02   2.7672e+02   2.5292e+02   2.3507e+02   2.2047e+02   2.0544e+02   1.9252e+02   1.8065e+02   1.7012e+02   1.6279e+02   1.5517e+02   1.4759e+02   1.4094e+02   1.3438e+02   1.2986e+02   1.2294e+02   1.1744e+02   1.1291e+02   1.0812e+02   1.0421e+02   1.0037e+02   9.6575e+01   9.3467e+01   9.0912e+01   8.7454e+01   8.4713e+01   8.2556e+01   8.0103e+01   7.7963e+01   7.5618e+01   7.3275e+01   7.1233e+01   6.9476e+01   6.7783e+01   6.6062e+01   6.4544e+01   6.3143e+01   6.1934e+01   6.0590e+01   5.9907e+01   5.9316e+01   5.8331e+01   5.7582e+01   5.6493e+01   5.5942e+01   5.4501e+01   5.3359e+01   5.2843e+01   5.2309e+01   5.1012e+01   4.9858e+01   4.8931e+01   4.8202e+01   4.7340e+01   4.5935e+01   4.4770e+01   4.4219e+01   4.3345e+01   4.2822e+01   4.2439e+01   4.2077e+01   4.1951e+01   4.1800e+01   4.1248e+01   4.0654e+01   3.9919e+01   3.9387e+01   3.9126e+01   3.8830e+01   3.7830e+01   3.7132e+01   3.6632e+01   3.6040e+01   3.6028e+01   3.5728e+01   3.4957e+01   3.4442e+01   3.4123e+01   3.3531e+01   3.3112e+01   3.2949e+01   3.2551e+01   3.2159e+01   3.2082e+01   3.1782e+01   3.1575e+01   3.1184e+01   3.0921e+01   3.0593e+01   3.0467e+01
   3.5725e+03   1.7563e+03   1.1534e+03   8.5057e+02   6.7618e+02   5.5629e+02   4.6999e+02   4.0887e+02   3.5882e+02   3.1804e+02   2.8681e+02   2.6437e+02   2.4549e+02   2.2741e+02   2.1045e+02   1.9604e+02   1.8508e+02   1.7411e+02   1.6672e+02   1.5790e+02   1.4952e+02   1.4215e+02   1.3462e+02   1.2853e+02   1.2352e+02   1.1824e+02   1.1337e+02   1.1033e+02   1.0703e+02   1.0411e+02   1.0080e+02   9.7801e+01   9.4486e+01   9.2303e+01   9.0270e+01   8.7199e+01   8.4819e+01   8.2288e+01   7.9840e+01   7.8120e+01   7.5520e+01   7.3132e+01   7.1526e+01   7.0281e+01   6.8682e+01   6.6757e+01   6.4736e+01   6.3096e+01   6.2308e+01   6.0825e+01   5.9476e+01   5.8662e+01   5.7925e+01   5.6737e+01   5.5400e+01   5.4092e+01   5.2534e+01   5.1934e+01   5.1047e+01   5.0180e+01   4.8913e+01   4.8483e+01   4.7948e+01   4.7226e+01   4.6472e+01   4.5868e+01   4.4943e+01   4.4726e+01   4.4331e+01   4.3928e+01   4.3163e+01   4.2514e+01   4.1548e+01   4.0507e+01   3.9911e+01   3.8930e+01   3.8485e+01   3.7928e+01   3.7379e+01   3.6573e+01   3.6209e+01   3.5523e+01   3.5173e+01   3.4857e+01   3.4805e+01   3.4862e+01   3.4867e+01   3.4577e+01   3.4050e+01   3.3982e+01   3.3811e+01   3.3417e+01   3.3262e+01   3.2846e+01   3.2138e+01   3.1764e+01   3.1356e+01   3.0866e+01   3.0789e+01   3.0291e+01
   3.5840e+03   1.7637e+03   1.1617e+03   8.6179e+02   6.7738e+02   5.5771e+02   4.7575e+02   4.1436e+02   3.6955e+02   3.2973e+02   2.9803e+02   2.7477e+02   2.5423e+02   2.3446e+02   2.1664e+02   2.0159e+02   1.8741e+02   1.7716e+02   1.6857e+02   1.5986e+02   1.5024e+02   1.4295e+02   1.3611e+02   1.2881e+02   1.2277e+02   1.1762e+02   1.1263e+02   1.0913e+02   1.0511e+02   1.0118e+02   9.8370e+01   9.4130e+01   9.0755e+01   8.9323e+01   8.7865e+01   8.6378e+01   8.3501e+01   8.0937e+01   7.8252e+01   7.6641e+01   7.5037e+01   7.2522e+01   7.0394e+01   6.8731e+01   6.6401e+01   6.4509e+01   6.3073e+01   6.2780e+01   6.1619e+01   6.0016e+01   5.9041e+01   5.7985e+01   5.7165e+01   5.6270e+01   5.5462e+01   5.4085e+01   5.3046e+01   5.2060e+01   5.0970e+01   5.0261e+01   4.9647e+01   4.8944e+01   4.8245e+01   4.7037e+01   4.6178e+01   4.5378e+01   4.4317e+01   4.3497e+01   4.2344e+01   4.1515e+01   4.1219e+01   4.0643e+01   3.9949e+01   3.9633e+01   3.8709e+01   3.8019e+01   3.7842e+01   3.7317e+01   3.6266e+01   3.5666e+01   3.5348e+01   3.5086e+01   3.4729e+01   3.4315e+01   3.3951e+01   3.3542e+01   3.2889e+01   3.2282e+01   3.1776e+01   3.1292e+01   3.1142e+01   3.0386e+01   2.9974e+01   2.9332e+01   2.8763e+01   2.8577e+01   2.8253e+01   2.8279e+01   2.8294e+01   2.7733e+01
   3.5725e+03   1.7543e+03   1.1524e+03   8.4813e+02   6.6934e+02   5.5348e+02   4.7275e+02   4.0987e+02   3.6071e+02   3.2214e+02   2.9131e+02   2.6476e+02   2.4563e+02   2.2631e+02   2.1111e+02   1.9633e+02   1.8319e+02   1.7436e+02   1.6431e+02   1.5546e+02   1.4674e+02   1.3903e+02   1.3381e+02   1.2951e+02   1.2479e+02   1.1878e+02   1.1481e+02   1.0960e+02   1.0450e+02   9.9421e+01   9.5451e+01   9.2764e+01   8.9998e+01   8.7173e+01   8.3958e+01   8.1839e+01   8.0704e+01   7.8911e+01   7.7365e+01   7.4810e+01   7.2285e+01   6.9933e+01   6.8062e+01   6.6333e+01   6.4928e+01   6.3086e+01   6.1122e+01   6.0250e+01   5.8668e+01   5.7733e+01   5.6362e+01   5.4948e+01   5.4873e+01   5.3180e+01   5.1753e+01   5.0247e+01   4.8670e+01   4.7796e+01   4.6751e+01   4.6024e+01   4.5234e+01   4.3922e+01   4.2949e+01   4.1716e+01   4.0051e+01   3.9178e+01   3.8910e+01   3.8592e+01   3.7983e+01   3.7590e+01   3.6830e+01   3.6449e+01   3.6050e+01   3.6001e+01   3.5477e+01   3.5475e+01   3.4971e+01   3.5024e+01   3.4660e+01   3.4028e+01   3.3661e+01   3.3605e+01   3.3251e+01   3.3343e+01   3.3508e+01   3.3152e+01   3.2712e+01   3.2159e+01   3.1641e+01   3.1318e+01   3.0956e+01   3.0842e+01   3.0871e+01   3.0508e+01   3.0020e+01   2.9404e+01   2.9168e+01   2.8817e+01   2.8319e+01   2.7793e+01

   3.5838e+03   1.7738e+03   1.1693e+03   8.7309e+02   6.9606e+02   5.7732e+02   4.9190e+02   4.2629e+02   3.7767e+02   3.3834e+02   3.0670e+02   2.8054e+02   2.5912e+02   2.4123e+02   2.2492e+02   2.1041e+02   1.9672e+02   1.8514e+02   1.7520e+02   1.6670e+02   1.5848e+02   1.5095e+02   1.4374e+02   1.3738e+02   1.3109e+02   1.2639e+02   1.2235e+02   1.1788e+02   1.1427e+02   1.1065e+02   1.0680e+02   1.0302e+02   9.9818e+01   9.6876e+01   9.4636e+01   9.2050e+01   8.9782e+01   8.6668e+01   8.4792e+01   8.2985e+01   8.0385e+01   7.7882e+01   7.6289e+01   7.4678e+01   7.2323e+01   6.9932e+01   6.8725e+01   6.7059e+01   6.5480e+01   6.4652e+01   6.3288e+01   6.1997e+01   6.1074e+01   5.9894e+01   5.8619e+01   5.7646e+01   5.6515e+01   5.5703e+01   5.4601e+01   5.3747e+01   5.2727e+01   5.2099e+01   5.0942e+01   5.0498e+01   4.9659e+01   4.8764e+01   4.8180e+01   4.7481e+01   4.6960e+01   4.6055e+01   4.5345e+01   4.4984e+01   4.4297e+01   4.3359e+01   4.2677e+01   4.2320e+01   4.1648e+01   4.0985e+01   4.0275e+01   3.9568e+01   3.9179e+01   3.9102e+01   3.8789e+01   3.8123e+01   3.7672e+01   3.7569e+01   3.7005e+01   3.6147e+01   3.6004e+01   3.5525e+01   3.5118e+01   3.4761e+01   3.4382e+01   3.4262e+01   3.4191e+01   3.3785e+01   3.3329e+01   3.3172e+01   3.2767e+01   3.2384e+01
   3.5834e+03   1.7739e+03   1.1725e+03   8.7429e+02   6.9353e+02   5.7403e+02   4.8945e+02   4.2753e+02   3.7650e+02   3.3911e+02   3.0823e+02   2.8201e+02   2.6045e+02   2.4250e+02   2.2615e+02   2.1201e+02   1.9860e+02   1.8673e+02   1.7619e+02   1.6695e+02   1.5754e+02   1.5017e+02   1.4378e+02   1.3757e+02   1.3240e+02   1.2787e+02   1.2370e+02   1.1898e+02   1.1409e+02   1.1004e+02   1.0627e+02   1.0290e+02   9.9200e+01   9.5896e+01   9.3396e+01   9.1186e+01   8.8357e+01   8.6178e+01   8.4176e+01   8.1742e+01   7.9732e+01   7.8060e+01   7.6445e+01   7.4622e+01   7.2553e+01   7.0558e+01   6.9339e+01   6.8402e+01   6.7447e+01   6.5668e+01   6.3956e+01   6.2689e+01   6.1570e+01   6.0610e+01   5.9127e+01   5.7904e+01   5.7054e+01   5.6303e+01   5.5392e+01   5.4404e+01   5.3283e+01   5.2460e+01   5.1751e+01   5.1086e+01   5.0321e+01   4.9595e+01   4.8909e+01   4.8232e+01   4.7781e+01   4.7033e+01   4.6065e+01   4.5241e+01   4.4641e+01   4.4035e+01   4.3682e+01   4.3017e+01   4.2421e+01   4.1727e+01   4.1255e+01   4.0826e+01   4.0176e+01   3.9554e+01   3.9000e+01   3.8588e+01   3.7981e+01   3.7387e+01   3.6976e+01   3.6496e+01   3.6178e+01   3.5752e+01   3.5462e+01   3.5095e+01   3.4764e+01   3.4258e+01   3.3786e+01   3.3387e+01   3.3069e+01   3.2827e+01   3.2615e+01   3.2214e+01
   3.5780e+03   1.7779e+03   1.1746e+03   8.7576e+02   6.9590e+02   5.7712e+02   4.9188e+02   4.2665e+02   3.7491e+02   3.3295e+02   2.9890e+02   2.7307e+02   2.5191e+02   2.3358e+02   2.1815e+02   2.0264e+02   1.8952e+02   1.7864e+02   1.6892e+02   1.6029e+02   1.5216e+02   1.4479e+02   1.3798e+02   1.3208e+02   1.2802e+02   1.2302e+02   1.1882e+02   1.1422e+02   1.1078e+02   1.0737e+02   1.0399e+02   1.0047e+02   9.7425e+01   9.5044e+01   9.3510e+01   9.0229e+01   8.7114e+01   8.4264e+01   8.2558e+01   8.0972e+01   7.9421e+01   7.7061e+01   7.4854e+01   7.3491e+01   7.1642e+01   6.9568e+01   6.8367e+01   6.7102e+01   6.5332e+01   6.3572e+01   6.2205e+01   6.1192e+01   6.0725e+01   6.0192e+01   5.9133e+01   5.7834e+01   5.6569e+01   5.5351e+01   5.4349e+01   5.3343e+01   5.2103e+01   5.0720e+01   4.9854e+01   4.8974e+01   4.7992e+01   4.7046e+01   4.6034e+01   4.5324e+01   4.4319e+01   4.3884e+01   4.3152e+01   4.2244e+01   4.2036e+01   4.1764e+01   4.1501e+01   4.1124e+01   4.0608e+01   3.9965e+01   3.8993e+01   3.8112e+01   3.7828e+01   3.7230e+01   3.6927e+01   3.6998e+01   3.6821e+01   3.6689e+01   3.6318e+01   3.5907e+01   3.5221e+01   3.4811e+01   3.4618e+01   3.4302e+01   3.4142e+01   3.3867e+01   3.3652e+01   3.3020e+01   3.2413e+01   3.2338e+01   3.2177e+01   3.1668e+01
   3.5805e+03   1.7714e+03   1.1665e+03   8.6524e+02   6.8553e+02   5.6690e+02   4.8231e+02   4.1896e+02   3.6950e+02   3.3185e+02   3.0239e+02   2.7672e+02   2.5292e+02   2.3507e+02   2.2047e+02   2.0544e+02   1.9252e+02   1.8065e+02   1.7012e+02   1.6279e+02   1.5517e+02   1.4759e+02   1.4094e+02   1.3438e+02   1.2986e+02   1.2294e+02   1.1744e+02   1.1291e+02   1.0812e+02   1.0421e+02   1.0037e+02   9.6575e+01   9.3467e+01   9.0912e+01   8.7454e+01   8.4713e+01   8.2556e+01   8.0103e+01   7.7963e+01   7.5618e+01   7.3275e+01   7.1233e+01   6.9476e+01   6.7783e+01   6.6062e+01   6.4544e+01   6.3143e+01   6.1934e+01   6.0590e+01   5.9907e+01   5.9316e+01   5.8331e+01   5.7582e+01   5.6493e+01   5.5942e+01   5.4501e+01   5.3359e+01   5.2843e+01   5.2309e+01   5.1012e+01   4.9858e+01   4.8931e+01   4.8202e+01   4.7340e+01   4.5935e+01   4.4770e+01   4.4219e+01   4.3345e+01   4.2822e+01   4.2439e+01   4.2077e+01   4.1951e+01   4.1800e+01   4.1248e+01   4.0654e+01   3.9919e+01   3.9387e+01   3.9126e+01   3.8830e+01   3.7830e+01   3.7132e+01   3.6632e+01   3.6040e+01   3.6028e+01   3.5728e+01   3.4957e+01   3.4442e+01   3.4123e+01   3.3531e+01   3.3112e+01   3.2949e+01   3.2551e+01   3.2159e+01   3.2082e+01   3.1782e+01   3.1575e+01   3.1184e+01   3.0921e+01   3.0593e+01   3.0467e+01
   3.5725e+03   1.7563e+03   1.1534e+03   8.5057e+02   6.7618e+02   5.5629e+02   4.6999e+02   4.0887e+02   3.5882e+02   3.1804e+02   2.8681e+02   2.6437e+02   2.4549e+02   2.2741e+02   2.1045e+02   1.9604e+02   1.8508e+02   1.7411e+02   1.6672e+02   1.5790e+02   1.4952e+02   1.4215e+02   1.3462e+02   1.2853e+02   1.2352e+02   1.1824e+02   1.1337e+02   1.1033e+02   1.0703e+02   1.0411e+02   1.0080e+02   9.7801e+01   9.4486e+01   9.2303e+01   9.0270e+01   8.7199e+01   8.4819e+01   8.2288e+01   7.9840e+01   7.8120e+01   7.5520e+01   7.3132e+01   7.1526e+01   7.0281e+01   6.8682e+01   6.6757e+01   6.4736e+01   6.3096e+01   6.2308e+01   6.0825e+01   5.9476e+01   5.8662e+01   5.7925e+01   5.6737e+01   5.5400e+01   5.4092e+01   5.2534e+01   5.1934e+01   5.1047e+01   5.0180e+01   4.8913e+01   4.8483e+01   4.7948e+01   4.7226e+01   4.6472e+01   4.5868e+01   4.4943e+01   4.4726e+01   4.4331e+01   4.3928e+01   4.3163e+01   4.2514e+01   4.1548e+01   4.0507e+01   3.9911e+01   3.8930e+01   3.8485e+01   3.7928e+01   3.7379e+01   3.6573e+01   3.6209e+01   3.5523e+01   3.5173e+01   3.4857e+01   3.4805e+01   3.4862e+01   3.4867e+01   3.4577e+01   3.4050e+01   3.3982e+01   3.3811e+01   3.3417e+01   3.3262e+01   3.2846e+01   3.2138e+01   3.1764e+01   3.1356e+01   3.0866e+01   3.0789e+01   3.0291e+01
   3.5840e+03   1.7637e+03   1.1617e+03   8.6179e+02   6.7738e+02   5.5771e+02   4.7575e+02   4.1436e+02   3.6955e+02   3.2973e+02   2.9803e+02   2.7477e+02   2.5423e+02   2.3446e+02   2.1664e+02   2.0159e+02   1.8741e+02   1.7716e+02   1.6857e+02   1.5986e+02   1.5024e+02   1.4295e+02   1.3611e+02   1.2881e+02   1.2277e+02   1.1762e+02   1.1263e+02   1.0913e+02   1.0511e+02   1.0118e+02   9.8370e+01   9.4130e+01   9.0755e+01   8.9323e+01   8.7865e+01   8.6378e+01   8.3501e+01   8.0937e+01   7.8252e+01   7.6641e+01   7.5037e+01   7.2522e+01   7.0394e+01   6.8731e+01   6.6401e+01   6.4509e+01   6.3073e+01   6.2780e+01   6.1619e+01   6.0016e+01   5.9041e+01   5.7985e+01   5.7165e+01   5.6270e+01   5.5462e+01   5.4085e+01   5.3046e+01   5.2060e+01   5.0970e+01   5.0261e+01   4.9647e+01   4.8944e+01   4.8245e+01   4.7037e+01   4.6178e+01   4.5378e+01   4.4317e+01   4.3497e+01   4.2344e+01   4.1515e+01   4.1219e+01   4.0643e+01   3.9949e+01   3.9633e+01   3.8709e+01   3.8019e+01   3.7842e+01   3.7317e+01   3.6266e+01   3.5666e+01   3.5348e+01   3.5086e+01   3.4729e+01   3.4315e+01   3.3951e+01   3.3542e+01   3.2889e+01   3.2282e+01   3.1776e+01   3.1292e+01   3.1142e+01   3.0386e+01   2.9974e+01   2.9332e+01   2.8763e+01   2.8577e+01   2.8253e+01   2.8279e+01   2.8294e+01   2.7733e+01
   3.5725e+03   1.7543e+03   1.1524e+03   8.4813e+02   6.6934e+02   5.5348e+02   4.7275e+02   4.0987e+02   3.6071e+02   3.2214e+02   2.9131e+02   2.6476e+02   2.4563e+02   2.2631e+02   2.1111e+02   1.9633e+02   1.8319e+02   1.7436e+02   1.6431e+02   1.5546e+02   1.4674e+02   1.3903e+02   1.3381e+02   1.2951e+02   1.2479e+02   1.1878e+02   1.1481e+02   1.0960e+02   1.0450e+02   9.9421e+01   9.5451e+01   9.2764e+01   8.9998e+01   8.7173e+01   8.3958e+01   8.1839e+01   8.0704e+01   7.8911e+01   7.7365e+01   7.4810e+01   7.2285e+01   6.9933e+01   6.8062e+01   6.6333e+01   6.4928e+01   6.3086e+01   6.1122e+01   6.0250e+01   5.8668e+01   5.7733e+01   5.6362e+01   5.4948e+01   5.4873e+01   5.3180e+01   5.1753e+01   5.0247e+01   4.8670e+01   4.7796e+01   4.6751e+01   4.6024e+01   4.5234e+01   4.3922e+01   4.2949e+01   4.1716e+01   4.0051e+01   3.9178e+01   3.8910e+01   3.8592e+01   3.7983e+01   3.7590e+01   3.6830e+01   3.6449e+01   3.6050e+01   3.6001e+01   3.5477e+01   3.5475e+01   3.4971e+01   3.5024e+01   3.4660e+01   3.4028e+01   3.3661e+01   3.3605e+01   3.3251e+01   3.3343e+01   3.3508e+01   3.3152e+01   3.2712e+01   3.2159e+01   3.1641e+01   3.1318e+01   3.0956e+01   3.0842e+01   3.0871e+01   3.0508e+01   3.0020e+01   2.9404e+01   2.9168e+01   2.8817e+01   2.8319e+01   2.7793e+01

   4.3558e+02   3.0587e+06   2.6221e+06   2.1813e+06   1.8411e+06   1.5782e+06   1.3707e+06   1.1942e+06   1.0635e+06   9.5596e+05   8.6854e+05   7.9664e+05   7.3855e+05   6.9700e+05   6.5428e+05   6.1649e+05   5.7226e+05   5.3939e+05   5.0975e+05   4.8911e+05   4.6131e+05   4.4025e+05   4.1450e+05   3.9274e+05   3.7339e+05   3.6037e+05   3.5337e+05   3.4150e+05   3.2996e+05   3.2283e+05   3.0843e+05   2.9486e+05   2.8541e+05   2.7906e+05   2.7579e+05   2.6829e+05   2.6378e+05   2.5179e+05   2.4882e+05   2.4521e+05   2.3398e+05   2.2322e+05   2.1882e+05   2.1377e+05   2.0789e+05   1.9896e+05   1.9821e+05   1.9258e+05   1.8882e+05   1.8929e+05   1.8522e+05   1.8001e+05   1.7908e+05   1.7860e+05   1.7338e+05   1.6913e+05   1.6643e+05   1.6608e+05   1.6205e+05   1.5888e+05   1.5537e+05   1.5505e+05   1.5046e+05   1.4938e+05   1.4608e+05   1.4266e+05   1.4262e+05   1.4054e+05   1.3968e+05   1.3634e+05   1.3371e+05   1.3242e+05   1.3044e+05   1.2713e+05   1.2430e+05   1.2286e+05   1.2263e+05   1.2087e+05   1.1920e+05   1.1554e+05   1.1550e+05   1.1622e+05   1.1603e+05   1.1292e+05   1.1087e+05   1.1133e+05   1.0824e+05   1.0363e+05   1.0436e+05   1.0154e+05   1.0033e+05   9.9839e+04   9.9620e+04   1.0165e+05   1.0268e+05   9.9114e+04   9.6771e+04   9.6427e+04   9.5334e+04   9.5162e+04
   4.7030e+02   2.8982e+06   2.4977e+06   2.0726e+06   1.7181e+06   1.4563e+06   1.2629e+06   1.1286e+06   9.8806e+05   9.0046e+05   8.2945e+05   7.5772e+05   7.1010e+05   6.6988e+05   6.3045e+05   5.9624e+05   5.5305e+05   5.1605e+05   4.8504e+05   4.6112e+05   4.3042e+05   4.1095e+05   3.9448e+05   3.7805e+05   3.6647e+05   3.5659e+05   3.4784e+05   3.3423e+05   3.1865e+05   3.1071e+05   2.9905e+05   2.8772e+05   2.7265e+05   2.6067e+05   2.5334e+05   2.4999e+05   2.3980e+05   2.3467e+05   2.3126e+05   2.2462e+05   2.1896e+05   2.1341e+05   2.1036e+05   2.0679e+05   1.9914e+05   1.9181e+05   1.8912e+05   1.8846e+05   1.8568e+05   1.7962e+05   1.7387e+05   1.7042e+05   1.6871e+05   1.6841e+05   1.6420e+05   1.5992e+05   1.5671e+05   1.5761e+05   1.5588e+05   1.5203e+05   1.4815e+05   1.4712e+05   1.4590e+05   1.4343e+05   1.4320e+05   1.4282e+05   1.4116e+05   1.3755e+05   1.3637e+05   1.3445e+05   1.3122e+05   1.2639e+05   1.2402e+05   1.2240e+05   1.2217e+05   1.2068e+05   1.1989e+05   1.1681e+05   1.1631e+05   1.1552e+05   1.1250e+05   1.0929e+05   1.0876e+05   1.0715e+05   1.0405e+05   1.0233e+05   1.0207e+05   1.0162e+05   1.0095e+05   1.0016e+05   9.9996e+04   9.8873e+04   9.7501e+04   9.6071e+04   9.4955e+04   9.2707e+04   9.2450e+04   9.2798e+04   9.2912e+04   9.0647e+04
   5.1464e+02   2.7950e+06   2.4058e+06   1.9869e+06   1.6528e+06   1.4130e+06   1.2230e+06   1.0796e+06   9.4956e+05   8.3332e+05   7.3507e+05   6.7846e+05   6.2848e+05   5.7752e+05   5.4218e+05   5.0285e+05   4.6899e+05   4.3939e+05   4.1340e+05   3.9164e+05   3.7086e+05   3.5091e+05   3.3940e+05   3.2958e+05   3.2397e+05   3.1401e+05   3.0729e+05   2.9102e+05   2.8410e+05   2.7591e+05   2.6751e+05   2.5539e+05   2.4860e+05   2.4414e+05   2.4464e+05   2.3312e+05   2.2440e+05   2.1465e+05   2.1124e+05   2.0686e+05   2.0355e+05   1.9623e+05   1.9058e+05   1.8896e+05   1.8386e+05   1.7727e+05   1.7857e+05   1.7459e+05   1.6832e+05   1.5990e+05   1.5589e+05   1.5458e+05   1.5576e+05   1.5639e+05   1.5407e+05   1.5140e+05   1.4604e+05   1.4316e+05   1.4114e+05   1.3686e+05   1.3312e+05   1.2803e+05   1.2434e+05   1.2408e+05   1.2076e+05   1.1626e+05   1.1392e+05   1.1317e+05   1.0919e+05   1.0934e+05   1.0666e+05   1.0257e+05   1.0354e+05   1.0415e+05   1.0434e+05   1.0338e+05   1.0235e+05   1.0029e+05   9.6278e+04   9.3295e+04   9.4502e+04   9.1366e+04   9.1901e+04   9.3275e+04   9.3592e+04   9.4548e+04   9.4338e+04   9.3811e+04   9.0884e+04   8.9450e+04   9.0239e+04   8.9352e+04   8.9573e+04   8.8543e+04   8.8107e+04   8.5277e+04   8.3252e+04   8.3530e+04   8.3342e+04   8.1011e+04
   6.9724e+02   2.6253e+06   2.2344e+06   1.8081e+06   1.4968e+06   1.2728e+06   1.0952e+06   9.5518e+05   8.4366e+05   7.7085e+05   7.1639e+05   6.6466e+05   5.9246e+05   5.5338e+05   5.2237e+05   4.8668e+05   4.5507e+05   4.2445e+05   3.9916e+05   3.8740e+05   3.7370e+05   3.5516e+05   3.4145e+05   3.2384e+05   3.1593e+05   2.9440e+05   2.7827e+05   2.6541e+05   2.5051e+05   2.4466e+05   2.3871e+05   2.3097e+05   2.2293e+05   2.2008e+05   2.0922e+05   2.0079e+05   1.9603e+05   1.8598e+05   1.8024e+05   1.7477e+05   1.6906e+05   1.6558e+05   1.6233e+05   1.5832e+05   1.5481e+05   1.4968e+05   1.4457e+05   1.4218e+05   1.3931e+05   1.3698e+05   1.3956e+05   1.3819e+05   1.3562e+05   1.3052e+05   1.3015e+05   1.2654e+05   1.2315e+05   1.2234e+05   1.2363e+05   1.2271e+05   1.1708e+05   1.1423e+05   1.1190e+05   1.1039e+05   1.0640e+05   1.0307e+05   1.0292e+05   1.0178e+05   1.0108e+05   9.8991e+04   9.8771e+04   1.0022e+05   1.0109e+05   9.9466e+04   9.7060e+04   9.5793e+04   9.4424e+04   9.5089e+04   9.3914e+04   9.0560e+04   8.9615e+04   8.7507e+04   8.5929e+04   8.5588e+04   8.4961e+04   8.1475e+04   7.8998e+04   7.9920e+04   7.8692e+04   7.6680e+04   7.5025e+04   7.4309e+04   7.3924e+04   7.4098e+04   7.3012e+04   7.5198e+04   7.4202e+04   7.3658e+04   7.2382e+04   7.2123e+04
   9.3109e+02   2.4272e+06   2.0530e+06   1.6412e+06   1.3770e+06   1.1575e+06   9.9387e+05   8.7403e+05   7.6552e+05   6.6087e+05   5.8747e+05   5.5642e+05   5.2349e+05   4.8820e+05   4.4904e+05   4.1886e+05   3.9772e+05   3.7408e+05   3.6682e+05   3.5010e+05   3.2822e+05   3.0545e+05   2.8770e+05   2.7271e+05   2.6089e+05   2.5196e+05   2.4210e+05   2.3855e+05   2.3549e+05   2.2797e+05   2.2344e+05   2.1549e+05   2.0513e+05   2.0454e+05   2.0207e+05   1.9438e+05   1.8991e+05   1.8314e+05   1.7542e+05   1.7186e+05   1.6545e+05   1.5707e+05   1.5454e+05   1.5688e+05   1.5495e+05   1.4908e+05   1.4481e+05   1.3959e+05   1.3613e+05   1.3415e+05   1.3264e+05   1.3249e+05   1.3022e+05   1.2841e+05   1.2400e+05   1.2099e+05   1.1587e+05   1.1480e+05   1.1234e+05   1.0949e+05   1.0604e+05   1.0857e+05   1.0644e+05   1.0408e+05   1.0157e+05   1.0097e+05   9.8431e+04   9.9100e+04   9.8200e+04   9.8261e+04   9.6872e+04   9.5073e+04   9.0393e+04   8.7788e+04   8.6272e+04   8.2701e+04   8.2349e+04   8.0151e+04   7.8379e+04   7.6889e+04   7.8113e+04   7.7409e+04   7.6282e+04   7.5994e+04   7.6284e+04   7.6924e+04   7.6612e+04   7.5453e+04   7.4373e+04   7.4919e+04   7.5067e+04   7.4246e+04   7.5162e+04   7.4300e+04   7.2050e+04   6.9885e+04   6.9652e+04   6.8914e+04   6.9144e+04   6.6762e+04
   3.7279e+02   2.3636e+06   2.0126e+06   1.6363e+06   1.3254e+06   1.1029e+06   9.5331e+05   8.4118e+05   7.6648e+05   6.8558e+05   6.3078e+05   5.9348e+05   5.5073e+05   5.0041e+05   4.5221e+05   4.1914e+05   3.8888e+05   3.6768e+05   3.4978e+05   3.3281e+05   3.0831e+05   2.9009e+05   2.7554e+05   2.5605e+05   2.4306e+05   2.3403e+05   2.2951e+05   2.2630e+05   2.1584e+05   2.0935e+05   2.0327e+05   1.9183e+05   1.8226e+05   1.7959e+05   1.8048e+05   1.8009e+05   1.7434e+05   1.6898e+05   1.6257e+05   1.5968e+05   1.5625e+05   1.4954e+05   1.4290e+05   1.3851e+05   1.3151e+05   1.2678e+05   1.2245e+05   1.2679e+05   1.2489e+05   1.1984e+05   1.1793e+05   1.1506e+05   1.1375e+05   1.1364e+05   1.1200e+05   1.0903e+05   1.0721e+05   1.0466e+05   1.0143e+05   1.0108e+05   1.0114e+05   1.0066e+05   9.8067e+04   9.6250e+04   9.3159e+04   9.2852e+04   9.1401e+04   8.9108e+04   8.4994e+04   8.4666e+04   8.4646e+04   8.2031e+04   8.1107e+04   7.9859e+04   7.7013e+04   7.4455e+04   7.4226e+04   7.2812e+04   7.0530e+04   6.8336e+04   6.8213e+04   6.8256e+04   6.8504e+04   6.7441e+04   6.5870e+04   6.4729e+04   6.3106e+04   6.2437e+04   6.2058e+04   6.0611e+04   6.0247e+04   5.9555e+04   5.9282e+04   5.7812e+04   5.6597e+04   5.6614e+04   5.7238e+04   5.6659e+04   5.5949e+04   5.4516e+04
   7.0497e+02   2.2121e+06   1.8737e+06   1.4900e+06   1.2231e+06   1.0316e+06   9.0283e+05   7.8929e+05   6.9746e+05   6.1752e+05   5.5822e+05   5.0401e+05   4.6829e+05   4.2597e+05   4.0397e+05   3.7448e+05   3.4816e+05   3.4126e+05   3.1609e+05   2.9511e+05   2.7788e+05   2.6339e+05   2.5623e+05   2.5203e+05   2.4643e+05   2.3190e+05   2.2506e+05   2.1325e+05   2.0211e+05   1.9001e+05   1.8398e+05   1.7897e+05   1.7219e+05   1.6667e+05   1.6167e+05   1.6106e+05   1.6055e+05   1.5933e+05   1.5654e+05   1.5029e+05   1.4484e+05   1.3880e+05   1.3404e+05   1.3091e+05   1.2851e+05   1.1905e+05   1.1356e+05   1.1410e+05   1.1206e+05   1.1311e+05   1.1170e+05   1.0945e+05   1.1206e+05   1.0825e+05   1.0122e+05   9.6539e+04   9.1619e+04   9.1058e+04   8.8098e+04   8.7529e+04   8.4946e+04   8.2097e+04   8.0994e+04   7.7999e+04   7.3711e+04   7.2269e+04   7.2804e+04   7.2411e+04   7.0760e+04   7.0463e+04   6.7594e+04   6.6569e+04   6.5759e+04   6.6110e+04   6.3545e+04   6.4501e+04   6.4803e+04   6.4846e+04   6.3003e+04   6.1894e+04   6.2094e+04   6.1446e+04   6.0771e+04   6.1835e+04   6.3737e+04   6.2867e+04   6.2328e+04   6.1250e+04   6.0468e+04   5.9233e+04   5.8308e+04   5.8344e+04   5.8675e+04   5.8537e+04   5.7146e+04   5.6181e+04   5.5960e+04   5.5155e+04   5.3388e+04   5.1128e+04

   5.5851e+01   1.5701e+06   1.3663e+06   1.1429e+06   9.6869e+05   8.3305e+05   7.2576e+05   6.3595e+05   5.7046e+05   5.1506e+05   4.7028e+05   4.3282e+05   4.0284e+05   3.7822e+05   3.5410e+05   3.3200e+05   3.0959e+05   2.9133e+05   2.7623e+05   2.6399e+05   2.5116e+05   2.3925e+05   2.2728e+05   2.1704e+05   2.0622e+05   1.9967e+05   1.9461e+05   1.8758e+05   1.8280e+05   1.7753e+05   1.7108e+05   1.6450e+05   1.5942e+05   1.5485e+05   1.5225e+05   1.4828e+05   1.4509e+05   1.3896e+05   1.3660e+05   1.3428e+05   1.2923e+05   1.2434e+05   1.2222e+05   1.1990e+05   1.1507e+05   1.1004e+05   1.0863e+05   1.0568e+05   1.0290e+05   1.0241e+05   1.0013e+05   9.8012e+04   9.6978e+04   9.5061e+04   9.2776e+04   9.1384e+04   8.9427e+04   8.8429e+04   8.6455e+04   8.5217e+04   8.3402e+04   8.2786e+04   8.0446e+04   8.0326e+04   7.8911e+04   7.7280e+04   7.6603e+04   7.5524e+04   7.4978e+04   7.3175e+04   7.1964e+04   7.1837e+04   7.0639e+04   6.8618e+04   6.7389e+04   6.7162e+04   6.5914e+04   6.4670e+04   6.3260e+04   6.1843e+04   6.1400e+04   6.1923e+04   6.1689e+04   6.0313e+04   5.9604e+04   5.9986e+04   5.8884e+04   5.6836e+04   5.7035e+04   5.6159e+04   5.5497e+04   5.4980e+04   5.4377e+04   5.4586e+04   5.4944e+04   5.4216e+04   5.3320e+04   5.3369e+04   5.2609e+04   5.1911e+04
   6.4485e+01   1.5320e+06   1.3403e+06   1.1181e+06   9.3820e+05   8.0348e+05   7.0102e+05   6.2404e+05   5.5311e+05   5.0480e+05   4.6338e+05   4.2670e+05   3.9704e+05   3.7289e+05   3.4924e+05   3.2885e+05   3.0782e+05   2.8913e+05   2.7256e+05   2.5833e+05   2.4212e+05   2.3101e+05   2.2185e+05   2.1234e+05   2.0521e+05   1.9941e+05   1.9405e+05   1.8644e+05   1.7777e+05   1.7129e+05   1.6526e+05   1.6011e+05   1.5361e+05   1.4803e+05   1.4467e+05   1.4196e+05   1.3709e+05   1.3404e+05   1.3134e+05   1.2711e+05   1.2404e+05   1.2187e+05   1.1972e+05   1.1680e+05   1.1298e+05   1.0928e+05   1.0788e+05   1.0727e+05   1.0651e+05   1.0307e+05   9.9763e+04   9.7766e+04   9.6157e+04   9.4974e+04   9.2088e+04   8.9953e+04   8.8920e+04   8.8141e+04   8.6807e+04   8.5185e+04   8.3096e+04   8.1891e+04   8.0998e+04   8.0201e+04   7.9052e+04   7.7988e+04   7.7011e+04   7.6031e+04   7.5730e+04   7.4455e+04   7.2458e+04   7.0887e+04   6.9992e+04   6.9049e+04   6.8878e+04   6.7700e+04   6.6713e+04   6.5400e+04   6.4759e+04   6.4229e+04   6.2990e+04   6.1817e+04   6.0840e+04   6.0286e+04   5.9108e+04   5.7956e+04   5.7357e+04   5.6526e+04   5.6185e+04   5.5494e+04   5.5209e+04   5.4672e+04   5.4238e+04   5.3243e+04   5.2343e+04   5.1655e+04   5.1209e+04   5.0989e+04   5.0852e+04   5.0117e+04
   9.1512e+01   1.5022e+06   1.3131e+06   1.0952e+06   9.2216e+05   7.9283e+05   6.9115e+05   6.0669e+05   5.3540e+05   4.7506e+05   4.2540e+05   3.9054e+05   3.6259e+05   3.3773e+05   3.1724e+05   2.9330e+05   2.7365e+05   2.5832e+05   2.4457e+05   2.3245e+05   2.2050e+05   2.0962e+05   1.9945e+05   1.9105e+05   1.8730e+05   1.8016e+05   1.7479e+05   1.6773e+05   1.6364e+05   1.5921e+05   1.5449e+05   1.4902e+05   1.4463e+05   1.4195e+05   1.4157e+05   1.3568e+05   1.3009e+05   1.2510e+05   1.2333e+05   1.2176e+05   1.2014e+05   1.1594e+05   1.1206e+05   1.1059e+05   1.0754e+05   1.0371e+05   1.0238e+05   1.0077e+05   9.7559e+04   9.4299e+04   9.2130e+04   9.0935e+04   9.1311e+04   9.1440e+04   8.9915e+04   8.7600e+04   8.5336e+04   8.3157e+04   8.1581e+04   7.9945e+04   7.7564e+04   7.4726e+04   7.3377e+04   7.1953e+04   7.0191e+04   6.8507e+04   6.6600e+04   6.5540e+04   6.3602e+04   6.3276e+04   6.2069e+04   6.0333e+04   6.0584e+04   6.0634e+04   6.0693e+04   6.0398e+04   5.9678e+04   5.8562e+04   5.6476e+04   5.4641e+04   5.4512e+04   5.3462e+04   5.3244e+04   5.4102e+04   5.4233e+04   5.4483e+04   5.4017e+04   5.3414e+04   5.1984e+04   5.1358e+04   5.1360e+04   5.0986e+04   5.1066e+04   5.0794e+04   5.0691e+04   4.9322e+04   4.8028e+04   4.8304e+04   4.8317e+04   4.7278e+04
   9.5147e+01   1.4566e+06   1.2648e+06   1.0442e+06   8.7406e+05   7.4721e+05   6.4905e+05   5.7140e+05   5.0796e+05   4.6092e+05   4.2527e+05   3.9175e+05   3.5699e+05   3.3410e+05   3.1648e+05   2.9443e+05   2.7580e+05   2.5802e+05   2.4229e+05   2.3417e+05   2.2396e+05   2.1276e+05   2.0325e+05   1.9316e+05   1.8825e+05   1.7574e+05   1.6680e+05   1.6010e+05   1.5224e+05   1.4648e+05   1.4056e+05   1.3447e+05   1.3002e+05   1.2685e+05   1.2095e+05   1.1682e+05   1.1412e+05   1.1042e+05   1.0743e+05   1.0372e+05   9.9891e+04   9.6760e+04   9.4290e+04   9.1890e+04   8.9313e+04   8.7192e+04   8.5302e+04   8.3853e+04   8.1959e+04   8.1792e+04   8.1822e+04   8.0709e+04   8.0191e+04   7.8672e+04   7.8600e+04   7.5984e+04   7.4158e+04   7.4031e+04   7.3812e+04   7.1409e+04   6.9371e+04   6.7929e+04   6.7001e+04   6.5668e+04   6.2811e+04   6.0597e+04   6.0024e+04   5.8547e+04   5.7997e+04   5.7801e+04   5.7644e+04   5.8118e+04   5.8512e+04   5.7768e+04   5.6884e+04   5.5589e+04   5.4838e+04   5.4828e+04   5.4699e+04   5.2588e+04   5.1305e+04   5.0556e+04   4.9538e+04   5.0111e+04   4.9873e+04   4.8313e+04   4.7449e+04   4.7117e+04   4.6018e+04   4.5386e+04   4.5445e+04   4.4847e+04   4.4254e+04   4.4520e+04   4.4163e+04   4.4053e+04   4.3421e+04   4.3136e+04   4.2661e+04   4.2741e+04
   1.3981e+02   1.3994e+06   1.2086e+06   9.8613e+05   8.3105e+05   7.0316e+05   6.0232e+05   5.3184e+05   4.6813e+05   4.1375e+05   3.7388e+05   3.4943e+05   3.2870e+05   3.0558e+05   2.8182e+05   2.6203e+05   2.4912e+05   2.3423e+05   2.2740e+05   2.1530e+05   2.0322e+05   1.9287e+05   1.8121e+05   1.7270e+05   1.6644e+05   1.5887e+05   1.5189e+05   1.4938e+05   1.4580e+05   1.4287e+05   1.3856e+05   1.3478e+05   1.2985e+05   1.2780e+05   1.2593e+05   1.2097e+05   1.1772e+05   1.1388e+05   1.1010e+05   1.0818e+05   1.0370e+05   9.9670e+04   9.7667e+04   9.6541e+04   9.4342e+04   9.1155e+04   8.7623e+04   8.5049e+04   8.4703e+04   8.2403e+04   8.0396e+04   7.9773e+04   7.9308e+04   7.7549e+04   7.5333e+04   7.3151e+04   7.0250e+04   6.9879e+04   6.8697e+04   6.7528e+04   6.5248e+04   6.5178e+04   6.4790e+04   6.3867e+04   6.2826e+04   6.2161e+04   6.0595e+04   6.0921e+04   6.0743e+04   6.0520e+04   5.9280e+04   5.8330e+04   5.6496e+04   5.4446e+04   5.3579e+04   5.1665e+04   5.1166e+04   5.0349e+04   4.9536e+04   4.8031e+04   4.7676e+04   4.6461e+04   4.6111e+04   4.5838e+04   4.6252e+04   4.6957e+04   4.7524e+04   4.7279e+04   4.6377e+04   4.6716e+04   4.6767e+04   4.6192e+04   4.6265e+04   4.5605e+04   4.4131e+04   4.3568e+04   4.2902e+04   4.2005e+04   4.2228e+04   4.1291e+04
   6.2320e+01   1.3799e+06   1.1987e+06   9.8983e+05   8.1548e+05   6.9103e+05   6.0346e+05   5.3408e+05   4.8552e+05   4.3485e+05   3.9472e+05   3.6907e+05   3.4467e+05   3.1759e+05   2.9202e+05   2.7091e+05   2.4976e+05   2.3714e+05   2.2731e+05   2.1578e+05   2.0064e+05   1.9071e+05   1.8112e+05   1.6959e+05   1.6076e+05   1.5371e+05   1.4659e+05   1.4290e+05   1.3747e+05   1.3195e+05   1.2902e+05   1.2208e+05   1.1714e+05   1.1702e+05   1.1666e+05   1.1606e+05   1.1156e+05   1.0772e+05   1.0342e+05   1.0181e+05   1.0010e+05   9.5837e+04   9.2497e+04   9.0278e+04   8.6220e+04   8.3227e+04   8.1332e+04   8.2331e+04   8.0999e+04   7.8440e+04   7.7461e+04   7.6211e+04   7.5521e+04   7.4584e+04   7.3825e+04   7.1503e+04   7.0033e+04   6.8659e+04   6.6968e+04   6.6241e+04   6.5727e+04   6.4945e+04   6.4138e+04   6.1950e+04   6.0655e+04   5.9486e+04   5.7612e+04   5.6338e+04   5.4190e+04   5.2855e+04   5.2858e+04   5.2125e+04   5.1069e+04   5.0962e+04   4.9282e+04   4.8181e+04   4.8371e+04   4.7655e+04   4.5593e+04   4.4663e+04   4.4424e+04   4.4317e+04   4.3954e+04   4.3437e+04   4.3033e+04   4.2503e+04   4.1344e+04   4.0295e+04   3.9491e+04   3.8733e+04   3.8793e+04   3.7342e+04   3.6736e+04   3.5562e+04   3.4562e+04   3.4480e+04   3.4059e+04   3.4478e+04   3.4869e+04   3.3842e+04
   1.0473e+02   1.3356e+06   1.1540e+06   9.3787e+05   7.7892e+05   6.6581e+05   5.8291e+05   5.1122e+05   4.5250e+05   4.0604e+05   3.6892e+05   3.3521e+05   3.1477e+05   2.8946e+05   2.7127e+05   2.5138e+05   2.3344e+05   2.2469e+05   2.1127e+05   1.9965e+05   1.8722e+05   1.7648e+05   1.7127e+05   1.6773e+05   1.6249e+05   1.5336e+05   1.4901e+05   1.4101e+05   1.3295e+05   1.2463e+05   1.1883e+05   1.1598e+05   1.1269e+05   1.0903e+05   1.0420e+05   1.0192e+05   1.0194e+05   1.0017e+05   9.8886e+04   9.4897e+04   9.0871e+04   8.7179e+04   8.4591e+04   8.2260e+04   8.0646e+04   7.7868e+04   7.4718e+04   7.4180e+04   7.1829e+04   7.1008e+04   6.9056e+04   6.6948e+04   6.8076e+04   6.5171e+04   6.2882e+04   6.0375e+04   5.7674e+04   5.6614e+04   5.5116e+04   5.4337e+04   5.3377e+04   5.1164e+04   4.9725e+04   4.7669e+04   4.4635e+04   4.3377e+04   4.3445e+04   4.3386e+04   4.2653e+04   4.2390e+04   4.1282e+04   4.1012e+04   4.0684e+04   4.1136e+04   4.0495e+04   4.1038e+04   4.0411e+04   4.1067e+04   4.0741e+04   3.9770e+04   3.9412e+04   3.9772e+04   3.9418e+04   4.0120e+04   4.1005e+04   4.0618e+04   4.0010e+04   3.9120e+04   3.8305e+04   3.7952e+04   3.7497e+04   3.7637e+04   3.8120e+04   3.7635e+04   3.6832e+04   3.5712e+04   3.5511e+04   3.5023e+04   3.4170e+04   3.3249e+04

   7.8910e+03
   7.8360e+03
   9.8970e+03
   1.1617e+04
   1.2526e+04
   1.3906e+04
   1.5619e+04

