   2.0000
   2.0050
   2.0100
   2.0150
   2.0200
   2.0250
   2.0300
   2.0350
   2.0400
   2.0450
   2.0500
   2.0550
   2.0600
   2.0650
   2.0700
   2.0750
   2.0800
   2.0850
   2.0900
   2.0950
   2.1000
   2.1050
   2.1100
   2.1150
   2.1200
   2.1250
   2.1300
   2.1350
   2.1400
   2.1450
   2.1500
   2.1550
   2.1600
   2.1650
   2.1700
   2.1750
   2.1800
   2.1850
   2.1900
   2.1950
   2.2000
   2.2050
   2.2100
   2.2150
   2.2200
   2.2250
   2.2300
   2.2350
   2.2400
   2.2450
   2.2500
   2.2550
   2.2600
   2.2650
   2.2700
   2.2750
   2.2800
   2.2850
   2.2900
   2.2950
   2.3000
   2.3050
   2.3100
   2.3150
   2.3200
   2.3250
   2.3300
   2.3350
   2.3400
   2.3450
   2.3500
   2.3550
   2.3600
   2.3650
   2.3700
   2.3750
   2.3800
   2.3850
   2.3900
   2.3950
   2.4000
   2.4050
   2.4100
   2.4150
   2.4200
   2.4250
   2.4300
   2.4350
   2.4400
   2.4450
   2.4500
   2.4550
   2.4600
   2.4650
   2.4700
   2.4750
   2.4800
   2.4850
   2.4900
   2.4950
   2.5000
   2.5050
   2.5100
   2.5150
   2.5200
   2.5250
   2.5300
   2.5350
   2.5400
   2.5450
   2.5500
   2.5550
   2.5600
   2.5650
   2.5700
   2.5750
   2.5800
   2.5850
   2.5900
   2.5950

     -inf  -1.7469  -1.7465  -1.7461  -1.7464  -1.7464  -1.7460  -1.7460  -1.7459  -1.7461
     -inf  -1.7407  -1.7430  -1.7427  -1.7428  -1.7428  -1.7425  -1.7425  -1.7424  -1.7429
     -inf  -1.7361  -1.7368  -1.7364  -1.7369  -1.7377  -1.7382  -1.7381  -1.7381  -1.7378
     -inf  -1.7345  -1.7348  -1.7347  -1.7343  -1.7341  -1.7341  -1.7340  -1.7341  -1.7343
     -inf  -1.7283  -1.7298  -1.7296  -1.7298  -1.7308  -1.7308  -1.7309  -1.7311  -1.7309
     -inf  -1.7310  -1.7302  -1.7284  -1.7280  -1.7277  -1.7272  -1.7273  -1.7274  -1.7274
     -inf  -1.7197  -1.7218  -1.7220  -1.7222  -1.7218  -1.7218  -1.7219  -1.7220  -1.7222
     -inf  -1.7150  -1.7167  -1.7181  -1.7181  -1.7181  -1.7185  -1.7184  -1.7183  -1.7186
     -inf  -1.7146  -1.7136  -1.7141  -1.7150  -1.7153  -1.7153  -1.7153  -1.7154  -1.7153
     -inf  -1.7103  -1.7108  -1.7105  -1.7103  -1.7101  -1.7102  -1.7110  -1.7109  -1.7110
     -inf  -1.7060  -1.7061  -1.7059  -1.7067  -1.7067  -1.7067  -1.7064  -1.7063  -1.7059
     -inf  -1.7033  -1.7047  -1.7029  -1.7018  -1.7019  -1.7023  -1.7021  -1.7027  -1.7028
     -inf  -1.6997  -1.7000  -1.7008  -1.7005  -1.7000  -1.6995  -1.6991  -1.6989  -1.6991
     -inf  -1.6950  -1.6920  -1.6931  -1.6945  -1.6941  -1.6935  -1.6933  -1.6933  -1.6932
     -inf  -1.6931  -1.6905  -1.6901  -1.6902  -1.6902  -1.6899  -1.6901  -1.6898  -1.6898
     -inf  -1.6849  -1.6861  -1.6849  -1.6843  -1.6848  -1.6847  -1.6849  -1.6850  -1.6847
     -inf  -1.6801  -1.6817  -1.6817  -1.6815  -1.6811  -1.6810  -1.6804  -1.6807  -1.6812
     -inf  -1.6791  -1.6754  -1.6755  -1.6764  -1.6764  -1.6758  -1.6755  -1.6754  -1.6755
     -inf  -1.6711  -1.6718  -1.6723  -1.6720  -1.6717  -1.6713  -1.6711  -1.6718  -1.6716
     -inf  -1.6681  -1.6655  -1.6671  -1.6681  -1.6681  -1.6677  -1.6676  -1.6675  -1.6674
     -inf  -1.6633  -1.6633  -1.6593  -1.6591  -1.6609  -1.6610  -1.6613  -1.6611  -1.6613
     -inf  -1.6565  -1.6566  -1.6570  -1.6569  -1.6569  -1.6577  -1.6573  -1.6571  -1.6574
     -inf  -1.6535  -1.6533  -1.6529  -1.6529  -1.6517  -1.6517  -1.6517  -1.6516  -1.6520
     -inf  -1.6458  -1.6466  -1.6476  -1.6485  -1.6488  -1.6478  -1.6480  -1.6475  -1.6472
     -inf  -1.6392  -1.6397  -1.6403  -1.6409  -1.6418  -1.6422  -1.6424  -1.6426  -1.6427
     -inf  -1.6401  -1.6375  -1.6388  -1.6384  -1.6387  -1.6379  -1.6375  -1.6371  -1.6375
     -inf  -1.6364  -1.6328  -1.6328  -1.6309  -1.6323  -1.6327  -1.6325  -1.6326  -1.6320
     -inf  -1.6281  -1.6292  -1.6304  -1.6305  -1.6287  -1.6282  -1.6285  -1.6281  -1.6275
     -inf  -1.6112  -1.6161  -1.6172  -1.6189  -1.6189  -1.6191  -1.6195  -1.6201  -1.6206
     -inf  -1.6129  -1.6150  -1.6151  -1.6160  -1.6153  -1.6153  -1.6151  -1.6151  -1.6151
        0        0        0        0        0        0        0        0        0        0
        0        0        0        0        0        0        0        0        0        0
        0        0        0        0        0        0        0        0        0        0
        0        0        0        0        0        0        0        0        0        0
        0        0        0        0        0        0        0        0        0        0
        0        0        0        0        0        0        0        0        0        0
        0        0        0        0        0        0        0        0        0        0
        0        0        0        0        0        0        0        0        0        0
        0        0        0        0        0        0        0        0        0        0
        0        0        0        0        0        0        0        0        0        0
        0        0        0        0        0        0        0        0        0        0
        0        0        0        0        0        0        0        0        0        0
        0        0        0        0        0        0        0        0        0        0
        0        0        0        0        0        0        0        0        0        0
        0        0        0        0        0        0        0        0        0        0
        0        0        0        0        0        0        0        0        0        0
        0        0        0        0        0        0        0        0        0        0
        0        0        0        0        0        0        0        0        0        0
        0        0        0        0        0        0        0        0        0        0
        0        0        0        0        0        0        0        0        0        0
        0        0        0        0        0        0        0        0        0        0
        0        0        0        0        0        0        0        0        0        0
        0        0        0        0        0        0        0        0        0        0
        0        0        0        0        0        0        0        0        0        0
        0        0        0        0        0        0        0        0        0        0
        0        0        0        0        0        0        0        0        0        0
        0        0        0        0        0        0        0        0        0        0
        0        0        0        0        0        0        0        0        0        0
        0        0        0        0        0        0        0        0        0        0
        0        0        0        0        0        0        0        0        0        0
        0        0        0        0        0        0        0        0        0        0
        0        0        0        0        0        0        0        0        0        0
        0        0        0        0        0        0        0        0        0        0
        0        0        0        0        0        0        0        0        0        0
        0        0        0        0        0        0        0        0        0        0
        0        0        0        0        0        0        0        0        0        0
        0        0        0        0        0        0        0        0        0        0
        0        0        0        0        0        0        0        0        0        0
        0        0        0        0        0        0        0        0        0        0
        0        0        0        0        0        0        0        0        0        0
        0        0        0        0        0        0        0        0        0        0
        0        0        0        0        0        0        0        0        0        0
        0        0        0        0        0        0        0        0        0        0
        0        0        0        0        0        0        0        0        0        0
        0        0        0        0        0        0        0        0        0        0
        0        0        0        0        0        0        0        0        0        0
        0        0        0        0        0        0        0        0        0        0
        0        0        0        0        0        0        0        0        0        0
        0        0        0        0        0        0        0        0        0        0
        0        0        0        0        0        0        0        0        0        0
        0        0        0        0        0        0        0        0        0        0
        0        0        0        0        0        0        0        0        0        0
        0        0        0        0        0        0        0        0        0        0
        0        0        0        0        0        0        0        0        0        0
        0        0        0        0        0        0        0        0        0        0
        0        0        0        0        0        0        0        0        0        0
        0        0        0        0        0        0        0        0        0        0
        0        0        0        0        0        0        0        0        0        0
        0        0        0        0        0        0        0        0        0        0
        0        0        0        0        0        0        0        0        0        0
        0        0        0        0        0        0        0        0        0        0
        0        0        0        0        0        0        0        0        0        0
        0        0        0        0        0        0        0        0        0        0
        0        0        0        0        0        0        0        0        0        0
        0        0        0        0        0        0        0        0        0        0
        0        0        0        0        0        0        0        0        0        0
        0        0        0        0        0        0        0        0        0        0
        0        0        0        0        0        0        0        0        0        0
        0        0        0        0        0        0        0        0        0        0
        0        0        0        0        0        0        0        0        0        0
        0        0        0        0        0        0        0        0        0        0
        0        0        0        0        0        0        0        0        0        0
        0        0        0        0        0        0        0        0        0        0
        0        0        0        0        0        0        0        0        0        0
        0        0        0        0        0        0        0        0        0        0
        0        0        0        0        0        0        0        0        0        0
        0        0        0        0        0        0        0        0        0        0
        0        0        0        0        0        0        0        0        0        0
        0        0        0        0        0        0        0        0        0        0
        0        0        0        0        0        0        0        0        0        0
        0        0        0        0        0        0        0        0        0        0
        0        0        0        0        0        0        0        0        0        0
        0        0        0        0        0        0        0        0        0        0
        0        0        0        0        0        0        0        0        0        0
        0        0        0        0        0        0        0        0        0        0
        0        0        0        0        0        0        0        0        0        0
        0        0        0        0        0        0        0        0        0        0
        0        0        0        0        0        0        0        0        0        0
        0        0        0        0        0        0        0        0        0        0
        0        0        0        0        0        0        0        0        0        0

      inf   0.9126   0.9121   0.9119   0.9118   0.9119   0.9117   0.9118   0.9116   0.9118
      inf   0.9098   0.9108   0.9103   0.9103   0.9103   0.9101   0.9101   0.9100   0.9103
      inf   0.9071   0.9072   0.9068   0.9072   0.9076   0.9080   0.9078   0.9078   0.9076
      inf   0.9066   0.9071   0.9068   0.9064   0.9061   0.9062   0.9060   0.9062   0.9063
      inf   0.9028   0.9038   0.9034   0.9037   0.9045   0.9045   0.9046   0.9048   0.9048
      inf   0.9063   0.9054   0.9039   0.9037   0.9035   0.9031   0.9031   0.9032   0.9031
      inf   0.8957   0.8973   0.8984   0.8990   0.8987   0.8990   0.8991   0.8993   0.8995
      inf   0.8957   0.8975   0.8983   0.8984   0.8982   0.8985   0.8984   0.8983   0.8986
      inf   0.8968   0.8966   0.8969   0.8973   0.8974   0.8973   0.8973   0.8974   0.8973
      inf   0.8940   0.8951   0.8951   0.8946   0.8946   0.8946   0.8951   0.8951   0.8952
      inf   0.8920   0.8922   0.8924   0.8929   0.8929   0.8929   0.8927   0.8925   0.8920
      inf   0.8916   0.8928   0.8911   0.8903   0.8902   0.8906   0.8904   0.8909   0.8911
      inf   0.8910   0.8905   0.8911   0.8907   0.8903   0.8898   0.8896   0.8895   0.8896
      inf   0.8864   0.8845   0.8855   0.8866   0.8860   0.8854   0.8852   0.8853   0.8852
      inf   0.8866   0.8839   0.8844   0.8847   0.8843   0.8841   0.8841   0.8839   0.8839
      inf   0.8827   0.8830   0.8827   0.8818   0.8811   0.8811   0.8813   0.8814   0.8811
      inf   0.8793   0.8801   0.8805   0.8805   0.8801   0.8801   0.8795   0.8798   0.8801
      inf   0.8804   0.8760   0.8757   0.8768   0.8769   0.8761   0.8760   0.8760   0.8762
      inf   0.8735   0.8740   0.8752   0.8751   0.8748   0.8745   0.8742   0.8748   0.8747
      inf   0.8730   0.8714   0.8726   0.8733   0.8726   0.8724   0.8722   0.8721   0.8722
      inf   0.8699   0.8695   0.8603   0.8618   0.8642   0.8652   0.8657   0.8658   0.8662
      inf   0.8621   0.8638   0.8635   0.8644   0.8648   0.8659   0.8652   0.8650   0.8653
      inf   0.8657   0.8643   0.8642   0.8647   0.8635   0.8635   0.8631   0.8626   0.8630
      inf   0.8572   0.8593   0.8608   0.8619   0.8623   0.8611   0.8611   0.8606   0.8602
      inf   0.8542   0.8551   0.8558   0.8567   0.8574   0.8579   0.8579   0.8584   0.8586
      inf   0.8578   0.8558   0.8569   0.8565   0.8564   0.8559   0.8557   0.8553   0.8557
      inf   0.8547   0.8524   0.8526   0.8506   0.8515   0.8519   0.8512   0.8515   0.8510
      inf   0.8509   0.8506   0.8524   0.8524   0.8504   0.8500   0.8501   0.8496   0.8484
      inf   0.8292   0.8367   0.8380   0.8404   0.8403   0.8405   0.8411   0.8420   0.8429
      inf   0.8366   0.8406   0.8402   0.8417   0.8409   0.8411   0.8409   0.8408   0.8408
        0        0        0        0        0        0        0        0        0        0
        0        0        0        0        0        0        0        0        0        0
        0        0        0        0        0        0        0        0        0        0
        0        0        0        0        0        0        0        0        0        0
        0        0        0        0        0        0        0        0        0        0
        0        0        0        0        0        0        0        0        0        0
        0        0        0        0        0        0        0        0        0        0
        0        0        0        0        0        0        0        0        0        0
        0        0        0        0        0        0        0        0        0        0
        0        0        0        0        0        0        0        0        0        0
        0        0        0        0        0        0        0        0        0        0
        0        0        0        0        0        0        0        0        0        0
        0        0        0        0        0        0        0        0        0        0
        0        0        0        0        0        0        0        0        0        0
        0        0        0        0        0        0        0        0        0        0
        0        0        0        0        0        0        0        0        0        0
        0        0        0        0        0        0        0        0        0        0
        0        0        0        0        0        0        0        0        0        0
        0        0        0        0        0        0        0        0        0        0
        0        0        0        0        0        0        0        0        0        0
        0        0        0        0        0        0        0        0        0        0
        0        0        0        0        0        0        0        0        0        0
        0        0        0        0        0        0        0        0        0        0
        0        0        0        0        0        0        0        0        0        0
        0        0        0        0        0        0        0        0        0        0
        0        0        0        0        0        0        0        0        0        0
        0        0        0        0        0        0        0        0        0        0
        0        0        0        0        0        0        0        0        0        0
        0        0        0        0        0        0        0        0        0        0
        0        0        0        0        0        0        0        0        0        0
        0        0        0        0        0        0        0        0        0        0
        0        0        0        0        0        0        0        0        0        0
        0        0        0        0        0        0        0        0        0        0
        0        0        0        0        0        0        0        0        0        0
        0        0        0        0        0        0        0        0        0        0
        0        0        0        0        0        0        0        0        0        0
        0        0        0        0        0        0        0        0        0        0
        0        0        0        0        0        0        0        0        0        0
        0        0        0        0        0        0        0        0        0        0
        0        0        0        0        0        0        0        0        0        0
        0        0        0        0        0        0        0        0        0        0
        0        0        0        0        0        0        0        0        0        0
        0        0        0        0        0        0        0        0        0        0
        0        0        0        0        0        0        0        0        0        0
        0        0        0        0        0        0        0        0        0        0
        0        0        0        0        0        0        0        0        0        0
        0        0        0        0        0        0        0        0        0        0
        0        0        0        0        0        0        0        0        0        0
        0        0        0        0        0        0        0        0        0        0
        0        0        0        0        0        0        0        0        0        0
        0        0        0        0        0        0        0        0        0        0
        0        0        0        0        0        0        0        0        0        0
        0        0        0        0        0        0        0        0        0        0
        0        0        0        0        0        0        0        0        0        0
        0        0        0        0        0        0        0        0        0        0
        0        0        0        0        0        0        0        0        0        0
        0        0        0        0        0        0        0        0        0        0
        0        0        0        0        0        0        0        0        0        0
        0        0        0        0        0        0        0        0        0        0
        0        0        0        0        0        0        0        0        0        0
        0        0        0        0        0        0        0        0        0        0
        0        0        0        0        0        0        0        0        0        0
        0        0        0        0        0        0        0        0        0        0
        0        0        0        0        0        0        0        0        0        0
        0        0        0        0        0        0        0        0        0        0
        0        0        0        0        0        0        0        0        0        0
        0        0        0        0        0        0        0        0        0        0
        0        0        0        0        0        0        0        0        0        0
        0        0        0        0        0        0        0        0        0        0
        0        0        0        0        0        0        0        0        0        0
        0        0        0        0        0        0        0        0        0        0
        0        0        0        0        0        0        0        0        0        0
        0        0        0        0        0        0        0        0        0        0
        0        0        0        0        0        0        0        0        0        0
        0        0        0        0        0        0        0        0        0        0
        0        0        0        0        0        0        0        0        0        0
        0        0        0        0        0        0        0        0        0        0
        0        0        0        0        0        0        0        0        0        0
        0        0        0        0        0        0        0        0        0        0
        0        0        0        0        0        0        0        0        0        0
        0        0        0        0        0        0        0        0        0        0
        0        0        0        0        0        0        0        0        0        0
        0        0        0        0        0        0        0        0        0        0
        0        0        0        0        0        0        0        0        0        0
        0        0        0        0        0        0        0        0        0        0
        0        0        0        0        0        0        0        0        0        0
        0        0        0        0        0        0        0        0        0        0
        0        0        0        0        0        0        0        0        0        0
        0        0        0        0        0        0        0        0        0        0
        0        0        0        0        0        0        0        0        0        0

      inf   0.9126   0.9121   0.9119   0.9118   0.9119   0.9117   0.9118   0.9116   0.9118
      inf   0.9098   0.9108   0.9103   0.9103   0.9103   0.9101   0.9101   0.9100   0.9103
      inf   0.9071   0.9072   0.9068   0.9072   0.9076   0.9080   0.9078   0.9078   0.9076
      inf   0.9066   0.9071   0.9068   0.9064   0.9061   0.9062   0.9060   0.9062   0.9063
      inf   0.9028   0.9038   0.9034   0.9037   0.9045   0.9045   0.9046   0.9048   0.9048
      inf   0.9063   0.9054   0.9039   0.9037   0.9035   0.9031   0.9031   0.9032   0.9031
      inf   0.8957   0.8973   0.8984   0.8990   0.8987   0.8990   0.8991   0.8993   0.8995
      inf   0.8957   0.8975   0.8983   0.8984   0.8982   0.8985   0.8984   0.8983   0.8986
      inf   0.8968   0.8966   0.8969   0.8973   0.8974   0.8973   0.8973   0.8974   0.8973
      inf   0.8940   0.8951   0.8951   0.8946   0.8946   0.8946   0.8951   0.8951   0.8952
      inf   0.8920   0.8922   0.8924   0.8929   0.8929   0.8929   0.8927   0.8925   0.8920
      inf   0.8916   0.8928   0.8911   0.8903   0.8902   0.8906   0.8904   0.8909   0.8911
      inf   0.8910   0.8905   0.8911   0.8907   0.8903   0.8898   0.8896   0.8895   0.8896
      inf   0.8864   0.8845   0.8855   0.8866   0.8860   0.8854   0.8852   0.8853   0.8852
      inf   0.8866   0.8839   0.8844   0.8847   0.8843   0.8841   0.8841   0.8839   0.8839
      inf   0.8827   0.8830   0.8827   0.8818   0.8811   0.8811   0.8813   0.8814   0.8811
      inf   0.8793   0.8801   0.8805   0.8805   0.8801   0.8801   0.8795   0.8798   0.8801
      inf   0.8804   0.8760   0.8757   0.8768   0.8769   0.8761   0.8760   0.8760   0.8762
      inf   0.8735   0.8740   0.8752   0.8751   0.8748   0.8745   0.8742   0.8748   0.8747
      inf   0.8730   0.8714   0.8726   0.8733   0.8726   0.8724   0.8722   0.8721   0.8722
      inf   0.8699   0.8695   0.8603   0.8618   0.8642   0.8652   0.8657   0.8658   0.8662
      inf   0.8621   0.8638   0.8635   0.8644   0.8648   0.8659   0.8652   0.8650   0.8653
      inf   0.8657   0.8643   0.8642   0.8647   0.8635   0.8635   0.8631   0.8626   0.8630
      inf   0.8572   0.8593   0.8608   0.8619   0.8623   0.8611   0.8611   0.8606   0.8602
      inf   0.8542   0.8551   0.8558   0.8567   0.8574   0.8579   0.8579   0.8584   0.8586
      inf   0.8578   0.8558   0.8569   0.8565   0.8564   0.8559   0.8557   0.8553   0.8557
      inf   0.8547   0.8524   0.8526   0.8506   0.8515   0.8519   0.8512   0.8515   0.8510
      inf   0.8509   0.8506   0.8524   0.8524   0.8504   0.8500   0.8501   0.8496   0.8484
      inf   0.8292   0.8367   0.8380   0.8404   0.8403   0.8405   0.8411   0.8420   0.8429
      inf   0.8366   0.8406   0.8402   0.8417   0.8409   0.8411   0.8409   0.8408   0.8408
        0        0        0        0        0        0        0        0        0        0
        0        0        0        0        0        0        0        0        0        0
        0        0        0        0        0        0        0        0        0        0
        0        0        0        0        0        0        0        0        0        0
        0        0        0        0        0        0        0        0        0        0
        0        0        0        0        0        0        0        0        0        0
        0        0        0        0        0        0        0        0        0        0
        0        0        0        0        0        0        0        0        0        0
        0        0        0        0        0        0        0        0        0        0
        0        0        0        0        0        0        0        0        0        0
        0        0        0        0        0        0        0        0        0        0
        0        0        0        0        0        0        0        0        0        0
        0        0        0        0        0        0        0        0        0        0
        0        0        0        0        0        0        0        0        0        0
        0        0        0        0        0        0        0        0        0        0
        0        0        0        0        0        0        0        0        0        0
        0        0        0        0        0        0        0        0        0        0
        0        0        0        0        0        0        0        0        0        0
        0        0        0        0        0        0        0        0        0        0
        0        0        0        0        0        0        0        0        0        0
        0        0        0        0        0        0        0        0        0        0
        0        0        0        0        0        0        0        0        0        0
        0        0        0        0        0        0        0        0        0        0
        0        0        0        0        0        0        0        0        0        0
        0        0        0        0        0        0        0        0        0        0
        0        0        0        0        0        0        0        0        0        0
        0        0        0        0        0        0        0        0        0        0
        0        0        0        0        0        0        0        0        0        0
        0        0        0        0        0        0        0        0        0        0
        0        0        0        0        0        0        0        0        0        0
        0        0        0        0        0        0        0        0        0        0
        0        0        0        0        0        0        0        0        0        0
        0        0        0        0        0        0        0        0        0        0
        0        0        0        0        0        0        0        0        0        0
        0        0        0        0        0        0        0        0        0        0
        0        0        0        0        0        0        0        0        0        0
        0        0        0        0        0        0        0        0        0        0
        0        0        0        0        0        0        0        0        0        0
        0        0        0        0        0        0        0        0        0        0
        0        0        0        0        0        0        0        0        0        0
        0        0        0        0        0        0        0        0        0        0
        0        0        0        0        0        0        0        0        0        0
        0        0        0        0        0        0        0        0        0        0
        0        0        0        0        0        0        0        0        0        0
        0        0        0        0        0        0        0        0        0        0
        0        0        0        0        0        0        0        0        0        0
        0        0        0        0        0        0        0        0        0        0
        0        0        0        0        0        0        0        0        0        0
        0        0        0        0        0        0        0        0        0        0
        0        0        0        0        0        0        0        0        0        0
        0        0        0        0        0        0        0        0        0        0
        0        0        0        0        0        0        0        0        0        0
        0        0        0        0        0        0        0        0        0        0
        0        0        0        0        0        0        0        0        0        0
        0        0        0        0        0        0        0        0        0        0
        0        0        0        0        0        0        0        0        0        0
        0        0        0        0        0        0        0        0        0        0
        0        0        0        0        0        0        0        0        0        0
        0        0        0        0        0        0        0        0        0        0
        0        0        0        0        0        0        0        0        0        0
        0        0        0        0        0        0        0        0        0        0
        0        0        0        0        0        0        0        0        0        0
        0        0        0        0        0        0        0        0        0        0
        0        0        0        0        0        0        0        0        0        0
        0        0        0        0        0        0        0        0        0        0
        0        0        0        0        0        0        0        0        0        0
        0        0        0        0        0        0        0        0        0        0
        0        0        0        0        0        0        0        0        0        0
        0        0        0        0        0        0        0        0        0        0
        0        0        0        0        0        0        0        0        0        0
        0        0        0        0        0        0        0        0        0        0
        0        0        0        0        0        0        0        0        0        0
        0        0        0        0        0        0        0        0        0        0
        0        0        0        0        0        0        0        0        0        0
        0        0        0        0        0        0        0        0        0        0
        0        0        0        0        0        0        0        0        0        0
        0        0        0        0        0        0        0        0        0        0
        0        0        0        0        0        0        0        0        0        0
        0        0        0        0        0        0        0        0        0        0
        0        0        0        0        0        0        0        0        0        0
        0        0        0        0        0        0        0        0        0        0
        0        0        0        0        0        0        0        0        0        0
        0        0        0        0        0        0        0        0        0        0
        0        0        0        0        0        0        0        0        0        0
        0        0        0        0        0        0        0        0        0        0
        0        0        0        0        0        0        0        0        0        0
        0        0        0        0        0        0        0        0        0        0
        0        0        0        0        0        0        0        0        0        0
        0        0        0        0        0        0        0        0        0        0
        0        0        0        0        0        0        0        0        0        0

      nan   0.6637   0.7016   0.7102   0.7267   0.7299   0.7321   0.7272   0.7261   0.7273
      nan   0.7278   0.7351   0.7435   0.7388   0.7384   0.7302   0.7319   0.7367   0.7315
      nan   0.7456   0.7339   0.7337   0.7464   0.7446   0.7389   0.7417   0.7401   0.7438
      nan   0.7363   0.7452   0.7497   0.7593   0.7596   0.7578   0.7656   0.7595   0.7544
      nan   0.7832   0.7647   0.7655   0.7592   0.7543   0.7537   0.7482   0.7538   0.7498
      nan   0.6903   0.7342   0.7532   0.7625   0.7695   0.7712   0.7687   0.7643   0.7639
      nan   0.8213   0.8518   0.8477   0.8407   0.8341   0.8201   0.8206   0.8148   0.8152
      nan   0.8125   0.7792   0.7710   0.7749   0.7881   0.7926   0.7981   0.7990   0.7914
      nan   0.8446   0.8147   0.8275   0.8206   0.8157   0.8169   0.8129   0.8015   0.8008
      nan   0.7826   0.8071   0.7995   0.8087   0.8048   0.8120   0.8084   0.8095   0.8101
      nan   0.8121   0.8073   0.8120   0.8269   0.8308   0.8262   0.8323   0.8334   0.8422
      nan   0.7868   0.7803   0.8138   0.8199   0.8312   0.8218   0.8241   0.8187   0.8200
      nan   0.7590   0.7868   0.7917   0.8237   0.8225   0.8369   0.8396   0.8438   0.8428
      nan   0.8725   0.8868   0.8511   0.8499   0.8653   0.8752   0.8834   0.8793   0.8799
      nan   0.8898   0.8708   0.8536   0.8481   0.8507   0.8565   0.8705   0.8719   0.8743
      nan   0.8402   0.8752   0.8961   0.8996   0.9355   0.9276   0.9231   0.9218   0.9178
      nan   0.9189   0.8893   0.8979   0.8928   0.8852   0.8845   0.9009   0.8984   0.8939
      nan   0.7950   0.9324   0.9257   0.9142   0.9122   0.9281   0.9294   0.9317   0.9284
      nan   0.9291   0.9332   0.9097   0.9207   0.9182   0.9131   0.9195   0.9159   0.9222
      nan   0.9853   0.9553   0.9384   0.9215   0.9246   0.9258   0.9340   0.9320   0.9304
      nan   0.9353   0.9294   1.0734   1.0308   1.0083   1.0018   0.9959   0.9997   0.9971
      nan   1.0202   1.0448   1.0551   1.0149   1.0068   0.9870   0.9933   0.9887   0.9906
      nan   0.9472   0.9866   0.9654   0.9747   1.0057   1.0206   1.0245   1.0237   1.0201
      nan   1.0187   1.0178   1.0064   0.9813   0.9804   0.9932   0.9888   1.0018   1.0017
      nan   1.0325   1.0344   1.0204   1.0133   1.0010   0.9943   1.0072   1.0050   1.0038
      nan   1.0205   1.0179   1.0054   0.9956   1.0007   1.0053   1.0029   1.0142   1.0086
      nan   0.9783   1.0253   1.0476   1.0612   1.0520   1.0338   1.0411   1.0385   1.0439
      nan   1.0976   1.0639   1.0082   1.0266   1.0418   1.0367   1.0450   1.0528   1.0593
      nan   1.3732   1.1981   1.1921   1.1771   1.1590   1.1509   1.1434   1.1336   1.1166
      nan   1.1558   1.0969   1.1269   1.1059   1.1113   1.1244   1.1222   1.1333   1.1389
        0        0        0        0        0        0        0        0        0        0
        0        0        0        0        0        0        0        0        0        0
        0        0        0        0        0        0        0        0        0        0
        0        0        0        0        0        0        0        0        0        0
        0        0        0        0        0        0        0        0        0        0
        0        0        0        0        0        0        0        0        0        0
        0        0        0        0        0        0        0        0        0        0
        0        0        0        0        0        0        0        0        0        0
        0        0        0        0        0        0        0        0        0        0
        0        0        0        0        0        0        0        0        0        0
        0        0        0        0        0        0        0        0        0        0
        0        0        0        0        0        0        0        0        0        0
        0        0        0        0        0        0        0        0        0        0
        0        0        0        0        0        0        0        0        0        0
        0        0        0        0        0        0        0        0        0        0
        0        0        0        0        0        0        0        0        0        0
        0        0        0        0        0        0        0        0        0        0
        0        0        0        0        0        0        0        0        0        0
        0        0        0        0        0        0        0        0        0        0
        0        0        0        0        0        0        0        0        0        0
        0        0        0        0        0        0        0        0        0        0
        0        0        0        0        0        0        0        0        0        0
        0        0        0        0        0        0        0        0        0        0
        0        0        0        0        0        0        0        0        0        0
        0        0        0        0        0        0        0        0        0        0
        0        0        0        0        0        0        0        0        0        0
        0        0        0        0        0        0        0        0        0        0
        0        0        0        0        0        0        0        0        0        0
        0        0        0        0        0        0        0        0        0        0
        0        0        0        0        0        0        0        0        0        0
        0        0        0        0        0        0        0        0        0        0
        0        0        0        0        0        0        0        0        0        0
        0        0        0        0        0        0        0        0        0        0
        0        0        0        0        0        0        0        0        0        0
        0        0        0        0        0        0        0        0        0        0
        0        0        0        0        0        0        0        0        0        0
        0        0        0        0        0        0        0        0        0        0
        0        0        0        0        0        0        0        0        0        0
        0        0        0        0        0        0        0        0        0        0
        0        0        0        0        0        0        0        0        0        0
        0        0        0        0        0        0        0        0        0        0
        0        0        0        0        0        0        0        0        0        0
        0        0        0        0        0        0        0        0        0        0
        0        0        0        0        0        0        0        0        0        0
        0        0        0        0        0        0        0        0        0        0
        0        0        0        0        0        0        0        0        0        0
        0        0        0        0        0        0        0        0        0        0
        0        0        0        0        0        0        0        0        0        0
        0        0        0        0        0        0        0        0        0        0
        0        0        0        0        0        0        0        0        0        0
        0        0        0        0        0        0        0        0        0        0
        0        0        0        0        0        0        0        0        0        0
        0        0        0        0        0        0        0        0        0        0
        0        0        0        0        0        0        0        0        0        0
        0        0        0        0        0        0        0        0        0        0
        0        0        0        0        0        0        0        0        0        0
        0        0        0        0        0        0        0        0        0        0
        0        0        0        0        0        0        0        0        0        0
        0        0        0        0        0        0        0        0        0        0
        0        0        0        0        0        0        0        0        0        0
        0        0        0        0        0        0        0        0        0        0
        0        0        0        0        0        0        0        0        0        0
        0        0        0        0        0        0        0        0        0        0
        0        0        0        0        0        0        0        0        0        0
        0        0        0        0        0        0        0        0        0        0
        0        0        0        0        0        0        0        0        0        0
        0        0        0        0        0        0        0        0        0        0
        0        0        0        0        0        0        0        0        0        0
        0        0        0        0        0        0        0        0        0        0
        0        0        0        0        0        0        0        0        0        0
        0        0        0        0        0        0        0        0        0        0
        0        0        0        0        0        0        0        0        0        0
        0        0        0        0        0        0        0        0        0        0
        0        0        0        0        0        0        0        0        0        0
        0        0        0        0        0        0        0        0        0        0
        0        0        0        0        0        0        0        0        0        0
        0        0        0        0        0        0        0        0        0        0
        0        0        0        0        0        0        0        0        0        0
        0        0        0        0        0        0        0        0        0        0
        0        0        0        0        0        0        0        0        0        0
        0        0        0        0        0        0        0        0        0        0
        0        0        0        0        0        0        0        0        0        0
        0        0        0        0        0        0        0        0        0        0
        0        0        0        0        0        0        0        0        0        0
        0        0        0        0        0        0        0        0        0        0
        0        0        0        0        0        0        0        0        0        0
        0        0        0        0        0        0        0        0        0        0
        0        0        0        0        0        0        0        0        0        0
        0        0        0        0        0        0        0        0        0        0
        0        0        0        0        0        0        0        0        0        0

      nan   0.3338   0.3608   0.3669   0.3994   0.3962   0.3931   0.3836   0.3888   0.3900
      nan   0.3506   0.3596   0.3999   0.4034   0.4024   0.3976   0.3938   0.3998   0.3926
      nan   0.4120   0.4185   0.4241   0.4201   0.4276   0.4145   0.4218   0.4175   0.4212
      nan   0.3893   0.3736   0.3955   0.4223   0.4324   0.4289   0.4410   0.4317   0.4270
      nan   0.4790   0.4459   0.4648   0.4469   0.4370   0.4363   0.4313   0.4270   0.4196
      nan   0.3342   0.3911   0.4326   0.4344   0.4381   0.4434   0.4425   0.4385   0.4476
      nan   0.9833   0.9947   0.8407   0.7575   0.7240   0.6793   0.6652   0.6442   0.6313
      nan   0.6167   0.5268   0.5075   0.5041   0.5166   0.5078   0.5137   0.5121   0.5027
      nan   0.5604   0.5117   0.5089   0.5129   0.5067   0.5330   0.5248   0.5110   0.5061
      nan   0.5150   0.5020   0.4934   0.5332   0.5254   0.5326   0.5223   0.5198   0.5167
      nan   0.5646   0.5612   0.5516   0.5599   0.5651   0.5638   0.5739   0.5814   0.6187
      nan   0.5153   0.4844   0.5604   0.5759   0.5887   0.5753   0.5760   0.5655   0.5597
      nan   0.4449   0.5222   0.5131   0.5453   0.5613   0.5771   0.5742   0.5740   0.5767
      nan   0.6980   0.7128   0.6407   0.6164   0.6545   0.6864   0.7226   0.7045   0.7021
      nan   0.6350   0.6931   0.6431   0.6205   0.6927   0.6932   0.7036   0.7016   0.6983
      nan   0.5965   0.6786   0.6518   0.6993   0.9323   0.8857   0.8660   0.8494   0.8347
      nan   0.7445   0.7024   0.6790   0.6686   0.6719   0.6675   0.7025   0.6939   0.6882
      nan   0.5665   1.0567   0.9846   0.8958   0.8577   0.8984   0.8738   0.8781   0.8583
      nan   0.8829   0.8527   0.7678   0.7577   0.7502   0.7495   0.7584   0.7436   0.7536
      nan   0.8653   0.8274   0.7796   0.7786   0.8554   0.8536   0.8537   0.8523   0.8334
      nan   0.8985   0.9698   2.7213   2.2541   1.9607   1.7665   1.6460   1.5774   1.5083
      nan   1.6743   1.4282   1.4836   1.3136   1.2262   1.1421   1.2059   1.1703   1.1547
      nan   0.8152   0.9564   0.9296   0.8990   0.9806   1.0021   1.0649   1.0993   1.0774
      nan   1.4760   1.2153   1.0972   1.0018   0.9848   1.0885   1.0913   1.0989   1.1008
      nan   1.1319   1.1035   1.0629   1.0360   1.0138   0.9843   1.0083   0.9932   0.9825
      nan   0.9322   1.0203   0.9804   0.9722   0.9971   0.9964   0.9916   1.0157   0.9981
      nan   1.0347   1.0992   1.1099   1.2154   1.2038   1.1977   1.2658   1.2381   1.2360
      nan   1.1491   1.2073   1.0488   1.0474   1.1590   1.1521   1.1530   1.1852   1.2825
      nan   3.0814   2.1785   2.0029   1.8410   1.8127   1.8691   1.8088   1.7242   1.6381
      nan   1.6853   1.3898   1.5036   1.4046   1.4578   1.4625   1.4847   1.4942   1.5008
        0        0        0        0        0        0        0        0        0        0
        0        0        0        0        0        0        0        0        0        0
        0        0        0        0        0        0        0        0        0        0
        0        0        0        0        0        0        0        0        0        0
        0        0        0        0        0        0        0        0        0        0
        0        0        0        0        0        0        0        0        0        0
        0        0        0        0        0        0        0        0        0        0
        0        0        0        0        0        0        0        0        0        0
        0        0        0        0        0        0        0        0        0        0
        0        0        0        0        0        0        0        0        0        0
        0        0        0        0        0        0        0        0        0        0
        0        0        0        0        0        0        0        0        0        0
        0        0        0        0        0        0        0        0        0        0
        0        0        0        0        0        0        0        0        0        0
        0        0        0        0        0        0        0        0        0        0
        0        0        0        0        0        0        0        0        0        0
        0        0        0        0        0        0        0        0        0        0
        0        0        0        0        0        0        0        0        0        0
        0        0        0        0        0        0        0        0        0        0
        0        0        0        0        0        0        0        0        0        0
        0        0        0        0        0        0        0        0        0        0
        0        0        0        0        0        0        0        0        0        0
        0        0        0        0        0        0        0        0        0        0
        0        0        0        0        0        0        0        0        0        0
        0        0        0        0        0        0        0        0        0        0
        0        0        0        0        0        0        0        0        0        0
        0        0        0        0        0        0        0        0        0        0
        0        0        0        0        0        0        0        0        0        0
        0        0        0        0        0        0        0        0        0        0
        0        0        0        0        0        0        0        0        0        0
        0        0        0        0        0        0        0        0        0        0
        0        0        0        0        0        0        0        0        0        0
        0        0        0        0        0        0        0        0        0        0
        0        0        0        0        0        0        0        0        0        0
        0        0        0        0        0        0        0        0        0        0
        0        0        0        0        0        0        0        0        0        0
        0        0        0        0        0        0        0        0        0        0
        0        0        0        0        0        0        0        0        0        0
        0        0        0        0        0        0        0        0        0        0
        0        0        0        0        0        0        0        0        0        0
        0        0        0        0        0        0        0        0        0        0
        0        0        0        0        0        0        0        0        0        0
        0        0        0        0        0        0        0        0        0        0
        0        0        0        0        0        0        0        0        0        0
        0        0        0        0        0        0        0        0        0        0
        0        0        0        0        0        0        0        0        0        0
        0        0        0        0        0        0        0        0        0        0
        0        0        0        0        0        0        0        0        0        0
        0        0        0        0        0        0        0        0        0        0
        0        0        0        0        0        0        0        0        0        0
        0        0        0        0        0        0        0        0        0        0
        0        0        0        0        0        0        0        0        0        0
        0        0        0        0        0        0        0        0        0        0
        0        0        0        0        0        0        0        0        0        0
        0        0        0        0        0        0        0        0        0        0
        0        0        0        0        0        0        0        0        0        0
        0        0        0        0        0        0        0        0        0        0
        0        0        0        0        0        0        0        0        0        0
        0        0        0        0        0        0        0        0        0        0
        0        0        0        0        0        0        0        0        0        0
        0        0        0        0        0        0        0        0        0        0
        0        0        0        0        0        0        0        0        0        0
        0        0        0        0        0        0        0        0        0        0
        0        0        0        0        0        0        0        0        0        0
        0        0        0        0        0        0        0        0        0        0
        0        0        0        0        0        0        0        0        0        0
        0        0        0        0        0        0        0        0        0        0
        0        0        0        0        0        0        0        0        0        0
        0        0        0        0        0        0        0        0        0        0
        0        0        0        0        0        0        0        0        0        0
        0        0        0        0        0        0        0        0        0        0
        0        0        0        0        0        0        0        0        0        0
        0        0        0        0        0        0        0        0        0        0
        0        0        0        0        0        0        0        0        0        0
        0        0        0        0        0        0        0        0        0        0
        0        0        0        0        0        0        0        0        0        0
        0        0        0        0        0        0        0        0        0        0
        0        0        0        0        0        0        0        0        0        0
        0        0        0        0        0        0        0        0        0        0
        0        0        0        0        0        0        0        0        0        0
        0        0        0        0        0        0        0        0        0        0
        0        0        0        0        0        0        0        0        0        0
        0        0        0        0        0        0        0        0        0        0
        0        0        0        0        0        0        0        0        0        0
        0        0        0        0        0        0        0        0        0        0
        0        0        0        0        0        0        0        0        0        0
        0        0        0        0        0        0        0        0        0        0
        0        0        0        0        0        0        0        0        0        0
        0        0        0        0        0        0        0        0        0        0
        0        0        0        0        0        0        0        0        0        0

      nan   0.3338   0.3608   0.3669   0.3994   0.3962   0.3931   0.3836   0.3888   0.3900
      nan   0.3506   0.3596   0.3999   0.4034   0.4024   0.3976   0.3938   0.3998   0.3926
      nan   0.4120   0.4185   0.4241   0.4201   0.4276   0.4145   0.4218   0.4175   0.4212
      nan   0.3893   0.3736   0.3955   0.4223   0.4324   0.4289   0.4410   0.4317   0.4270
      nan   0.4790   0.4459   0.4648   0.4469   0.4370   0.4363   0.4313   0.4270   0.4196
      nan   0.3342   0.3911   0.4326   0.4344   0.4381   0.4434   0.4425   0.4385   0.4476
      nan   0.9833   0.9947   0.8407   0.7575   0.7240   0.6793   0.6652   0.6442   0.6313
      nan   0.6167   0.5268   0.5075   0.5041   0.5166   0.5078   0.5137   0.5121   0.5027
      nan   0.5604   0.5117   0.5089   0.5129   0.5067   0.5330   0.5248   0.5110   0.5061
      nan   0.5150   0.5020   0.4934   0.5332   0.5254   0.5326   0.5223   0.5198   0.5167
      nan   0.5646   0.5612   0.5516   0.5599   0.5651   0.5638   0.5739   0.5814   0.6187
      nan   0.5153   0.4844   0.5604   0.5759   0.5887   0.5753   0.5760   0.5655   0.5597
      nan   0.4449   0.5222   0.5131   0.5453   0.5613   0.5771   0.5742   0.5740   0.5767
      nan   0.6980   0.7128   0.6407   0.6164   0.6545   0.6864   0.7226   0.7045   0.7021
      nan   0.6350   0.6931   0.6431   0.6205   0.6927   0.6932   0.7036   0.7016   0.6983
      nan   0.5965   0.6786   0.6518   0.6993   0.9323   0.8857   0.8660   0.8494   0.8347
      nan   0.7445   0.7024   0.6790   0.6686   0.6719   0.6675   0.7025   0.6939   0.6882
      nan   0.5665   1.0567   0.9846   0.8958   0.8577   0.8984   0.8738   0.8781   0.8583
      nan   0.8829   0.8527   0.7678   0.7577   0.7502   0.7495   0.7584   0.7436   0.7536
      nan   0.8653   0.8274   0.7796   0.7786   0.8554   0.8536   0.8537   0.8523   0.8334
      nan   0.8985   0.9698   2.7213   2.2541   1.9607   1.7665   1.6460   1.5774   1.5083
      nan   1.6743   1.4282   1.4836   1.3136   1.2262   1.1421   1.2059   1.1703   1.1547
      nan   0.8152   0.9564   0.9296   0.8990   0.9806   1.0021   1.0649   1.0993   1.0774
      nan   1.4760   1.2153   1.0972   1.0018   0.9848   1.0885   1.0913   1.0989   1.1008
      nan   1.1319   1.1035   1.0629   1.0360   1.0138   0.9843   1.0083   0.9932   0.9825
      nan   0.9322   1.0203   0.9804   0.9722   0.9971   0.9964   0.9916   1.0157   0.9981
      nan   1.0347   1.0992   1.1099   1.2154   1.2038   1.1977   1.2658   1.2381   1.2360
      nan   1.1491   1.2073   1.0488   1.0474   1.1590   1.1521   1.1530   1.1852   1.2825
      nan   3.0814   2.1785   2.0029   1.8410   1.8127   1.8691   1.8088   1.7242   1.6381
      nan   1.6853   1.3898   1.5036   1.4046   1.4578   1.4625   1.4847   1.4942   1.5008
        0        0        0        0        0        0        0        0        0        0
        0        0        0        0        0        0        0        0        0        0
        0        0        0        0        0        0        0        0        0        0
        0        0        0        0        0        0        0        0        0        0
        0        0        0        0        0        0        0        0        0        0
        0        0        0        0        0        0        0        0        0        0
        0        0        0        0        0        0        0        0        0        0
        0        0        0        0        0        0        0        0        0        0
        0        0        0        0        0        0        0        0        0        0
        0        0        0        0        0        0        0        0        0        0
        0        0        0        0        0        0        0        0        0        0
        0        0        0        0        0        0        0        0        0        0
        0        0        0        0        0        0        0        0        0        0
        0        0        0        0        0        0        0        0        0        0
        0        0        0        0        0        0        0        0        0        0
        0        0        0        0        0        0        0        0        0        0
        0        0        0        0        0        0        0        0        0        0
        0        0        0        0        0        0        0        0        0        0
        0        0        0        0        0        0        0        0        0        0
        0        0        0        0        0        0        0        0        0        0
        0        0        0        0        0        0        0        0        0        0
        0        0        0        0        0        0        0        0        0        0
        0        0        0        0        0        0        0        0        0        0
        0        0        0        0        0        0        0        0        0        0
        0        0        0        0        0        0        0        0        0        0
        0        0        0        0        0        0        0        0        0        0
        0        0        0        0        0        0        0        0        0        0
        0        0        0        0        0        0        0        0        0        0
        0        0        0        0        0        0        0        0        0        0
        0        0        0        0        0        0        0        0        0        0
        0        0        0        0        0        0        0        0        0        0
        0        0        0        0        0        0        0        0        0        0
        0        0        0        0        0        0        0        0        0        0
        0        0        0        0        0        0        0        0        0        0
        0        0        0        0        0        0        0        0        0        0
        0        0        0        0        0        0        0        0        0        0
        0        0        0        0        0        0        0        0        0        0
        0        0        0        0        0        0        0        0        0        0
        0        0        0        0        0        0        0        0        0        0
        0        0        0        0        0        0        0        0        0        0
        0        0        0        0        0        0        0        0        0        0
        0        0        0        0        0        0        0        0        0        0
        0        0        0        0        0        0        0        0        0        0
        0        0        0        0        0        0        0        0        0        0
        0        0        0        0        0        0        0        0        0        0
        0        0        0        0        0        0        0        0        0        0
        0        0        0        0        0        0        0        0        0        0
        0        0        0        0        0        0        0        0        0        0
        0        0        0        0        0        0        0        0        0        0
        0        0        0        0        0        0        0        0        0        0
        0        0        0        0        0        0        0        0        0        0
        0        0        0        0        0        0        0        0        0        0
        0        0        0        0        0        0        0        0        0        0
        0        0        0        0        0        0        0        0        0        0
        0        0        0        0        0        0        0        0        0        0
        0        0        0        0        0        0        0        0        0        0
        0        0        0        0        0        0        0        0        0        0
        0        0        0        0        0        0        0        0        0        0
        0        0        0        0        0        0        0        0        0        0
        0        0        0        0        0        0        0        0        0        0
        0        0        0        0        0        0        0        0        0        0
        0        0        0        0        0        0        0        0        0        0
        0        0        0        0        0        0        0        0        0        0
        0        0        0        0        0        0        0        0        0        0
        0        0        0        0        0        0        0        0        0        0
        0        0        0        0        0        0        0        0        0        0
        0        0        0        0        0        0        0        0        0        0
        0        0        0        0        0        0        0        0        0        0
        0        0        0        0        0        0        0        0        0        0
        0        0        0        0        0        0        0        0        0        0
        0        0        0        0        0        0        0        0        0        0
        0        0        0        0        0        0        0        0        0        0
        0        0        0        0        0        0        0        0        0        0
        0        0        0        0        0        0        0        0        0        0
        0        0        0        0        0        0        0        0        0        0
        0        0        0        0        0        0        0        0        0        0
        0        0        0        0        0        0        0        0        0        0
        0        0        0        0        0        0        0        0        0        0
        0        0        0        0        0        0        0        0        0        0
        0        0        0        0        0        0        0        0        0        0
        0        0        0        0        0        0        0        0        0        0
        0        0        0        0        0        0        0        0        0        0
        0        0        0        0        0        0        0        0        0        0
        0        0        0        0        0        0        0        0        0        0
        0        0        0        0        0        0        0        0        0        0
        0        0        0        0        0        0        0        0        0        0
        0        0        0        0        0        0        0        0        0        0
        0        0        0        0        0        0        0        0        0        0
        0        0        0        0        0        0        0        0        0        0
        0        0        0        0        0        0        0        0        0        0

      inf   0.1577   0.1184   0.1053   0.0986   0.0947   0.0921   0.0903   0.0889   0.0878
      inf   0.1621   0.1207   0.1073   0.1005   0.0964   0.0938   0.0918   0.0904   0.0891
      inf   0.1636   0.1227   0.1093   0.1024   0.0981   0.0952   0.0933   0.0919   0.0908
      inf   0.1665   0.1246   0.1107   0.1038   0.0998   0.0970   0.0951   0.0935   0.0923
      inf   0.1690   0.1266   0.1126   0.1055   0.1010   0.0982   0.0962   0.0946   0.0935
      inf   0.1690   0.1269   0.1133   0.1064   0.1022   0.0996   0.0975   0.0960   0.0948
      inf   0.1752   0.1310   0.1163   0.1090   0.1047   0.1018   0.0997   0.0982   0.0969
      inf   0.1772   0.1328   0.1178   0.1105   0.1061   0.1031   0.1010   0.0995   0.0982
      inf   0.1798   0.1352   0.1200   0.1122   0.1077   0.1046   0.1025   0.1009   0.0996
      inf   0.1818   0.1364   0.1214   0.1140   0.1094   0.1064   0.1041   0.1025   0.1012
      inf   0.1862   0.1395   0.1240   0.1160   0.1113   0.1082   0.1061   0.1044   0.1033
      inf   0.1877   0.1404   0.1253   0.1178   0.1131   0.1098   0.1076   0.1058   0.1044
      inf   0.1903   0.1426   0.1265   0.1186   0.1140   0.1110   0.1089   0.1072   0.1059
      inf   0.1931   0.1458   0.1295   0.1211   0.1163   0.1133   0.1110   0.1093   0.1081
      inf   0.1960   0.1475   0.1312   0.1230   0.1181   0.1149   0.1125   0.1108   0.1095
      inf   0.2002   0.1499   0.1336   0.1255   0.1204   0.1171   0.1146   0.1128   0.1115
      inf   0.2033   0.1521   0.1352   0.1268   0.1218   0.1185   0.1163   0.1144   0.1128
      inf   0.2073   0.1561   0.1386   0.1295   0.1243   0.1210   0.1186   0.1168   0.1153
      inf   0.2099   0.1574   0.1397   0.1311   0.1260   0.1226   0.1202   0.1180   0.1166
      inf   0.2119   0.1598   0.1418   0.1326   0.1274   0.1240   0.1215   0.1196   0.1182
      inf   0.2154   0.1616   0.1452   0.1363   0.1303   0.1267   0.1240   0.1221   0.1206
      inf   0.2205   0.1654   0.1469   0.1377   0.1322   0.1282   0.1258   0.1239   0.1223
      inf   0.2247   0.1682   0.1495   0.1400   0.1348   0.1310   0.1283   0.1264   0.1246
      inf   0.2276   0.1706   0.1513   0.1415   0.1357   0.1323   0.1296   0.1277   0.1262
      inf   0.2310   0.1736   0.1543   0.1445   0.1385   0.1346   0.1318   0.1297   0.1280
      inf   0.2345   0.1763   0.1561   0.1464   0.1405   0.1368   0.1341   0.1321   0.1303
      inf   0.2373   0.1788   0.1588   0.1494   0.1430   0.1389   0.1361   0.1339   0.1325
      inf   0.2403   0.1801   0.1597   0.1497   0.1443   0.1405   0.1376   0.1356   0.1341
      inf   0.2503   0.1867   0.1658   0.1549   0.1486   0.1444   0.1413   0.1389   0.1370
      inf   0.2498   0.1872   0.1665   0.1559   0.1500   0.1458   0.1430   0.1408   0.1391
        0        0        0        0        0        0        0        0        0        0
        0        0        0        0        0        0        0        0        0        0
        0        0        0        0        0        0        0        0        0        0
        0        0        0        0        0        0        0        0        0        0
        0        0        0        0        0        0        0        0        0        0
        0        0        0        0        0        0        0        0        0        0
        0        0        0        0        0        0        0        0        0        0
        0        0        0        0        0        0        0        0        0        0
        0        0        0        0        0        0        0        0        0        0
        0        0        0        0        0        0        0        0        0        0
        0        0        0        0        0        0        0        0        0        0
        0        0        0        0        0        0        0        0        0        0
        0        0        0        0        0        0        0        0        0        0
        0        0        0        0        0        0        0        0        0        0
        0        0        0        0        0        0        0        0        0        0
        0        0        0        0        0        0        0        0        0        0
        0        0        0        0        0        0        0        0        0        0
        0        0        0        0        0        0        0        0        0        0
        0        0        0        0        0        0        0        0        0        0
        0        0        0        0        0        0        0        0        0        0
        0        0        0        0        0        0        0        0        0        0
        0        0        0        0        0        0        0        0        0        0
        0        0        0        0        0        0        0        0        0        0
        0        0        0        0        0        0        0        0        0        0
        0        0        0        0        0        0        0        0        0        0
        0        0        0        0        0        0        0        0        0        0
        0        0        0        0        0        0        0        0        0        0
        0        0        0        0        0        0        0        0        0        0
        0        0        0        0        0        0        0        0        0        0
        0        0        0        0        0        0        0        0        0        0
        0        0        0        0        0        0        0        0        0        0
        0        0        0        0        0        0        0        0        0        0
        0        0        0        0        0        0        0        0        0        0
        0        0        0        0        0        0        0        0        0        0
        0        0        0        0        0        0        0        0        0        0
        0        0        0        0        0        0        0        0        0        0
        0        0        0        0        0        0        0        0        0        0
        0        0        0        0        0        0        0        0        0        0
        0        0        0        0        0        0        0        0        0        0
        0        0        0        0        0        0        0        0        0        0
        0        0        0        0        0        0        0        0        0        0
        0        0        0        0        0        0        0        0        0        0
        0        0        0        0        0        0        0        0        0        0
        0        0        0        0        0        0        0        0        0        0
        0        0        0        0        0        0        0        0        0        0
        0        0        0        0        0        0        0        0        0        0
        0        0        0        0        0        0        0        0        0        0
        0        0        0        0        0        0        0        0        0        0
        0        0        0        0        0        0        0        0        0        0
        0        0        0        0        0        0        0        0        0        0
        0        0        0        0        0        0        0        0        0        0
        0        0        0        0        0        0        0        0        0        0
        0        0        0        0        0        0        0        0        0        0
        0        0        0        0        0        0        0        0        0        0
        0        0        0        0        0        0        0        0        0        0
        0        0        0        0        0        0        0        0        0        0
        0        0        0        0        0        0        0        0        0        0
        0        0        0        0        0        0        0        0        0        0
        0        0        0        0        0        0        0        0        0        0
        0        0        0        0        0        0        0        0        0        0
        0        0        0        0        0        0        0        0        0        0
        0        0        0        0        0        0        0        0        0        0
        0        0        0        0        0        0        0        0        0        0
        0        0        0        0        0        0        0        0        0        0
        0        0        0        0        0        0        0        0        0        0
        0        0        0        0        0        0        0        0        0        0
        0        0        0        0        0        0        0        0        0        0
        0        0        0        0        0        0        0        0        0        0
        0        0        0        0        0        0        0        0        0        0
        0        0        0        0        0        0        0        0        0        0
        0        0        0        0        0        0        0        0        0        0
        0        0        0        0        0        0        0        0        0        0
        0        0        0        0        0        0        0        0        0        0
        0        0        0        0        0        0        0        0        0        0
        0        0        0        0        0        0        0        0        0        0
        0        0        0        0        0        0        0        0        0        0
        0        0        0        0        0        0        0        0        0        0
        0        0        0        0        0        0        0        0        0        0
        0        0        0        0        0        0        0        0        0        0
        0        0        0        0        0        0        0        0        0        0
        0        0        0        0        0        0        0        0        0        0
        0        0        0        0        0        0        0        0        0        0
        0        0        0        0        0        0        0        0        0        0
        0        0        0        0        0        0        0        0        0        0
        0        0        0        0        0        0        0        0        0        0
        0        0        0        0        0        0        0        0        0        0
        0        0        0        0        0        0        0        0        0        0
        0        0        0        0        0        0        0        0        0        0
        0        0        0        0        0        0        0        0        0        0
        0        0        0        0        0        0        0        0        0        0

