   2.0000
   2.0050
   2.0100
   2.0150
   2.0200
   2.0250
   2.0300
   2.0350
   2.0400
   2.0450
   2.0500
   2.0550
   2.0600
   2.0650
   2.0700
   2.0750
   2.0800
   2.0850
   2.0900
   2.0950
   2.1000
   2.1050
   2.1100
   2.1150
   2.1200
   2.1250
   2.1300
   2.1350
   2.1400
   2.1450
   2.1500
   2.1550
   2.1600
   2.1650
   2.1700
   2.1750
   2.1800
   2.1850
   2.1900
   2.1950
   2.2000
   2.2050
   2.2100
   2.2150
   2.2200
   2.2250
   2.2300
   2.2350
   2.2400
   2.2450
   2.2500
   2.2550
   2.2600
   2.2650
   2.2700
   2.2750
   2.2800
   2.2850
   2.2900
   2.2950
   2.3000
   2.3050
   2.3100
   2.3150
   2.3200
   2.3250
   2.3300
   2.3350
   2.3400
   2.3450
   2.3500
   2.3550
   2.3600
   2.3650
   2.3700
   2.3750
   2.3800
   2.3850
   2.3900
   2.3950
   2.4000
   2.4050
   2.4100
   2.4150
   2.4200
   2.4250
   2.4300
   2.4350
   2.4400
   2.4450
   2.4500
   2.4550
   2.4600
   2.4650
   2.4700
   2.4750
   2.4800
   2.4850
   2.4900
   2.4950
   2.5000
   2.5050
   2.5100
   2.5150
   2.5200
   2.5250
   2.5300
   2.5350
   2.5400
   2.5450
   2.5500
   2.5550
   2.5600
   2.5650
   2.5700
   2.5750
   2.5800
   2.5850
   2.5900
   2.5950

        0        0        0        0        0        0        0        0        0        0
        0        0        0        0        0        0        0        0        0        0
        0        0        0        0        0        0        0        0        0        0
        0        0        0        0        0        0        0        0        0        0
        0        0        0        0        0        0        0        0        0        0
        0        0        0        0        0        0        0        0        0        0
        0        0        0        0        0        0        0        0        0        0
        0        0        0        0        0        0        0        0        0        0
        0        0        0        0        0        0        0        0        0        0
        0        0        0        0        0        0        0        0        0        0
        0        0        0        0        0        0        0        0        0        0
        0        0        0        0        0        0        0        0        0        0
        0        0        0        0        0        0        0        0        0        0
        0        0        0        0        0        0        0        0        0        0
        0        0        0        0        0        0        0        0        0        0
        0        0        0        0        0        0        0        0        0        0
        0        0        0        0        0        0        0        0        0        0
        0        0        0        0        0        0        0        0        0        0
        0        0        0        0        0        0        0        0        0        0
        0        0        0        0        0        0        0        0        0        0
        0        0        0        0        0        0        0        0        0        0
        0        0        0        0        0        0        0        0        0        0
        0        0        0        0        0        0        0        0        0        0
        0        0        0        0        0        0        0        0        0        0
        0        0        0        0        0        0        0        0        0        0
        0        0        0        0        0        0        0        0        0        0
        0        0        0        0        0        0        0        0        0        0
        0        0        0        0        0        0        0        0        0        0
        0        0        0        0        0        0        0        0        0        0
        0        0        0        0        0        0        0        0        0        0
        0        0        0        0        0        0        0        0        0        0
        0        0        0        0        0        0        0        0        0        0
        0        0        0        0        0        0        0        0        0        0
        0        0        0        0        0        0        0        0        0        0
        0        0        0        0        0        0        0        0        0        0
        0        0        0        0        0        0        0        0        0        0
        0        0        0        0        0        0        0        0        0        0
        0        0        0        0        0        0        0        0        0        0
        0        0        0        0        0        0        0        0        0        0
        0        0        0        0        0        0        0        0        0        0
        0        0        0        0        0        0        0        0        0        0
        0        0        0        0        0        0        0        0        0        0
        0        0        0        0        0        0        0        0        0        0
        0        0        0        0        0        0        0        0        0        0
        0        0        0        0        0        0        0        0        0        0
        0        0        0        0        0        0        0        0        0        0
        0        0        0        0        0        0        0        0        0        0
        0        0        0        0        0        0        0        0        0        0
        0        0        0        0        0        0        0        0        0        0
        0        0        0        0        0        0        0        0        0        0
        0        0        0        0        0        0        0        0        0        0
        0        0        0        0        0        0        0        0        0        0
        0        0        0        0        0        0        0        0        0        0
        0        0        0        0        0        0        0        0        0        0
        0        0        0        0        0        0        0        0        0        0
        0        0        0        0        0        0        0        0        0        0
        0        0        0        0        0        0        0        0        0        0
        0        0        0        0        0        0        0        0        0        0
        0        0        0        0        0        0        0        0        0        0
        0        0        0        0        0        0        0        0        0        0
        0        0        0        0        0        0        0        0        0        0
        0        0        0        0        0        0        0        0        0        0
        0        0        0        0        0        0        0        0        0        0
        0        0        0        0        0        0        0        0        0        0
        0        0        0        0        0        0        0        0        0        0
        0        0        0        0        0        0        0        0        0        0
        0        0        0        0        0        0        0        0        0        0
        0        0        0        0        0        0        0        0        0        0
        0        0        0        0        0        0        0        0        0        0
        0        0        0        0        0        0        0        0        0        0
        0        0        0        0        0        0        0        0        0        0
        0        0        0        0        0        0        0        0        0        0
        0        0        0        0        0        0        0        0        0        0
        0        0        0        0        0        0        0        0        0        0
        0        0        0        0        0        0        0        0        0        0
        0        0        0        0        0        0        0        0        0        0
        0        0        0        0        0        0        0        0        0        0
        0        0        0        0        0        0        0        0        0        0
        0        0        0        0        0        0        0        0        0        0
        0        0        0        0        0        0        0        0        0        0
        0        0        0        0        0        0        0        0        0        0
        0        0        0        0        0        0        0        0        0        0
        0        0        0        0        0        0        0        0        0        0
        0        0        0        0        0        0        0        0        0        0
        0        0        0        0        0        0        0        0        0        0
        0        0        0        0        0        0        0        0        0        0
        0        0        0        0        0        0        0        0        0        0
        0        0        0        0        0        0        0        0        0        0
        0        0        0        0        0        0        0        0        0        0
        0        0        0        0        0        0        0        0        0        0
     -inf  -1.1527  -1.1519  -1.1521  -1.1519  -1.1521  -1.1519  -1.1521  -1.1521  -1.1518
     -inf  -1.1459  -1.1462  -1.1471  -1.1464  -1.1466  -1.1467  -1.1467  -1.1468  -1.1466
     -inf  -1.1429  -1.1421  -1.1423  -1.1422  -1.1421  -1.1420  -1.1420  -1.1421  -1.1421
     -inf  -1.1377  -1.1382  -1.1381  -1.1381  -1.1378  -1.1379  -1.1377  -1.1379  -1.1380
     -inf  -1.1337  -1.1339  -1.1332  -1.1331  -1.1329  -1.1332  -1.1329  -1.1329  -1.1329
     -inf  -1.1290  -1.1284  -1.1283  -1.1282  -1.1277  -1.1279  -1.1278  -1.1277  -1.1276
     -inf  -1.1242  -1.1237  -1.1236  -1.1234  -1.1233  -1.1233  -1.1232  -1.1235  -1.1236
     -inf  -1.1190  -1.1192  -1.1190  -1.1195  -1.1191  -1.1193  -1.1192  -1.1193  -1.1193
     -inf  -1.1155  -1.1148  -1.1144  -1.1145  -1.1145  -1.1147  -1.1146  -1.1144  -1.1144
     -inf  -1.1106  -1.1108  -1.1108  -1.1109  -1.1106  -1.1104  -1.1104  -1.1103  -1.1102
     -inf  -1.1059  -1.1068  -1.1069  -1.1065  -1.1064  -1.1064  -1.1063  -1.1064  -1.1064
     -inf  -1.1007  -1.1018  -1.1014  -1.1018  -1.1016  -1.1016  -1.1017  -1.1017  -1.1015
     -inf  -1.0969  -1.0978  -1.0984  -1.0982  -1.0983  -1.0980  -1.0979  -1.0978  -1.0979
     -inf  -1.0927  -1.0936  -1.0938  -1.0934  -1.0937  -1.0934  -1.0937  -1.0936  -1.0935
     -inf  -1.0883  -1.0895  -1.0889  -1.0890  -1.0890  -1.0889  -1.0889  -1.0890  -1.0891
     -inf  -1.0836  -1.0845  -1.0847  -1.0847  -1.0849  -1.0848  -1.0849  -1.0849  -1.0849
     -inf  -1.0811  -1.0811  -1.0811  -1.0809  -1.0810  -1.0812  -1.0812  -1.0813  -1.0814
     -inf  -1.0767  -1.0773  -1.0769  -1.0769  -1.0769  -1.0769  -1.0769  -1.0769  -1.0769
     -inf  -1.0731  -1.0729  -1.0727  -1.0727  -1.0727  -1.0728  -1.0726  -1.0727  -1.0727
     -inf  -1.0682  -1.0682  -1.0685  -1.0684  -1.0685  -1.0687  -1.0687  -1.0688  -1.0688
     -inf  -1.0646  -1.0648  -1.0648  -1.0654  -1.0650  -1.0651  -1.0650  -1.0651  -1.0651
     -inf  -1.0619  -1.0607  -1.0608  -1.0607  -1.0609  -1.0608  -1.0608  -1.0608  -1.0608
     -inf  -1.0584  -1.0575  -1.0574  -1.0574  -1.0575  -1.0575  -1.0574  -1.0573  -1.0574
     -inf  -1.0536  -1.0534  -1.0532  -1.0535  -1.0537  -1.0538  -1.0538  -1.0537  -1.0538
     -inf  -1.0492  -1.0493  -1.0493  -1.0496  -1.0496  -1.0495  -1.0496  -1.0495  -1.0496
     -inf  -1.0458  -1.0463  -1.0461  -1.0460  -1.0460  -1.0460  -1.0461  -1.0460  -1.0460
     -inf  -1.0434  -1.0426  -1.0426  -1.0428  -1.0428  -1.0427  -1.0428  -1.0427  -1.0426
     -inf  -1.0385  -1.0388  -1.0385  -1.0386  -1.0386  -1.0386  -1.0387  -1.0387  -1.0388
     -inf  -1.0349  -1.0356  -1.0351  -1.0350  -1.0349  -1.0350  -1.0350  -1.0350  -1.0350
     -inf  -1.0316  -1.0316  -1.0315  -1.0316  -1.0317  -1.0317  -1.0317  -1.0318  -1.0318

            0            0            0            0            0            0            0            0            0            0
            0            0            0            0            0            0            0            0            0            0
            0            0            0            0            0            0            0            0            0            0
            0            0            0            0            0            0            0            0            0            0
            0            0            0            0            0            0            0            0            0            0
            0            0            0            0            0            0            0            0            0            0
            0            0            0            0            0            0            0            0            0            0
            0            0            0            0            0            0            0            0            0            0
            0            0            0            0            0            0            0            0            0            0
            0            0            0            0            0            0            0            0            0            0
            0            0            0            0            0            0            0            0            0            0
            0            0            0            0            0            0            0            0            0            0
            0            0            0            0            0            0            0            0            0            0
            0            0            0            0            0            0            0            0            0            0
            0            0            0            0            0            0            0            0            0            0
            0            0            0            0            0            0            0            0            0            0
            0            0            0            0            0            0            0            0            0            0
            0            0            0            0            0            0            0            0            0            0
            0            0            0            0            0            0            0            0            0            0
            0            0            0            0            0            0            0            0            0            0
            0            0            0            0            0            0            0            0            0            0
            0            0            0            0            0            0            0            0            0            0
            0            0            0            0            0            0            0            0            0            0
            0            0            0            0            0            0            0            0            0            0
            0            0            0            0            0            0            0            0            0            0
            0            0            0            0            0            0            0            0            0            0
            0            0            0            0            0            0            0            0            0            0
            0            0            0            0            0            0            0            0            0            0
            0            0            0            0            0            0            0            0            0            0
            0            0            0            0            0            0            0            0            0            0
            0            0            0            0            0            0            0            0            0            0
            0            0            0            0            0            0            0            0            0            0
            0            0            0            0            0            0            0            0            0            0
            0            0            0            0            0            0            0            0            0            0
            0            0            0            0            0            0            0            0            0            0
            0            0            0            0            0            0            0            0            0            0
            0            0            0            0            0            0            0            0            0            0
            0            0            0            0            0            0            0            0            0            0
            0            0            0            0            0            0            0            0            0            0
            0            0            0            0            0            0            0            0            0            0
            0            0            0            0            0            0            0            0            0            0
            0            0            0            0            0            0            0            0            0            0
            0            0            0            0            0            0            0            0            0            0
            0            0            0            0            0            0            0            0            0            0
            0            0            0            0            0            0            0            0            0            0
            0            0            0            0            0            0            0            0            0            0
            0            0            0            0            0            0            0            0            0            0
            0            0            0            0            0            0            0            0            0            0
            0            0            0            0            0            0            0            0            0            0
            0            0            0            0            0            0            0            0            0            0
            0            0            0            0            0            0            0            0            0            0
            0            0            0            0            0            0            0            0            0            0
            0            0            0            0            0            0            0            0            0            0
            0            0            0            0            0            0            0            0            0            0
            0            0            0            0            0            0            0            0            0            0
            0            0            0            0            0            0            0            0            0            0
            0            0            0            0            0            0            0            0            0            0
            0            0            0            0            0            0            0            0            0            0
            0            0            0            0            0            0            0            0            0            0
            0            0            0            0            0            0            0            0            0            0
            0            0            0            0            0            0            0            0            0            0
            0            0            0            0            0            0            0            0            0            0
            0            0            0            0            0            0            0            0            0            0
            0            0            0            0            0            0            0            0            0            0
            0            0            0            0            0            0            0            0            0            0
            0            0            0            0            0            0            0            0            0            0
            0            0            0            0            0            0            0            0            0            0
            0            0            0            0            0            0            0            0            0            0
            0            0            0            0            0            0            0            0            0            0
            0            0            0            0            0            0            0            0            0            0
            0            0            0            0            0            0            0            0            0            0
            0            0            0            0            0            0            0            0            0            0
            0            0            0            0            0            0            0            0            0            0
            0            0            0            0            0            0            0            0            0            0
            0            0            0            0            0            0            0            0            0            0
            0            0            0            0            0            0            0            0            0            0
            0            0            0            0            0            0            0            0            0            0
            0            0            0            0            0            0            0            0            0            0
            0            0            0            0            0            0            0            0            0            0
            0            0            0            0            0            0            0            0            0            0
            0            0            0            0            0            0            0            0            0            0
            0            0            0            0            0            0            0            0            0            0
            0            0            0            0            0            0            0            0            0            0
            0            0            0            0            0            0            0            0            0            0
            0            0            0            0            0            0            0            0            0            0
            0            0            0            0            0            0            0            0            0            0
            0            0            0            0            0            0            0            0            0            0
            0            0            0            0            0            0            0            0            0            0
            0            0            0            0            0            0            0            0            0            0
            0            0            0            0            0            0            0            0            0            0
          inf  -2.2540e-02  -5.1417e-03  -2.8062e-03   3.3097e-03   3.7199e-03   2.5968e-03   1.3244e-03  -1.7502e-03  -1.6367e-03
         -inf  -2.5471e-02  -1.5511e-02  -1.5492e-02  -1.0757e-02  -9.7194e-03  -1.1737e-02  -1.1709e-02  -9.0201e-03  -7.4759e-03
         -inf  -6.3816e-03   8.5801e-03   5.6380e-03   1.8552e-03   9.3676e-04  -8.5663e-04  -1.7832e-03  -1.9556e-03  -3.2263e-03
          inf  -1.3400e-02  -1.6091e-02  -1.2361e-02  -1.1168e-02  -6.4222e-03  -7.4830e-03  -8.3624e-03  -1.1529e-02  -9.8386e-03
          inf  -8.9225e-03  -9.5376e-03  -3.2456e-03  -7.5426e-04  -1.5241e-03  -4.6464e-03  -3.8334e-03  -1.5684e-03  -7.3749e-04
         -inf   1.2430e-02  -1.0044e-03  -8.3876e-03  -3.3262e-03  -1.5295e-03  -5.5462e-04   2.2340e-03   2.5295e-03   1.3336e-03
         -inf  -1.0387e-03  -3.4840e-04   9.3050e-05  -4.8238e-04   2.1559e-03   5.1297e-03   5.1568e-03   3.5272e-03   1.0974e-03
          inf   1.7567e-03  -1.3737e-02  -1.1116e-02  -9.2185e-03  -1.0078e-02  -9.4925e-03  -7.7344e-03  -7.3627e-03  -6.7593e-03
         -inf  -5.7981e-03  -6.5800e-04  -4.0187e-03  -3.9894e-03  -1.3288e-03  -8.9604e-04  -1.2568e-03  -8.5605e-04  -1.5161e-03
          inf   6.1956e-03   4.1121e-04  -4.7030e-03  -4.5948e-03  -2.4263e-03   8.4648e-04   2.1919e-03   1.1710e-03   1.5683e-03
          inf  -1.6260e-02  -2.7007e-03  -1.1151e-03   8.8337e-04   6.3960e-04   6.2338e-06  -3.1116e-03  -2.7056e-03  -4.7168e-04
         -inf  -1.4343e-02  -5.9016e-03  -7.0835e-04  -1.6222e-03  -4.3831e-04   4.9884e-05   4.7984e-05  -4.9864e-04  -6.5990e-04
         -inf  -5.9969e-04   9.1516e-04  -1.1852e-03  -3.7319e-03   5.3849e-04   2.4504e-03   1.4050e-03   1.0909e-03   1.5334e-03
         -inf   2.8496e-03   5.0428e-03   3.5712e-03   6.8311e-03   7.7325e-03   9.2477e-03   6.4493e-03   5.1865e-03   5.7608e-03
          inf   1.1129e-03   4.4817e-03   2.4477e-03   2.8722e-03   2.2099e-03   2.7333e-03   3.0472e-03   2.4521e-03   3.7505e-03
         -inf   2.3172e-02   6.5463e-03   5.2389e-03   5.7854e-03   4.3340e-03   3.7853e-03   3.3590e-03   3.2929e-03   3.7762e-03
          inf  -1.5532e-03   1.6017e-03   2.6503e-03   5.7597e-04  -4.3778e-04   7.2312e-04  -1.9484e-04  -8.9470e-04  -1.4620e-03
          inf  -9.8881e-03  -1.3540e-02  -1.0932e-02  -1.0091e-02  -1.2437e-02  -1.3153e-02  -1.1820e-02  -9.6375e-03  -9.8159e-03
          inf  -1.2289e-02  -9.0721e-03  -7.4794e-03  -6.5390e-03  -5.7947e-03  -7.5457e-03  -6.8856e-03  -6.5848e-03  -5.6444e-03
         -inf  -5.4748e-03  -3.8905e-03  -3.6821e-03  -2.9315e-03  -1.3538e-03  -2.3876e-03  -3.1910e-03  -3.3343e-03  -2.1520e-03
          inf   1.0109e-02   2.5349e-03  -3.7425e-04  -1.7854e-04   6.7175e-04  -1.5642e-04   6.6977e-04  -9.6111e-05  -1.1634e-03
          inf   2.9918e-03   7.2656e-03   4.2387e-03   4.6476e-03   3.6517e-03   2.9093e-03   3.3797e-03   3.7290e-03   3.0879e-03
         -inf   9.5905e-03   1.1324e-02   9.2969e-03   7.7766e-03   3.8284e-03   3.1436e-03   3.3910e-03   4.5918e-03   3.5250e-03
         -inf   1.5067e-03   3.0281e-05   1.7791e-03  -4.4297e-06   1.1336e-03  -2.7341e-04   1.0209e-03   6.3956e-04  -4.0871e-04
          inf  -2.3017e-03  -2.0594e-03   4.5244e-04  -3.8259e-04  -7.9796e-04  -2.0565e-04  -5.8518e-04  -7.7100e-04   5.3548e-04
          inf  -4.8451e-03   2.7378e-03   1.5813e-03   4.7242e-03   1.1292e-03   1.8582e-03   1.1538e-03   4.0711e-04  -1.9754e-04
         -inf  -1.0534e-02  -5.8621e-03  -5.9425e-03  -5.4325e-03  -6.4304e-03  -6.1059e-03  -5.9823e-03  -5.3910e-03  -5.7419e-03
          inf  -7.6819e-03  -2.3461e-03  -4.1306e-03  -2.8482e-03  -2.1507e-03  -1.7373e-03  -6.9702e-04  -8.3158e-04  -1.3846e-03
          inf  -1.2377e-02   1.5593e-03  -2.7068e-03  -2.3152e-03  -2.1225e-03  -1.7498e-03  -2.6340e-03  -1.7909e-03  -1.6523e-03
         -inf  -2.4467e-03   3.0939e-03   8.0126e-04   3.8381e-04  -3.2056e-04  -8.8143e-05  -2.1085e-04   5.3162e-04   4.8632e-04

        0        0        0        0        0        0        0        0        0        0
        0        0        0        0        0        0        0        0        0        0
        0        0        0        0        0        0        0        0        0        0
        0        0        0        0        0        0        0        0        0        0
        0        0        0        0        0        0        0        0        0        0
        0        0        0        0        0        0        0        0        0        0
        0        0        0        0        0        0        0        0        0        0
        0        0        0        0        0        0        0        0        0        0
        0        0        0        0        0        0        0        0        0        0
        0        0        0        0        0        0        0        0        0        0
        0        0        0        0        0        0        0        0        0        0
        0        0        0        0        0        0        0        0        0        0
        0        0        0        0        0        0        0        0        0        0
        0        0        0        0        0        0        0        0        0        0
        0        0        0        0        0        0        0        0        0        0
        0        0        0        0        0        0        0        0        0        0
        0        0        0        0        0        0        0        0        0        0
        0        0        0        0        0        0        0        0        0        0
        0        0        0        0        0        0        0        0        0        0
        0        0        0        0        0        0        0        0        0        0
        0        0        0        0        0        0        0        0        0        0
        0        0        0        0        0        0        0        0        0        0
        0        0        0        0        0        0        0        0        0        0
        0        0        0        0        0        0        0        0        0        0
        0        0        0        0        0        0        0        0        0        0
        0        0        0        0        0        0        0        0        0        0
        0        0        0        0        0        0        0        0        0        0
        0        0        0        0        0        0        0        0        0        0
        0        0        0        0        0        0        0        0        0        0
        0        0        0        0        0        0        0        0        0        0
        0        0        0        0        0        0        0        0        0        0
        0        0        0        0        0        0        0        0        0        0
        0        0        0        0        0        0        0        0        0        0
        0        0        0        0        0        0        0        0        0        0
        0        0        0        0        0        0        0        0        0        0
        0        0        0        0        0        0        0        0        0        0
        0        0        0        0        0        0        0        0        0        0
        0        0        0        0        0        0        0        0        0        0
        0        0        0        0        0        0        0        0        0        0
        0        0        0        0        0        0        0        0        0        0
        0        0        0        0        0        0        0        0        0        0
        0        0        0        0        0        0        0        0        0        0
        0        0        0        0        0        0        0        0        0        0
        0        0        0        0        0        0        0        0        0        0
        0        0        0        0        0        0        0        0        0        0
        0        0        0        0        0        0        0        0        0        0
        0        0        0        0        0        0        0        0        0        0
        0        0        0        0        0        0        0        0        0        0
        0        0        0        0        0        0        0        0        0        0
        0        0        0        0        0        0        0        0        0        0
        0        0        0        0        0        0        0        0        0        0
        0        0        0        0        0        0        0        0        0        0
        0        0        0        0        0        0        0        0        0        0
        0        0        0        0        0        0        0        0        0        0
        0        0        0        0        0        0        0        0        0        0
        0        0        0        0        0        0        0        0        0        0
        0        0        0        0        0        0        0        0        0        0
        0        0        0        0        0        0        0        0        0        0
        0        0        0        0        0        0        0        0        0        0
        0        0        0        0        0        0        0        0        0        0
        0        0        0        0        0        0        0        0        0        0
        0        0        0        0        0        0        0        0        0        0
        0        0        0        0        0        0        0        0        0        0
        0        0        0        0        0        0        0        0        0        0
        0        0        0        0        0        0        0        0        0        0
        0        0        0        0        0        0        0        0        0        0
        0        0        0        0        0        0        0        0        0        0
        0        0        0        0        0        0        0        0        0        0
        0        0        0        0        0        0        0        0        0        0
        0        0        0        0        0        0        0        0        0        0
        0        0        0        0        0        0        0        0        0        0
        0        0        0        0        0        0        0        0        0        0
        0        0        0        0        0        0        0        0        0        0
        0        0        0        0        0        0        0        0        0        0
        0        0        0        0        0        0        0        0        0        0
        0        0        0        0        0        0        0        0        0        0
        0        0        0        0        0        0        0        0        0        0
        0        0        0        0        0        0        0        0        0        0
        0        0        0        0        0        0        0        0        0        0
        0        0        0        0        0        0        0        0        0        0
        0        0        0        0        0        0        0        0        0        0
        0        0        0        0        0        0        0        0        0        0
        0        0        0        0        0        0        0        0        0        0
        0        0        0        0        0        0        0        0        0        0
        0        0        0        0        0        0        0        0        0        0
        0        0        0        0        0        0        0        0        0        0
        0        0        0        0        0        0        0        0        0        0
        0        0        0        0        0        0        0        0        0        0
        0        0        0        0        0        0        0        0        0        0
        0        0        0        0        0        0        0        0        0        0
      inf   0.0821   0.0816   0.0809   0.0810   0.0804   0.0797   0.0791   0.0789   0.0786
      inf   0.0789   0.0790   0.0768   0.0753   0.0744   0.0751   0.0744   0.0745   0.0744
      inf   0.0748   0.0779   0.0768   0.0786   0.0779   0.0770   0.0747   0.0747   0.0736
      inf   0.0712   0.0731   0.0739   0.0740   0.0742   0.0757   0.0755   0.0771   0.0770
      inf   0.0712   0.0727   0.0739   0.0704   0.0718   0.0723   0.0708   0.0711   0.0720
      inf   0.0728   0.0705   0.0695   0.0707   0.0701   0.0697   0.0690   0.0696   0.0700
      inf   0.0712   0.0711   0.0685   0.0694   0.0696   0.0685   0.0683   0.0672   0.0674
      inf   0.0614   0.0630   0.0671   0.0685   0.0693   0.0693   0.0690   0.0686   0.0681
      inf   0.0623   0.0611   0.0612   0.0603   0.0617   0.0622   0.0621   0.0628   0.0629
      inf   0.0659   0.0660   0.0664   0.0660   0.0661   0.0661   0.0659   0.0648   0.0642
      inf   0.0643   0.0628   0.0646   0.0651   0.0654   0.0666   0.0666   0.0661   0.0660
      inf   0.0556   0.0596   0.0627   0.0638   0.0646   0.0647   0.0646   0.0638   0.0635
      inf   0.0557   0.0553   0.0578   0.0590   0.0605   0.0611   0.0603   0.0597   0.0596
      inf   0.0575   0.0601   0.0587   0.0601   0.0607   0.0608   0.0609   0.0612   0.0610
      inf   0.0616   0.0595   0.0585   0.0595   0.0594   0.0601   0.0590   0.0589   0.0594
      inf   0.0592   0.0605   0.0588   0.0596   0.0590   0.0586   0.0586   0.0587   0.0588
      inf   0.0556   0.0578   0.0597   0.0589   0.0590   0.0594   0.0593   0.0596   0.0603
      inf   0.0579   0.0572   0.0578   0.0566   0.0562   0.0565   0.0566   0.0564   0.0563
      inf   0.0579   0.0583   0.0576   0.0555   0.0557   0.0566   0.0560   0.0555   0.0551
      inf   0.0543   0.0521   0.0535   0.0546   0.0544   0.0556   0.0557   0.0558   0.0558
      inf   0.0544   0.0546   0.0539   0.0541   0.0536   0.0541   0.0540   0.0534   0.0537
      inf   0.0545   0.0542   0.0545   0.0541   0.0546   0.0543   0.0538   0.0531   0.0532
      inf   0.0537   0.0534   0.0525   0.0527   0.0525   0.0520   0.0525   0.0526   0.0526
      inf   0.0539   0.0540   0.0538   0.0538   0.0531   0.0531   0.0522   0.0521   0.0518
      inf   0.0528   0.0513   0.0518   0.0506   0.0506   0.0501   0.0509   0.0509   0.0512
      inf   0.0531   0.0523   0.0507   0.0506   0.0502   0.0501   0.0497   0.0492   0.0492
      inf   0.0530   0.0527   0.0519   0.0521   0.0520   0.0523   0.0519   0.0519   0.0516
      inf   0.0478   0.0481   0.0490   0.0485   0.0487   0.0486   0.0484   0.0489   0.0493
      inf   0.0488   0.0497   0.0487   0.0470   0.0474   0.0478   0.0478   0.0481   0.0477
      inf   0.0485   0.0470   0.0475   0.0474   0.0481   0.0478   0.0475   0.0479   0.0480

        0        0        0        0        0        0        0        0        0        0
        0        0        0        0        0        0        0        0        0        0
        0        0        0        0        0        0        0        0        0        0
        0        0        0        0        0        0        0        0        0        0
        0        0        0        0        0        0        0        0        0        0
        0        0        0        0        0        0        0        0        0        0
        0        0        0        0        0        0        0        0        0        0
        0        0        0        0        0        0        0        0        0        0
        0        0        0        0        0        0        0        0        0        0
        0        0        0        0        0        0        0        0        0        0
        0        0        0        0        0        0        0        0        0        0
        0        0        0        0        0        0        0        0        0        0
        0        0        0        0        0        0        0        0        0        0
        0        0        0        0        0        0        0        0        0        0
        0        0        0        0        0        0        0        0        0        0
        0        0        0        0        0        0        0        0        0        0
        0        0        0        0        0        0        0        0        0        0
        0        0        0        0        0        0        0        0        0        0
        0        0        0        0        0        0        0        0        0        0
        0        0        0        0        0        0        0        0        0        0
        0        0        0        0        0        0        0        0        0        0
        0        0        0        0        0        0        0        0        0        0
        0        0        0        0        0        0        0        0        0        0
        0        0        0        0        0        0        0        0        0        0
        0        0        0        0        0        0        0        0        0        0
        0        0        0        0        0        0        0        0        0        0
        0        0        0        0        0        0        0        0        0        0
        0        0        0        0        0        0        0        0        0        0
        0        0        0        0        0        0        0        0        0        0
        0        0        0        0        0        0        0        0        0        0
        0        0        0        0        0        0        0        0        0        0
        0        0        0        0        0        0        0        0        0        0
        0        0        0        0        0        0        0        0        0        0
        0        0        0        0        0        0        0        0        0        0
        0        0        0        0        0        0        0        0        0        0
        0        0        0        0        0        0        0        0        0        0
        0        0        0        0        0        0        0        0        0        0
        0        0        0        0        0        0        0        0        0        0
        0        0        0        0        0        0        0        0        0        0
        0        0        0        0        0        0        0        0        0        0
        0        0        0        0        0        0        0        0        0        0
        0        0        0        0        0        0        0        0        0        0
        0        0        0        0        0        0        0        0        0        0
        0        0        0        0        0        0        0        0        0        0
        0        0        0        0        0        0        0        0        0        0
        0        0        0        0        0        0        0        0        0        0
        0        0        0        0        0        0        0        0        0        0
        0        0        0        0        0        0        0        0        0        0
        0        0        0        0        0        0        0        0        0        0
        0        0        0        0        0        0        0        0        0        0
        0        0        0        0        0        0        0        0        0        0
        0        0        0        0        0        0        0        0        0        0
        0        0        0        0        0        0        0        0        0        0
        0        0        0        0        0        0        0        0        0        0
        0        0        0        0        0        0        0        0        0        0
        0        0        0        0        0        0        0        0        0        0
        0        0        0        0        0        0        0        0        0        0
        0        0        0        0        0        0        0        0        0        0
        0        0        0        0        0        0        0        0        0        0
        0        0        0        0        0        0        0        0        0        0
        0        0        0        0        0        0        0        0        0        0
        0        0        0        0        0        0        0        0        0        0
        0        0        0        0        0        0        0        0        0        0
        0        0        0        0        0        0        0        0        0        0
        0        0        0        0        0        0        0        0        0        0
        0        0        0        0        0        0        0        0        0        0
        0        0        0        0        0        0        0        0        0        0
        0        0        0        0        0        0        0        0        0        0
        0        0        0        0        0        0        0        0        0        0
        0        0        0        0        0        0        0        0        0        0
        0        0        0        0        0        0        0        0        0        0
        0        0        0        0        0        0        0        0        0        0
        0        0        0        0        0        0        0        0        0        0
        0        0        0        0        0        0        0        0        0        0
        0        0        0        0        0        0        0        0        0        0
        0        0        0        0        0        0        0        0        0        0
        0        0        0        0        0        0        0        0        0        0
        0        0        0        0        0        0        0        0        0        0
        0        0        0        0        0        0        0        0        0        0
        0        0        0        0        0        0        0        0        0        0
        0        0        0        0        0        0        0        0        0        0
        0        0        0        0        0        0        0        0        0        0
        0        0        0        0        0        0        0        0        0        0
        0        0        0        0        0        0        0        0        0        0
        0        0        0        0        0        0        0        0        0        0
        0        0        0        0        0        0        0        0        0        0
        0        0        0        0        0        0        0        0        0        0
        0        0        0        0        0        0        0        0        0        0
        0        0        0        0        0        0        0        0        0        0
        0        0        0        0        0        0        0        0        0        0
      nan   0.9831   0.9868   0.9879   0.9824   0.9825   0.9731   0.9745   0.9687   0.9673
      nan   0.9264   0.9055   0.9322   0.9455   0.9505   0.9551   0.9566   0.9503   0.9486
      nan   0.9086   0.9323   0.9251   0.9378   0.9426   0.9442   0.9516   0.9485   0.9487
      nan   0.9345   0.9503   0.9332   0.9289   0.9344   0.9439   0.9459   0.9485   0.9536
      nan   0.9291   0.9120   0.9117   0.9187   0.9251   0.9335   0.9334   0.9343   0.9349
      nan   0.9662   0.9347   0.9075   0.9075   0.9122   0.9134   0.9155   0.9166   0.9142
      nan   0.9049   0.9147   0.8989   0.9010   0.9052   0.9074   0.9112   0.9107   0.9101
      nan   0.9390   0.9226   0.9082   0.9053   0.9042   0.9042   0.9019   0.8994   0.9003
      nan   0.8659   0.8829   0.8839   0.8796   0.8890   0.8855   0.8798   0.8836   0.8805
      nan   0.9091   0.8955   0.8959   0.8960   0.8913   0.8874   0.8857   0.8835   0.8887
      nan   0.8695   0.8692   0.8696   0.8792   0.8748   0.8807   0.8752   0.8744   0.8728
      nan   0.8839   0.8536   0.8467   0.8420   0.8471   0.8528   0.8562   0.8601   0.8592
      nan   0.8463   0.8551   0.8504   0.8402   0.8487   0.8500   0.8432   0.8439   0.8401
      nan   0.8152   0.8281   0.8356   0.8326   0.8230   0.8214   0.8212   0.8181   0.8198
      nan   0.8174   0.8348   0.8300   0.8366   0.8325   0.8317   0.8344   0.8317   0.8288
      nan   0.8373   0.8276   0.8135   0.8120   0.8151   0.8136   0.8123   0.8121   0.8099
      nan   0.7894   0.7977   0.8017   0.8011   0.7929   0.8007   0.8088   0.8095   0.8064
      nan   0.8234   0.8059   0.8136   0.8083   0.8046   0.8028   0.8049   0.8053   0.8078
      nan   0.8076   0.7782   0.7822   0.7750   0.7716   0.7754   0.7811   0.7838   0.7836
      nan   0.8143   0.7993   0.8057   0.8079   0.8074   0.8049   0.8041   0.8024   0.8020
      nan   0.7966   0.7864   0.7837   0.7923   0.7864   0.7861   0.7817   0.7813   0.7803
      nan   0.7825   0.7846   0.7900   0.7821   0.7812   0.7761   0.7782   0.7790   0.7776
      nan   0.7671   0.7730   0.7677   0.7671   0.7620   0.7606   0.7596   0.7567   0.7583
      nan   0.7813   0.7685   0.7573   0.7662   0.7658   0.7684   0.7672   0.7677   0.7674
      nan   0.7398   0.7668   0.7586   0.7555   0.7610   0.7560   0.7560   0.7557   0.7549
      nan   0.7004   0.7401   0.7378   0.7355   0.7324   0.7299   0.7319   0.7319   0.7317
      nan   0.7341   0.7362   0.7440   0.7452   0.7437   0.7392   0.7375   0.7357   0.7372
      nan   0.7222   0.7171   0.7177   0.7220   0.7334   0.7303   0.7265   0.7276   0.7306
      nan   0.7257   0.7157   0.7228   0.7233   0.7213   0.7191   0.7213   0.7186   0.7205
      nan   0.6955   0.7064   0.7073   0.7013   0.7041   0.7089   0.7072   0.7076   0.7071

         0         0         0         0         0         0         0         0         0         0
         0         0         0         0         0         0         0         0         0         0
         0         0         0         0         0         0         0         0         0         0
         0         0         0         0         0         0         0         0         0         0
         0         0         0         0         0         0         0         0         0         0
         0         0         0         0         0         0         0         0         0         0
         0         0         0         0         0         0         0         0         0         0
         0         0         0         0         0         0         0         0         0         0
         0         0         0         0         0         0         0         0         0         0
         0         0         0         0         0         0         0         0         0         0
         0         0         0         0         0         0         0         0         0         0
         0         0         0         0         0         0         0         0         0         0
         0         0         0         0         0         0         0         0         0         0
         0         0         0         0         0         0         0         0         0         0
         0         0         0         0         0         0         0         0         0         0
         0         0         0         0         0         0         0         0         0         0
         0         0         0         0         0         0         0         0         0         0
         0         0         0         0         0         0         0         0         0         0
         0         0         0         0         0         0         0         0         0         0
         0         0         0         0         0         0         0         0         0         0
         0         0         0         0         0         0         0         0         0         0
         0         0         0         0         0         0         0         0         0         0
         0         0         0         0         0         0         0         0         0         0
         0         0         0         0         0         0         0         0         0         0
         0         0         0         0         0         0         0         0         0         0
         0         0         0         0         0         0         0         0         0         0
         0         0         0         0         0         0         0         0         0         0
         0         0         0         0         0         0         0         0         0         0
         0         0         0         0         0         0         0         0         0         0
         0         0         0         0         0         0         0         0         0         0
         0         0         0         0         0         0         0         0         0         0
         0         0         0         0         0         0         0         0         0         0
         0         0         0         0         0         0         0         0         0         0
         0         0         0         0         0         0         0         0         0         0
         0         0         0         0         0         0         0         0         0         0
         0         0         0         0         0         0         0         0         0         0
         0         0         0         0         0         0         0         0         0         0
         0         0         0         0         0         0         0         0         0         0
         0         0         0         0         0         0         0         0         0         0
         0         0         0         0         0         0         0         0         0         0
         0         0         0         0         0         0         0         0         0         0
         0         0         0         0         0         0         0         0         0         0
         0         0         0         0         0         0         0         0         0         0
         0         0         0         0         0         0         0         0         0         0
         0         0         0         0         0         0         0         0         0         0
         0         0         0         0         0         0         0         0         0         0
         0         0         0         0         0         0         0         0         0         0
         0         0         0         0         0         0         0         0         0         0
         0         0         0         0         0         0         0         0         0         0
         0         0         0         0         0         0         0         0         0         0
         0         0         0         0         0         0         0         0         0         0
         0         0         0         0         0         0         0         0         0         0
         0         0         0         0         0         0         0         0         0         0
         0         0         0         0         0         0         0         0         0         0
         0         0         0         0         0         0         0         0         0         0
         0         0         0         0         0         0         0         0         0         0
         0         0         0         0         0         0         0         0         0         0
         0         0         0         0         0         0         0         0         0         0
         0         0         0         0         0         0         0         0         0         0
         0         0         0         0         0         0         0         0         0         0
         0         0         0         0         0         0         0         0         0         0
         0         0         0         0         0         0         0         0         0         0
         0         0         0         0         0         0         0         0         0         0
         0         0         0         0         0         0         0         0         0         0
         0         0         0         0         0         0         0         0         0         0
         0         0         0         0         0         0         0         0         0         0
         0         0         0         0         0         0         0         0         0         0
         0         0         0         0         0         0         0         0         0         0
         0         0         0         0         0         0         0         0         0         0
         0         0         0         0         0         0         0         0         0         0
         0         0         0         0         0         0         0         0         0         0
         0         0         0         0         0         0         0         0         0         0
         0         0         0         0         0         0         0         0         0         0
         0         0         0         0         0         0         0         0         0         0
         0         0         0         0         0         0         0         0         0         0
         0         0         0         0         0         0         0         0         0         0
         0         0         0         0         0         0         0         0         0         0
         0         0         0         0         0         0         0         0         0         0
         0         0         0         0         0         0         0         0         0         0
         0         0         0         0         0         0         0         0         0         0
         0         0         0         0         0         0         0         0         0         0
         0         0         0         0         0         0         0         0         0         0
         0         0         0         0         0         0         0         0         0         0
         0         0         0         0         0         0         0         0         0         0
         0         0         0         0         0         0         0         0         0         0
         0         0         0         0         0         0         0         0         0         0
         0         0         0         0         0         0         0         0         0         0
         0         0         0         0         0         0         0         0         0         0
         0         0         0         0         0         0         0         0         0         0
         0         0         0         0         0         0         0         0         0         0
       nan   40.6184   42.4815   41.5773   41.9974   41.2536   40.3043   39.7461   39.3770   39.0764
       nan   37.2611   38.4902   36.3334   35.6346   35.0346   35.2745   34.7348   35.1533   35.1785
       nan   33.5852   36.8437   36.3271   38.8982   38.2542   37.4075   35.4456   35.3245   34.4133
       nan   29.6977   31.9841   33.3041   33.4593   33.8668   35.6167   35.2281   36.9662   37.2580
       nan   32.6036   33.6501   34.7272   31.4783   32.3533   32.8779   31.8527   32.1595   32.8054
       nan   33.1470   31.5063   30.6985   31.3540   31.0988   31.0108   30.2213   30.7867   31.0497
       nan   30.5703   31.3042   29.3021   30.2543   30.1883   29.3026   29.0322   28.3695   28.5438
       nan   23.4905   24.8565   28.4452   29.6373   30.3862   30.3487   30.0620   29.6015   29.2278
       nan   23.9151   23.4589   23.2459   22.6392   24.0917   24.4095   24.2628   24.8746   24.9089
       nan   27.2997   26.8997   27.6877   27.1823   27.3655   27.2469   27.1413   26.3799   25.9729
       nan   23.7541   24.4566   26.4330   26.5533   26.9099   27.7254   27.6146   27.0671   27.2247
       nan   18.2924   21.7610   24.7924   25.7772   26.1122   26.1416   26.1670   25.6217   25.3789
       nan   20.0678   19.6347   21.0458   21.6048   22.8475   23.1899   22.5741   22.1313   22.0301
       nan   19.7806   22.5341   21.6092   22.6241   23.0214   22.8180   22.9949   23.1970   22.9891
       nan   22.4123   21.0781   20.7723   21.5310   21.4630   21.8546   21.2768   21.2707   21.7128
       nan   19.1209   21.8850   20.9399   21.7333   21.4226   21.0880   21.0836   21.1237   21.2036
       nan   18.6425   20.4184   21.8412   21.1745   21.3063   21.5295   21.4819   21.9082   22.2946
       nan   19.8301   19.5537   20.0017   19.4727   19.2083   19.1460   19.3321   19.2937   19.2198
       nan   20.3861   20.8071   20.0490   18.6090   18.8314   19.4074   19.1718   18.9792   18.7571
       nan   18.0430   16.6838   17.3878   18.2961   18.2575   19.0923   19.1837   19.3530   19.4647
       nan   16.9118   17.9275   17.6610   18.0449   17.5528   17.9204   17.7253   17.3871   17.7214
       nan   18.1412   17.8185   18.3199   18.2591   18.4960   18.2749   17.8686   17.4200   17.4934
       nan   17.8574   16.8977   16.4536   16.6872   16.8517   16.5592   16.7677   16.8909   16.9259
       nan   17.4912   17.4911   17.4109   17.4742   17.1667   17.1874   16.7190   16.6401   16.4945
       nan   16.5614   16.0366   16.1790   15.5697   15.5409   15.2484   15.7009   15.7338   15.8548
       nan   16.9383   16.4724   15.6481   15.5962   15.4045   15.2848   15.1803   14.8458   14.7957
       nan   16.0942   16.6962   16.0615   16.2480   16.0865   16.3535   16.0609   16.1332   15.8864
       nan   13.6465   14.1410   14.6757   14.3678   14.4803   14.3558   14.2156   14.5095   14.6825
       nan   13.8394   14.9092   14.4104   13.4700   13.6559   13.8879   13.7794   14.0051   13.7589
       nan   14.4782   13.7111   13.9496   13.8643   14.1259   13.8978   13.6515   13.8879   13.9356

         0         0         0         0         0         0         0         0         0         0
         0         0         0         0         0         0         0         0         0         0
         0         0         0         0         0         0         0         0         0         0
         0         0         0         0         0         0         0         0         0         0
         0         0         0         0         0         0         0         0         0         0
         0         0         0         0         0         0         0         0         0         0
         0         0         0         0         0         0         0         0         0         0
         0         0         0         0         0         0         0         0         0         0
         0         0         0         0         0         0         0         0         0         0
         0         0         0         0         0         0         0         0         0         0
         0         0         0         0         0         0         0         0         0         0
         0         0         0         0         0         0         0         0         0         0
         0         0         0         0         0         0         0         0         0         0
         0         0         0         0         0         0         0         0         0         0
         0         0         0         0         0         0         0         0         0         0
         0         0         0         0         0         0         0         0         0         0
         0         0         0         0         0         0         0         0         0         0
         0         0         0         0         0         0         0         0         0         0
         0         0         0         0         0         0         0         0         0         0
         0         0         0         0         0         0         0         0         0         0
         0         0         0         0         0         0         0         0         0         0
         0         0         0         0         0         0         0         0         0         0
         0         0         0         0         0         0         0         0         0         0
         0         0         0         0         0         0         0         0         0         0
         0         0         0         0         0         0         0         0         0         0
         0         0         0         0         0         0         0         0         0         0
         0         0         0         0         0         0         0         0         0         0
         0         0         0         0         0         0         0         0         0         0
         0         0         0         0         0         0         0         0         0         0
         0         0         0         0         0         0         0         0         0         0
         0         0         0         0         0         0         0         0         0         0
         0         0         0         0         0         0         0         0         0         0
         0         0         0         0         0         0         0         0         0         0
         0         0         0         0         0         0         0         0         0         0
         0         0         0         0         0         0         0         0         0         0
         0         0         0         0         0         0         0         0         0         0
         0         0         0         0         0         0         0         0         0         0
         0         0         0         0         0         0         0         0         0         0
         0         0         0         0         0         0         0         0         0         0
         0         0         0         0         0         0         0         0         0         0
         0         0         0         0         0         0         0         0         0         0
         0         0         0         0         0         0         0         0         0         0
         0         0         0         0         0         0         0         0         0         0
         0         0         0         0         0         0         0         0         0         0
         0         0         0         0         0         0         0         0         0         0
         0         0         0         0         0         0         0         0         0         0
         0         0         0         0         0         0         0         0         0         0
         0         0         0         0         0         0         0         0         0         0
         0         0         0         0         0         0         0         0         0         0
         0         0         0         0         0         0         0         0         0         0
         0         0         0         0         0         0         0         0         0         0
         0         0         0         0         0         0         0         0         0         0
         0         0         0         0         0         0         0         0         0         0
         0         0         0         0         0         0         0         0         0         0
         0         0         0         0         0         0         0         0         0         0
         0         0         0         0         0         0         0         0         0         0
         0         0         0         0         0         0         0         0         0         0
         0         0         0         0         0         0         0         0         0         0
         0         0         0         0         0         0         0         0         0         0
         0         0         0         0         0         0         0         0         0         0
         0         0         0         0         0         0         0         0         0         0
         0         0         0         0         0         0         0         0         0         0
         0         0         0         0         0         0         0         0         0         0
         0         0         0         0         0         0         0         0         0         0
         0         0         0         0         0         0         0         0         0         0
         0         0         0         0         0         0         0         0         0         0
         0         0         0         0         0         0         0         0         0         0
         0         0         0         0         0         0         0         0         0         0
         0         0         0         0         0         0         0         0         0         0
         0         0         0         0         0         0         0         0         0         0
         0         0         0         0         0         0         0         0         0         0
         0         0         0         0         0         0         0         0         0         0
         0         0         0         0         0         0         0         0         0         0
         0         0         0         0         0         0         0         0         0         0
         0         0         0         0         0         0         0         0         0         0
         0         0         0         0         0         0         0         0         0         0
         0         0         0         0         0         0         0         0         0         0
         0         0         0         0         0         0         0         0         0         0
         0         0         0         0         0         0         0         0         0         0
         0         0         0         0         0         0         0         0         0         0
         0         0         0         0         0         0         0         0         0         0
         0         0         0         0         0         0         0         0         0         0
         0         0         0         0         0         0         0         0         0         0
         0         0         0         0         0         0         0         0         0         0
         0         0         0         0         0         0         0         0         0         0
         0         0         0         0         0         0         0         0         0         0
         0         0         0         0         0         0         0         0         0         0
         0         0         0         0         0         0         0         0         0         0
         0         0         0         0         0         0         0         0         0         0
         0         0         0         0         0         0         0         0         0         0
       nan   15.1615   15.4018   14.9098   15.2413   14.9005   14.4038   14.2278   14.0093   13.8651
       nan   14.5145   14.0719   13.3020   13.0250   12.8628   12.8853   12.7294   12.8961   12.8531
       nan   11.0199   12.4885   12.4859   13.7821   13.5668   13.3106   12.7459   12.6448   12.4544
       nan    9.8791   11.3474   11.7678   11.7499   11.7184   12.5789   12.4059   13.3753   13.5879
       nan   12.4008   12.6284   12.6805   11.4121   11.4698   11.8039   11.5937   11.6877   11.8250
       nan   12.3569   11.4569   11.4885   11.2192   11.2660   11.3755   11.0286   11.2398   11.2325
       nan   10.1574   10.9306   10.3941   10.8347   10.6555   10.4754   10.3456   10.2084   10.2494
       nan    8.3364    9.6568   10.8261   11.0851   11.4584   11.3994   11.1241   10.9034   10.7384
       nan    8.4421    8.4762    8.2473    8.0886    8.8075    8.8641    8.7712    9.0404    9.0062
       nan   10.0523    9.4566   10.0965    9.8261    9.8702    9.7214    9.7656    9.5335    9.4416
       nan    8.2583    8.7290    9.7565    9.6017    9.7821    9.9845    9.9160    9.5934    9.8207
       nan    6.7750    7.7314    9.1061    9.5547    9.4383    9.4415    9.4958    9.3957    9.2946
       nan    7.7161    7.4573    7.7361    7.8105    8.2612    8.3568    8.0930    7.9564    7.8885
       nan    6.6633    8.2606    7.9747    8.4452    8.6013    8.4625    8.4132    8.4020    8.3063
       nan    7.3649    7.1117    7.1983    7.5097    7.4778    7.5637    7.5090    7.5056    7.7621
       nan    7.3578    7.5562    7.3588    7.8182    7.7009    7.5341    7.5414    7.5012    7.5726
       nan    6.4542    7.2136    7.7788    7.4858    7.5512    7.5686    7.6007    7.8600    7.9138
       nan    7.0136    7.3571    7.3135    7.2431    7.3665    7.2435    7.2568    7.1122    7.1069
       nan    7.7658    7.7550    7.2298    6.6631    6.7675    7.0362    7.0149    7.0134    6.9308
       nan    6.5801    6.0909    6.2040    6.6103    6.6246    6.9805    7.0459    7.1667    7.2341
       nan    5.7285    6.2590    6.2742    6.5678    6.3011    6.4306    6.3085    6.1954    6.4022
       nan    6.5448    6.5422    6.7511    6.8899    6.8636    6.7891    6.5880    6.4345    6.4335
       nan    6.9471    6.2487    6.0086    6.0828    6.1281    6.0190    6.0658    6.1561    6.1734
       nan    6.1908    6.1427    6.1189    6.1763    6.1684    6.1822    6.1068    6.0757    6.0181
       nan    5.7331    5.8038    5.7453    5.5991    5.5714    5.4902    5.6359    5.6464    5.6680
       nan    6.0990    5.8871    5.6832    5.7535    5.6159    5.5625    5.5742    5.4387    5.3918
       nan    5.6302    6.0456    5.7451    5.8390    5.7476    5.9063    5.7725    5.7925    5.6789
       nan    5.0510    5.2070    5.4410    5.3000    5.3164    5.2334    5.1643    5.2472    5.2885
       nan    5.2205    5.3904    5.2703    4.9778    5.0026    5.0597    4.9831    5.0955    4.9960
       nan    5.4292    5.2223    5.2434    5.2075    5.2112    5.0906    4.9661    5.0387    5.0526

        0        0        0        0        0        0        0        0        0        0
        0        0        0        0        0        0        0        0        0        0
        0        0        0        0        0        0        0        0        0        0
        0        0        0        0        0        0        0        0        0        0
        0        0        0        0        0        0        0        0        0        0
        0        0        0        0        0        0        0        0        0        0
        0        0        0        0        0        0        0        0        0        0
        0        0        0        0        0        0        0        0        0        0
        0        0        0        0        0        0        0        0        0        0
        0        0        0        0        0        0        0        0        0        0
        0        0        0        0        0        0        0        0        0        0
        0        0        0        0        0        0        0        0        0        0
        0        0        0        0        0        0        0        0        0        0
        0        0        0        0        0        0        0        0        0        0
        0        0        0        0        0        0        0        0        0        0
        0        0        0        0        0        0        0        0        0        0
        0        0        0        0        0        0        0        0        0        0
        0        0        0        0        0        0        0        0        0        0
        0        0        0        0        0        0        0        0        0        0
        0        0        0        0        0        0        0        0        0        0
        0        0        0        0        0        0        0        0        0        0
        0        0        0        0        0        0        0        0        0        0
        0        0        0        0        0        0        0        0        0        0
        0        0        0        0        0        0        0        0        0        0
        0        0        0        0        0        0        0        0        0        0
        0        0        0        0        0        0        0        0        0        0
        0        0        0        0        0        0        0        0        0        0
        0        0        0        0        0        0        0        0        0        0
        0        0        0        0        0        0        0        0        0        0
        0        0        0        0        0        0        0        0        0        0
        0        0        0        0        0        0        0        0        0        0
        0        0        0        0        0        0        0        0        0        0
        0        0        0        0        0        0        0        0        0        0
        0        0        0        0        0        0        0        0        0        0
        0        0        0        0        0        0        0        0        0        0
        0        0        0        0        0        0        0        0        0        0
        0        0        0        0        0        0        0        0        0        0
        0        0        0        0        0        0        0        0        0        0
        0        0        0        0        0        0        0        0        0        0
        0        0        0        0        0        0        0        0        0        0
        0        0        0        0        0        0        0        0        0        0
        0        0        0        0        0        0        0        0        0        0
        0        0        0        0        0        0        0        0        0        0
        0        0        0        0        0        0        0        0        0        0
        0        0        0        0        0        0        0        0        0        0
        0        0        0        0        0        0        0        0        0        0
        0        0        0        0        0        0        0        0        0        0
        0        0        0        0        0        0        0        0        0        0
        0        0        0        0        0        0        0        0        0        0
        0        0        0        0        0        0        0        0        0        0
        0        0        0        0        0        0        0        0        0        0
        0        0        0        0        0        0        0        0        0        0
        0        0        0        0        0        0        0        0        0        0
        0        0        0        0        0        0        0        0        0        0
        0        0        0        0        0        0        0        0        0        0
        0        0        0        0        0        0        0        0        0        0
        0        0        0        0        0        0        0        0        0        0
        0        0        0        0        0        0        0        0        0        0
        0        0        0        0        0        0        0        0        0        0
        0        0        0        0        0        0        0        0        0        0
        0        0        0        0        0        0        0        0        0        0
        0        0        0        0        0        0        0        0        0        0
        0        0        0        0        0        0        0        0        0        0
        0        0        0        0        0        0        0        0        0        0
        0        0        0        0        0        0        0        0        0        0
        0        0        0        0        0        0        0        0        0        0
        0        0        0        0        0        0        0        0        0        0
        0        0        0        0        0        0        0        0        0        0
        0        0        0        0        0        0        0        0        0        0
        0        0        0        0        0        0        0        0        0        0
        0        0        0        0        0        0        0        0        0        0
        0        0        0        0        0        0        0        0        0        0
        0        0        0        0        0        0        0        0        0        0
        0        0        0        0        0        0        0        0        0        0
        0        0        0        0        0        0        0        0        0        0
        0        0        0        0        0        0        0        0        0        0
        0        0        0        0        0        0        0        0        0        0
        0        0        0        0        0        0        0        0        0        0
        0        0        0        0        0        0        0        0        0        0
        0        0        0        0        0        0        0        0        0        0
        0        0        0        0        0        0        0        0        0        0
        0        0        0        0        0        0        0        0        0        0
        0        0        0        0        0        0        0        0        0        0
        0        0        0        0        0        0        0        0        0        0
        0        0        0        0        0        0        0        0        0        0
        0        0        0        0        0        0        0        0        0        0
        0        0        0        0        0        0        0        0        0        0
        0        0        0        0        0        0        0        0        0        0
        0        0        0        0        0        0        0        0        0        0
        0        0        0        0        0        0        0        0        0        0
      inf   0.6064   0.4551   0.4045   0.3793   0.3641   0.3540   0.3468   0.3413   0.3372
      inf   0.6112   0.4585   0.4073   0.3821   0.3668   0.3566   0.3493   0.3438   0.3397
      inf   0.6144   0.4612   0.4099   0.3844   0.3691   0.3589   0.3516   0.3460   0.3418
      inf   0.6193   0.4642   0.4127   0.3869   0.3715   0.3611   0.3538   0.3482   0.3439
      inf   0.6235   0.4674   0.4156   0.3896   0.3741   0.3635   0.3562   0.3507   0.3463
      inf   0.6268   0.4703   0.4181   0.3920   0.3765   0.3660   0.3585   0.3530   0.3487
      inf   0.6314   0.4736   0.4210   0.3947   0.3789   0.3684   0.3609   0.3551   0.3507
      inf   0.6349   0.4762   0.4233   0.3967   0.3810   0.3703   0.3628   0.3572   0.3527
      inf   0.6388   0.4792   0.4261   0.3994   0.3835   0.3727   0.3652   0.3595   0.3551
      inf   0.6425   0.4818   0.4282   0.4014   0.3855   0.3749   0.3672   0.3615   0.3571
      inf   0.6467   0.4847   0.4307   0.4039   0.3878   0.3770   0.3693   0.3635   0.3590
      inf   0.6508   0.4877   0.4336   0.4064   0.3902   0.3794   0.3716   0.3658   0.3613
      inf   0.6539   0.4902   0.4355   0.4083   0.3920   0.3812   0.3735   0.3677   0.3631
      inf   0.6574   0.4929   0.4380   0.4108   0.3943   0.3835   0.3756   0.3697   0.3652
      inf   0.6612   0.4956   0.4408   0.4132   0.3967   0.3857   0.3779   0.3720   0.3673
      inf   0.6652   0.4987   0.4433   0.4156   0.3989   0.3879   0.3799   0.3740   0.3694
      inf   0.6680   0.5011   0.4455   0.4177   0.4010   0.3898   0.3818   0.3758   0.3712
      inf   0.6719   0.5038   0.4480   0.4200   0.4032   0.3920   0.3840   0.3780   0.3734
      inf   0.6749   0.5064   0.4502   0.4221   0.4053   0.3940   0.3861   0.3800   0.3753
      inf   0.6789   0.5094   0.4528   0.4245   0.4075   0.3962   0.3881   0.3820   0.3773
      inf   0.6825   0.5119   0.4551   0.4264   0.4095   0.3981   0.3900   0.3839   0.3792
      inf   0.6859   0.5148   0.4575   0.4289   0.4117   0.4003   0.3922   0.3860   0.3813
      inf   0.6891   0.5171   0.4596   0.4309   0.4136   0.4021   0.3940   0.3878   0.3830
      inf   0.6926   0.5196   0.4620   0.4330   0.4156   0.4040   0.3958   0.3896   0.3848
      inf   0.6962   0.5223   0.4643   0.4352   0.4178   0.4062   0.3979   0.3917   0.3868
      inf   0.6997   0.5247   0.4664   0.4373   0.4198   0.4082   0.3998   0.3936   0.3887
      inf   0.7024   0.5270   0.4685   0.4391   0.4216   0.4099   0.4015   0.3953   0.3904
      inf   0.7057   0.5294   0.4707   0.4413   0.4237   0.4119   0.4035   0.3972   0.3923
      inf   0.7092   0.5318   0.4729   0.4434   0.4257   0.4139   0.4055   0.3991   0.3942
      inf   0.7121   0.5343   0.4750   0.4453   0.4275   0.4157   0.4072   0.4008   0.3959

