   1.0000
   2.4000

  -1.5032  -1.6192  -1.7080  -1.7804  -1.8238  -1.8531  -1.8736  -1.8891  -1.9011  -1.9109  -1.9190  -1.9256  -1.9309  -1.9356  -1.9398  -1.9434  -1.9463  -1.9491  -1.9516  -1.9539  -1.9559  -1.9578  -1.9596  -1.9612  -1.9627  -1.9641  -1.9653  -1.9664  -1.9674  -1.9684  -1.9694  -1.9703  -1.9711  -1.9719  -1.9727  -1.9734  -1.9738  -1.9745  -1.9751  -1.9756  -1.9761  -1.9766  -1.9771  -1.9776  -1.9780  -1.9785  -1.9788  -1.9792  -1.9796  -1.9800  -1.9802  -1.9806  -1.9809  -1.9812  -1.9815  -1.9818  -1.9821  -1.9824  -1.9826  -1.9829  -1.9832  -1.9834  -1.9836  -1.9838  -1.9839  -1.9841  -1.9843  -1.9845  -1.9847  -1.9849  -1.9851  -1.9853  -1.9854  -1.9856  -1.9858  -1.9859  -1.9861  -1.9863  -1.9864  -1.9865  -1.9867  -1.9868  -1.9869  -1.9870  -1.9872  -1.9873  -1.9874  -1.9874  -1.9875  -1.9876  -1.9877  -1.9879  -1.9880  -1.9881  -1.9882  -1.9883  -1.9883  -1.9884  -1.9885  -1.9886
  -1.0265  -1.0922  -1.1852  -1.2087  -1.1997  -1.1747  -1.1536  -1.1544  -1.1443  -1.1626  -1.1951  -1.2024  -1.2026  -1.2044  -1.2026  -1.1964  -1.1903  -1.1860  -1.1799  -1.1810  -1.1813  -1.1825  -1.1821  -1.1849  -1.1923  -1.1980  -1.1990  -1.2013  -1.2031  -1.2051  -1.2060  -1.2049  -1.2035  -1.1999  -1.1999  -1.2019  -1.2017  -1.2003  -1.2023  -1.2025  -1.2013  -1.2004  -1.1980  -1.1960  -1.1959  -1.1956  -1.1951  -1.1928  -1.1921  -1.1943  -1.1942  -1.1945  -1.1937  -1.1929  -1.1922  -1.1904  -1.1888  -1.1871  -1.1862  -1.1844  -1.1853  -1.1861  -1.1872  -1.1889  -1.1906  -1.1900  -1.1912  -1.1918  -1.1925  -1.1927  -1.1946  -1.1948  -1.1957  -1.1966  -1.1961  -1.1956  -1.1950  -1.1943  -1.1945  -1.1937  -1.1920  -1.1916  -1.1918  -1.1918  -1.1921  -1.1923  -1.1925  -1.1944  -1.1963  -1.1974  -1.1985  -1.1987  -1.1993  -1.1992  -1.1984  -1.1982  -1.1979  -1.1985  -1.1985  -1.1985

  -0.0708  -0.2564  -0.4558  -0.5917  -0.6732  -0.7277  -0.7665  -0.7956  -0.8182  -0.8364  -0.8512  -0.8636  -0.8740  -0.8829  -0.8907  -0.8975  -0.9034  -0.9087  -0.9135  -0.9178  -0.9217  -0.9252  -0.9284  -0.9314  -0.9341  -0.9367  -0.9390  -0.9411  -0.9431  -0.9450  -0.9467  -0.9484  -0.9499  -0.9514  -0.9528  -0.9541  -0.9552  -0.9564  -0.9575  -0.9586  -0.9595  -0.9605  -0.9614  -0.9623  -0.9631  -0.9639  -0.9646  -0.9653  -0.9660  -0.9667  -0.9673  -0.9680  -0.9685  -0.9691  -0.9697  -0.9702  -0.9707  -0.9712  -0.9717  -0.9722  -0.9726  -0.9730  -0.9735  -0.9739  -0.9742  -0.9746  -0.9750  -0.9753  -0.9757  -0.9760  -0.9764  -0.9767  -0.9770  -0.9773  -0.9776  -0.9779  -0.9782  -0.9784  -0.9787  -0.9790  -0.9792  -0.9794  -0.9797  -0.9799  -0.9801  -0.9804  -0.9806  -0.9808  -0.9810  -0.9812  -0.9814  -0.9816  -0.9818  -0.9820  -0.9822  -0.9823  -0.9825  -0.9827  -0.9828  -0.9830
   0.0719   0.1804   0.2861   0.3502   0.3673   0.3415   0.2714   0.1941   0.1398   0.0645  -0.0155  -0.0686  -0.1032  -0.1133  -0.1270  -0.1377  -0.1442  -0.1461  -0.1522  -0.1623  -0.1764  -0.1928  -0.2072  -0.2239  -0.2437  -0.2609  -0.2718  -0.2826  -0.2925  -0.2981  -0.3044  -0.3031  -0.3057  -0.3047  -0.3093  -0.3154  -0.3181  -0.3197  -0.3212  -0.3246  -0.3258  -0.3261  -0.3203  -0.3160  -0.3181  -0.3226  -0.3240  -0.3220  -0.3235  -0.3293  -0.3316  -0.3332  -0.3318  -0.3354  -0.3359  -0.3307  -0.3288  -0.3258  -0.3196  -0.3138  -0.3038  -0.2896  -0.2796  -0.2663  -0.2519  -0.2399  -0.2275  -0.2170  -0.2074  -0.1963  -0.1839  -0.1732  -0.1621  -0.1517  -0.1450  -0.1392  -0.1375  -0.1367  -0.1325  -0.1330  -0.1305  -0.1322  -0.1342  -0.1368  -0.1415  -0.1457  -0.1496  -0.1554  -0.1614  -0.1657  -0.1691  -0.1699  -0.1732  -0.1751  -0.1740  -0.1749  -0.1743  -0.1720  -0.1677  -0.1616

   0.1456   0.2938   0.4808   0.6104   0.6882   0.7402   0.7772   0.8049   0.8265   0.8439   0.8580   0.8698   0.8797   0.8883   0.8957   0.9022   0.9078   0.9129   0.9174   0.9215   0.9252   0.9286   0.9317   0.9345   0.9371   0.9395   0.9417   0.9438   0.9457   0.9475   0.9492   0.9507   0.9522   0.9536   0.9549   0.9562   0.9573   0.9584   0.9594   0.9604   0.9614   0.9623   0.9631   0.9640   0.9648   0.9655   0.9662   0.9669   0.9676   0.9682   0.9688   0.9694   0.9700   0.9705   0.9710   0.9715   0.9720   0.9725   0.9730   0.9734   0.9738   0.9742   0.9746   0.9750   0.9754   0.9757   0.9761   0.9764   0.9768   0.9771   0.9774   0.9777   0.9780   0.9783   0.9786   0.9789   0.9791   0.9794   0.9796   0.9799   0.9801   0.9804   0.9806   0.9808   0.9810   0.9812   0.9814   0.9816   0.9818   0.9820   0.9822   0.9824   0.9826   0.9828   0.9829   0.9831   0.9833   0.9834   0.9836   0.9838
   0.0813   0.1851   0.2893   0.3526   0.3692   0.3430   0.3166   0.3204   0.3175   0.3472   0.3897   0.4117   0.4198   0.4073   0.4014   0.3949   0.3864   0.3748   0.3688   0.3681   0.3725   0.3799   0.3862   0.3955   0.4083   0.4192   0.4242   0.4296   0.4344   0.4353   0.4372   0.4318   0.4305   0.4258   0.4269   0.4297   0.4294   0.4280   0.4268   0.4275   0.4262   0.4241   0.4167   0.4102   0.4102   0.4127   0.4122   0.4084   0.4081   0.4122   0.4128   0.4129   0.4100   0.4121   0.4113   0.4061   0.4029   0.3988   0.3933   0.3876   0.3861   0.3892   0.3884   0.3913   0.3955   0.3978   0.4006   0.4018   0.4025   0.4049   0.4088   0.4113   0.4144   0.4170   0.4161   0.4145   0.4099   0.4059   0.4032   0.4006   0.3971   0.3956   0.3944   0.3939   0.3956   0.3969   0.3979   0.4008   0.4040   0.4057   0.4065   0.4046   0.4055   0.4049   0.4017   0.4002   0.3973   0.3940   0.3926   0.3931

   32.8803   22.0240   21.5877   22.4861   20.9979   19.2239   17.4855   15.9719   14.6648   13.5423   12.5734   11.7184   10.9572   10.2909    9.7037    9.1767    8.6925    8.2651    7.8752    7.5233    7.1989    6.9021    6.6296    6.3794    6.1458    5.9286    5.7244    5.5345    5.3553    5.1902    5.0339    4.8869    4.7480    4.6173    4.4938    4.3764    4.2629    4.1575    4.0569    3.9607    3.8685    3.7810    3.6975    3.6172    3.5411    3.4678    3.3971    3.3298    3.2648    3.2026    3.1422    3.0843    3.0287    2.9750    2.9231    2.8732    2.8247    2.7781    2.7330    2.6893    2.6470    2.6057    2.5660    2.5274    2.4893    2.4529    2.4176    2.3835    2.3503    2.3179    2.2865    2.2559    2.2259    2.1969    2.1687    2.1412    2.1143    2.0881    2.0626    2.0378    2.0135    1.9897    1.9665    1.9439    1.9218    1.9001    1.8789    1.8584    1.8385    1.8187    1.7993    1.7804    1.7618    1.7437    1.7259    1.7084    1.6914    1.6747    1.6583    1.6422
    2.7693    2.0227    2.9035    2.5686    2.1449    2.0788    2.0058    1.7947    1.7212    1.8601    2.4710    2.3896    2.2309    2.0972    1.9786    1.9426    1.9241    1.8754    1.8639    1.7960    1.7597    1.7217    1.6781    1.6503    1.7008    1.7188    1.6708    1.6399    1.6032    1.5782    1.5484    1.5098    1.4877    1.4824    1.4596    1.4390    1.4133    1.3906    1.3857    1.3646    1.3476    1.3319    1.3260    1.3171    1.2942    1.2755    1.2642    1.2733    1.2685    1.2979    1.2814    1.2660    1.2513    1.2378    1.2248    1.2232    1.2206    1.2200    1.2072    1.2108    1.2027    1.1954    1.1861    1.1895    1.1915    1.1817    1.1737    1.1620    1.1579    1.1474    1.1618    1.1528    1.1515    1.1465    1.1385    1.1334    1.1274    1.1231    1.1122    1.1057    1.1124    1.1134    1.1074    1.0985    1.0933    1.0843    1.0752    1.0905    1.1070    1.1057    1.1072    1.1002    1.0955    1.0927    1.0936    1.0874    1.0818    1.0785    1.0716    1.0632

    9.1810   20.5697   47.5934   57.8568   56.9163   53.3624   49.3469   45.5511   42.1314   39.1037   36.4339   34.0687   31.9675   30.0998   28.4320   26.9321   25.5721   24.3444   23.2257   22.2051   21.2677   20.4056   19.6103   18.8749   18.1913   17.5550   16.9602   16.4046   15.8830   15.3951   14.9354   14.5024   14.0934   13.7071   13.3415   12.9946   12.6634   12.3506   12.0523   11.7681   11.4965   11.2375   10.9900   10.7528   10.5262   10.3086   10.0992    9.8989    9.7060    9.5208    9.3420    9.1701    9.0045    8.8446    8.6904    8.5416    8.3975    8.2584    8.1239    7.9936    7.8675    7.7450    7.6265    7.5115    7.3992    7.2907    7.1856    7.0835    6.9843    6.8877    6.7938    6.7024    6.6132    6.5266    6.4422    6.3601    6.2798    6.2017    6.1255    6.0509    5.9783    5.9073    5.8380    5.7704    5.7042    5.6396    5.5764    5.5145    5.4540    5.3948    5.3371    5.2805    5.2251    5.1708    5.1177    5.0656    5.0145    4.9645    4.9155    4.8675
    0.7300    4.1734    7.9948    8.5422    7.2651    6.8221   11.0295   16.6715   18.8651   25.8821   34.1983   36.6395   36.3179   33.9865   32.1990   30.5389   28.9406   27.3892   26.1298   25.1639   24.7029   24.5363   24.2600   24.3681   24.9655   25.2522   24.8627   24.5121   24.1364   23.5237   23.0828   22.3888   21.8161   21.2008   20.7533   20.3981   19.9097   19.4376   18.9822   18.6054   18.1718   17.7579   17.6072   17.3797   17.0526   16.8499   16.5890   16.3409   16.0579   16.1294   15.8674   15.6104   15.3416   15.1883   14.9360   14.9745   14.7803   14.6543   14.7996   14.8872   15.7127   17.5547   18.3155   19.8951   21.8030   23.0551   24.4065   25.2708   25.9816   27.0474   28.4538   29.4397   30.5299   31.4491   31.5923   31.6218   31.2587   30.8815   30.7324   30.3936   30.1371   29.8470   29.5564   29.3189   29.2919   29.2171   29.1167   29.2766   29.4758   29.4379   29.2978   28.9971   28.8654   28.6501   28.3907   28.1116   27.8375   27.6410   27.6831   28.0278

    2.7012   12.3324   38.2441   48.8568   48.7623   46.0362   42.7432   39.5600   36.6587   34.0721   31.7805   29.7429   27.9276   26.3112   24.8656   23.5637   22.3815   21.3138   20.3399   19.4510   18.6340   17.8822   17.1884   16.5467   15.9498   15.3940   14.8743   14.3886   13.9326   13.5060   13.1040   12.7251   12.3673   12.0293   11.7092   11.4056   11.1155   10.8416   10.5804   10.3314   10.0935    9.8666    9.6497    9.4418    9.2432    9.0525    8.8690    8.6934    8.5243    8.3620    8.2052    8.0544    7.9092    7.7690    7.6337    7.5032    7.3768    7.2549    7.1368    7.0226    6.9119    6.8045    6.7005    6.5996    6.5010    6.4058    6.3135    6.2240    6.1369    6.0522    5.9698    5.8895    5.8113    5.7352    5.6612    5.5890    5.5186    5.4500    5.3831    5.3177    5.2539    5.1915    5.1307    5.0714    5.0133    4.9565    4.9010    4.8467    4.7935    4.7416    4.6909    4.6412    4.5925    4.5449    4.4982    4.4525    4.4076    4.3637    4.3207    4.2785
    0.4891    3.8860    7.6932    8.2659    7.0335    6.6426    6.5968    5.8413    5.3176    6.4870    8.9313    9.1799    8.7179    8.4762    8.0296    7.7028    7.5290    7.5381    7.3178    6.9677    6.7705    6.6782    6.5603    6.6620    7.0730    7.3066    7.1788    7.0636    6.9398    6.7511    6.6719    6.6336    6.5114    6.4603    6.3219    6.1997    6.0491    5.9392    5.8233    5.7055    5.5880    5.5045    5.7675    5.9756    5.8716    5.8061    5.7668    5.8284    5.7433    5.8825    5.7829    5.6965    5.6707    5.6242    5.5495    5.7112    5.7422    5.8306    6.0371    6.2627    6.2552    6.2825    6.1966    6.1960    6.3043    6.2748    6.2790    6.2081    6.1537    6.1423    6.2428    6.2432    6.2914    6.3021    6.2385    6.2114    6.4026    6.5376    6.5602    6.5948    6.6877    6.6724    6.6308    6.5766    6.5471    6.5048    6.4644    6.5225    6.6061    6.5854    6.5297    6.5179    6.4635    6.4362    6.5477    6.5183    6.5919    6.7058    6.6813    6.6304

   1.2820e+03   1.9100e+03   2.2020e+03   2.2080e+03   2.2140e+03   2.2140e+03   2.2240e+03   2.2320e+03   2.2380e+03   2.2480e+03   2.2500e+03   2.2580e+03   2.2740e+03   2.2800e+03   2.2820e+03   2.2860e+03   2.2950e+03   2.3030e+03   2.3070e+03   2.3120e+03   2.3200e+03   2.3280e+03   2.3360e+03   2.3380e+03   2.3420e+03   2.3460e+03   2.3560e+03   2.3640e+03   2.3780e+03   2.3810e+03   2.3880e+03   2.3960e+03   2.4040e+03   2.4090e+03   2.4120e+03   2.4200e+03   2.4360e+03   2.4380e+03   2.4480e+03   2.4560e+03   2.4640e+03   2.4700e+03   2.4760e+03   2.4800e+03   2.4820e+03   2.4920e+03   2.5000e+03   2.5060e+03   2.5120e+03   2.5160e+03   2.5280e+03   2.5320e+03   2.5360e+03   2.5460e+03   2.5560e+03   2.5600e+03   2.5680e+03   2.5720e+03   2.5770e+03   2.5800e+03   2.5820e+03   2.5900e+03   2.5940e+03   2.5990e+03   2.6140e+03   2.6200e+03   2.6280e+03   2.6300e+03   2.6340e+03   2.6380e+03   2.6440e+03   2.6500e+03   2.6620e+03   2.6720e+03   2.6740e+03   2.6760e+03   2.6850e+03   2.6880e+03   2.6940e+03   2.7020e+03   2.7080e+03   2.7140e+03   2.7180e+03   2.7220e+03   2.7320e+03   2.7400e+03   2.7440e+03   2.7530e+03   2.7700e+03   2.7800e+03   2.7840e+03   2.7900e+03   2.7960e+03   2.8040e+03   2.8090e+03   2.8160e+03   2.8260e+03   2.8340e+03   2.8420e+03   2.8460e+03
   3.5520e+03   6.4920e+03   8.7050e+03   1.1255e+04   1.4350e+04   1.7780e+04   2.1194e+04   2.4209e+04   2.7588e+04   2.9944e+04   3.1615e+04   3.4119e+04   3.6831e+04   3.9542e+04   4.2520e+04   4.5634e+04   4.8861e+04   5.2074e+04   5.5385e+04   5.8184e+04   6.1054e+04   6.3838e+04   6.6750e+04   6.9316e+04   7.1543e+04   7.3901e+04   7.6648e+04   7.9271e+04   8.1913e+04   8.4560e+04   8.7311e+04   9.0340e+04   9.3420e+04   9.6652e+04   9.9503e+04   1.0203e+05   1.0482e+05   1.0788e+05   1.1044e+05   1.1324e+05   1.1626e+05   1.1918e+05   1.2244e+05   1.2562e+05   1.2860e+05   1.3137e+05   1.3432e+05   1.3755e+05   1.4052e+05   1.4301e+05   1.4593e+05   1.4870e+05   1.5169e+05   1.5469e+05   1.5766e+05   1.6089e+05   1.6416e+05   1.6735e+05   1.7039e+05   1.7367e+05   1.7644e+05   1.7914e+05   1.8176e+05   1.8426e+05   1.8663e+05   1.8958e+05   1.9210e+05   1.9470e+05   1.9740e+05   2.0027e+05   2.0265e+05   2.0548e+05   2.0810e+05   2.1070e+05   2.1376e+05   2.1674e+05   2.1975e+05   2.2285e+05   2.2565e+05   2.2864e+05   2.3195e+05   2.3492e+05   2.3774e+05   2.4062e+05   2.4338e+05   2.4606e+05   2.4883e+05   2.5113e+05   2.5337e+05   2.5582e+05   2.5829e+05   2.6110e+05   2.6361e+05   2.6661e+05   2.6971e+05   2.7262e+05   2.7559e+05   2.7819e+05   2.8106e+05   2.8379e+05

