   2.0000
   2.0050
   2.0100
   2.0150
   2.0200
   2.0250
   2.0300
   2.0350
   2.0400
   2.0450
   2.0500
   2.0550
   2.0600
   2.0650
   2.0700
   2.0750
   2.0800
   2.0850
   2.0900
   2.0950
   2.1000
   2.1050
   2.1100
   2.1150
   2.1200
   2.1250
   2.1300
   2.1350
   2.1400
   2.1450
   2.1500
   2.1550
   2.1600
   2.1650
   2.1700
   2.1750
   2.1800
   2.1850
   2.1900
   2.1950
   2.2000
   2.2050
   2.2100
   2.2150
   2.2200
   2.2250
   2.2300
   2.2350
   2.2400
   2.2450
   2.2500
   2.2550
   2.2600
   2.2650
   2.2700
   2.2750
   2.2800
   2.2850
   2.2900
   2.2950
   2.3000
   2.3050
   2.3100
   2.3150
   2.3200
   2.3250
   2.3300
   2.3350
   2.3400
   2.3450
   2.3500
   2.3550
   2.3600
   2.3650
   2.3700
   2.3750
   2.3800
   2.3850
   2.3900
   2.3950
   2.4000
   2.4050
   2.4100
   2.4150
   2.4200
   2.4250
   2.4300
   2.4350
   2.4400
   2.4450
   2.4500
   2.4550
   2.4600
   2.4650
   2.4700
   2.4750
   2.4800
   2.4850
   2.4900
   2.4950
   2.5000
   2.5050
   2.5100
   2.5150
   2.5200
   2.5250
   2.5300
   2.5350
   2.5400
   2.5450
   2.5500
   2.5550
   2.5600
   2.5650
   2.5700
   2.5750
   2.5800
   2.5850
   2.5900
   2.5950

        0        0        0        0        0        0        0        0        0        0
        0        0        0        0        0        0        0        0        0        0
        0        0        0        0        0        0        0        0        0        0
        0        0        0        0        0        0        0        0        0        0
        0        0        0        0        0        0        0        0        0        0
        0        0        0        0        0        0        0        0        0        0
        0        0        0        0        0        0        0        0        0        0
        0        0        0        0        0        0        0        0        0        0
        0        0        0        0        0        0        0        0        0        0
        0        0        0        0        0        0        0        0        0        0
        0        0        0        0        0        0        0        0        0        0
        0        0        0        0        0        0        0        0        0        0
        0        0        0        0        0        0        0        0        0        0
        0        0        0        0        0        0        0        0        0        0
        0        0        0        0        0        0        0        0        0        0
        0        0        0        0        0        0        0        0        0        0
        0        0        0        0        0        0        0        0        0        0
        0        0        0        0        0        0        0        0        0        0
        0        0        0        0        0        0        0        0        0        0
        0        0        0        0        0        0        0        0        0        0
        0        0        0        0        0        0        0        0        0        0
        0        0        0        0        0        0        0        0        0        0
        0        0        0        0        0        0        0        0        0        0
        0        0        0        0        0        0        0        0        0        0
        0        0        0        0        0        0        0        0        0        0
        0        0        0        0        0        0        0        0        0        0
        0        0        0        0        0        0        0        0        0        0
        0        0        0        0        0        0        0        0        0        0
        0        0        0        0        0        0        0        0        0        0
        0        0        0        0        0        0        0        0        0        0
     -inf  -4.0000  -3.0000  -2.6667  -2.5000  -2.3990  -2.3317  -2.2836  -2.2475  -2.2194
     -inf  -4.0000  -3.0000  -2.6667  -2.5000  -2.4000  -2.3333  -2.2857  -2.2500  -2.2222
     -inf  -4.0000  -3.0000  -2.6667  -2.5000  -2.4000  -2.3333  -2.2857  -2.2500  -2.2222
     -inf  -4.0000  -3.0000  -2.6667  -2.5000  -2.4000  -2.3333  -2.2857  -2.2500  -2.2222
     -inf  -3.9900  -2.9925  -2.6600  -2.4937  -2.3940  -2.3275  -2.2800  -2.2444  -2.2167
     -inf  -4.0000  -3.0000  -2.6667  -2.5000  -2.4000  -2.3333  -2.2857  -2.2500  -2.2222
     -inf  -4.0000  -3.0000  -2.6667  -2.5000  -2.4000  -2.3333  -2.2857  -2.2500  -2.2222
     -inf  -4.0000  -3.0000  -2.6667  -2.5000  -2.4000  -2.3333  -2.2857  -2.2500  -2.2222
     -inf  -4.0000  -3.0000  -2.6650  -2.4975  -2.3970  -2.3300  -2.2821  -2.2462  -2.2183
     -inf  -4.0000  -3.0000  -2.6650  -2.4975  -2.3970  -2.3300  -2.2821  -2.2462  -2.2183
     -inf  -4.0000  -3.0000  -2.6667  -2.5000  -2.4000  -2.3333  -2.2857  -2.2500  -2.2222
     -inf  -4.0000  -3.0000  -2.6667  -2.5000  -2.4000  -2.3333  -2.2857  -2.2500  -2.2222
     -inf  -4.0000  -3.0000  -2.6667  -2.5000  -2.4000  -2.3333  -2.2857  -2.2500  -2.2222
     -inf  -4.0000  -3.0000  -2.6667  -2.5000  -2.4000  -2.3325  -2.2843  -2.2481  -2.2200
     -inf  -4.0000  -3.0000  -2.6667  -2.5000  -2.4000  -2.3333  -2.2857  -2.2500  -2.2222
     -inf  -4.0000  -3.0000  -2.6667  -2.5000  -2.4000  -2.3333  -2.2857  -2.2500  -2.2222
     -inf  -4.0000  -3.0000  -2.6667  -2.5000  -2.4000  -2.3333  -2.2857  -2.2500  -2.2222
     -inf  -3.9950  -2.9950  -2.6617  -2.4950  -2.3950  -2.3283  -2.2807  -2.2450  -2.2172
     -inf  -4.0000  -3.0000  -2.6667  -2.5000  -2.4000  -2.3333  -2.2857  -2.2500  -2.2222
     -inf  -4.0000  -3.0000  -2.6667  -2.5000  -2.4000  -2.3333  -2.2857  -2.2500  -2.2222
     -inf  -4.0000  -3.0000  -2.6667  -2.5000  -2.4000  -2.3333  -2.2857  -2.2500  -2.2222
     -inf  -4.0000  -3.0000  -2.6667  -2.5000  -2.4000  -2.3333  -2.2857  -2.2500  -2.2222
     -inf  -4.0000  -3.0000  -2.6667  -2.5000  -2.4000  -2.3333  -2.2857  -2.2500  -2.2222
     -inf  -4.0000  -3.0000  -2.6667  -2.5000  -2.4000  -2.3333  -2.2857  -2.2500  -2.2222
     -inf  -4.0000  -3.0000  -2.6667  -2.5000  -2.4000  -2.3333  -2.2857  -2.2500  -2.2222
     -inf  -4.0000  -3.0000  -2.6667  -2.5000  -2.4000  -2.3333  -2.2857  -2.2500  -2.2222
     -inf  -4.0000  -3.0000  -2.6667  -2.5000  -2.4000  -2.3333  -2.2857  -2.2500  -2.2222
     -inf  -4.0000  -3.0000  -2.6667  -2.5000  -2.4000  -2.3333  -2.2857  -2.2500  -2.2222
     -inf  -4.0000  -3.0000  -2.6667  -2.5000  -2.4000  -2.3333  -2.2857  -2.2500  -2.2222
        0        0        0        0        0        0        0        0        0        0
        0        0        0        0        0        0        0        0        0        0
        0        0        0        0        0        0        0        0        0        0
        0        0        0        0        0        0        0        0        0        0
        0        0        0        0        0        0        0        0        0        0
        0        0        0        0        0        0        0        0        0        0
        0        0        0        0        0        0        0        0        0        0
        0        0        0        0        0        0        0        0        0        0
        0        0        0        0        0        0        0        0        0        0
        0        0        0        0        0        0        0        0        0        0
        0        0        0        0        0        0        0        0        0        0
        0        0        0        0        0        0        0        0        0        0
        0        0        0        0        0        0        0        0        0        0
        0        0        0        0        0        0        0        0        0        0
        0        0        0        0        0        0        0        0        0        0
        0        0        0        0        0        0        0        0        0        0
        0        0        0        0        0        0        0        0        0        0
        0        0        0        0        0        0        0        0        0        0
        0        0        0        0        0        0        0        0        0        0
        0        0        0        0        0        0        0        0        0        0
        0        0        0        0        0        0        0        0        0        0
        0        0        0        0        0        0        0        0        0        0
        0        0        0        0        0        0        0        0        0        0
        0        0        0        0        0        0        0        0        0        0
        0        0        0        0        0        0        0        0        0        0
        0        0        0        0        0        0        0        0        0        0
        0        0        0        0        0        0        0        0        0        0
        0        0        0        0        0        0        0        0        0        0
        0        0        0        0        0        0        0        0        0        0
        0        0        0        0        0        0        0        0        0        0
        0        0        0        0        0        0        0        0        0        0
        0        0        0        0        0        0        0        0        0        0
        0        0        0        0        0        0        0        0        0        0
        0        0        0        0        0        0        0        0        0        0
        0        0        0        0        0        0        0        0        0        0
        0        0        0        0        0        0        0        0        0        0
        0        0        0        0        0        0        0        0        0        0
        0        0        0        0        0        0        0        0        0        0
        0        0        0        0        0        0        0        0        0        0
        0        0        0        0        0        0        0        0        0        0
        0        0        0        0        0        0        0        0        0        0
        0        0        0        0        0        0        0        0        0        0
        0        0        0        0        0        0        0        0        0        0
        0        0        0        0        0        0        0        0        0        0
        0        0        0        0        0        0        0        0        0        0
        0        0        0        0        0        0        0        0        0        0
        0        0        0        0        0        0        0        0        0        0
        0        0        0        0        0        0        0        0        0        0
        0        0        0        0        0        0        0        0        0        0
        0        0        0        0        0        0        0        0        0        0
        0        0        0        0        0        0        0        0        0        0
        0        0        0        0        0        0        0        0        0        0
        0        0        0        0        0        0        0        0        0        0
        0        0        0        0        0        0        0        0        0        0
        0        0        0        0        0        0        0        0        0        0
        0        0        0        0        0        0        0        0        0        0
        0        0        0        0        0        0        0        0        0        0
        0        0        0        0        0        0        0        0        0        0
        0        0        0        0        0        0        0        0        0        0
        0        0        0        0        0        0        0        0        0        0
        0        0        0        0        0        0        0        0        0        0

        0        0        0        0        0        0        0        0        0        0
        0        0        0        0        0        0        0        0        0        0
        0        0        0        0        0        0        0        0        0        0
        0        0        0        0        0        0        0        0        0        0
        0        0        0        0        0        0        0        0        0        0
        0        0        0        0        0        0        0        0        0        0
        0        0        0        0        0        0        0        0        0        0
        0        0        0        0        0        0        0        0        0        0
        0        0        0        0        0        0        0        0        0        0
        0        0        0        0        0        0        0        0        0        0
        0        0        0        0        0        0        0        0        0        0
        0        0        0        0        0        0        0        0        0        0
        0        0        0        0        0        0        0        0        0        0
        0        0        0        0        0        0        0        0        0        0
        0        0        0        0        0        0        0        0        0        0
        0        0        0        0        0        0        0        0        0        0
        0        0        0        0        0        0        0        0        0        0
        0        0        0        0        0        0        0        0        0        0
        0        0        0        0        0        0        0        0        0        0
        0        0        0        0        0        0        0        0        0        0
        0        0        0        0        0        0        0        0        0        0
        0        0        0        0        0        0        0        0        0        0
        0        0        0        0        0        0        0        0        0        0
        0        0        0        0        0        0        0        0        0        0
        0        0        0        0        0        0        0        0        0        0
        0        0        0        0        0        0        0        0        0        0
        0        0        0        0        0        0        0        0        0        0
        0        0        0        0        0        0        0        0        0        0
        0        0        0        0        0        0        0        0        0        0
        0        0        0        0        0        0        0        0        0        0
      inf   2.0000   1.5000   1.3333   1.2500   1.1997   1.1663   1.1423   1.1244   1.1104
      inf   2.0000   1.5000   1.3333   1.2500   1.2000   1.1667   1.1429   1.1250   1.1111
      inf   2.0000   1.5000   1.3333   1.2500   1.2000   1.1667   1.1429   1.1250   1.1111
      inf   2.0000   1.5000   1.3333   1.2500   1.2000   1.1667   1.1429   1.1250   1.1111
      inf   1.9975   1.4981   1.3317   1.2484   1.1985   1.1652   1.1414   1.1236   1.1097
      inf   2.0000   1.5000   1.3333   1.2500   1.2000   1.1667   1.1429   1.1250   1.1111
      inf   2.0000   1.5000   1.3333   1.2500   1.2000   1.1667   1.1429   1.1250   1.1111
      inf   2.0000   1.5000   1.3333   1.2500   1.2000   1.1667   1.1429   1.1250   1.1111
      inf   2.0000   1.5000   1.3329   1.2494   1.1992   1.1658   1.1420   1.1241   1.1101
      inf   2.0000   1.5000   1.3329   1.2494   1.1992   1.1658   1.1420   1.1241   1.1101
      inf   2.0000   1.5000   1.3333   1.2500   1.2000   1.1667   1.1429   1.1250   1.1111
      inf   2.0000   1.5000   1.3333   1.2500   1.2000   1.1667   1.1429   1.1250   1.1111
      inf   2.0000   1.5000   1.3333   1.2500   1.2000   1.1667   1.1429   1.1250   1.1111
      inf   2.0000   1.5000   1.3333   1.2500   1.2000   1.1665   1.1425   1.1245   1.1106
      inf   2.0000   1.5000   1.3333   1.2500   1.2000   1.1667   1.1429   1.1250   1.1111
      inf   2.0000   1.5000   1.3333   1.2500   1.2000   1.1667   1.1429   1.1250   1.1111
      inf   2.0000   1.5000   1.3333   1.2500   1.2000   1.1667   1.1429   1.1250   1.1111
      inf   1.9988   1.4988   1.3321   1.2488   1.1987   1.1654   1.1416   1.1238   1.1099
      inf   2.0000   1.5000   1.3333   1.2500   1.2000   1.1667   1.1429   1.1250   1.1111
      inf   2.0000   1.5000   1.3333   1.2500   1.2000   1.1667   1.1429   1.1250   1.1111
      inf   2.0000   1.5000   1.3333   1.2500   1.2000   1.1667   1.1429   1.1250   1.1111
      inf   2.0000   1.5000   1.3333   1.2500   1.2000   1.1667   1.1429   1.1250   1.1111
      inf   2.0000   1.5000   1.3333   1.2500   1.2000   1.1667   1.1429   1.1250   1.1111
      inf   2.0000   1.5000   1.3333   1.2500   1.2000   1.1667   1.1429   1.1250   1.1111
      inf   2.0000   1.5000   1.3333   1.2500   1.2000   1.1667   1.1429   1.1250   1.1111
      inf   2.0000   1.5000   1.3333   1.2500   1.2000   1.1667   1.1429   1.1250   1.1111
      inf   2.0000   1.5000   1.3333   1.2500   1.2000   1.1667   1.1429   1.1250   1.1111
      inf   2.0000   1.5000   1.3333   1.2500   1.2000   1.1667   1.1429   1.1250   1.1111
      inf   2.0000   1.5000   1.3333   1.2500   1.2000   1.1667   1.1429   1.1250   1.1111
        0        0        0        0        0        0        0        0        0        0
        0        0        0        0        0        0        0        0        0        0
        0        0        0        0        0        0        0        0        0        0
        0        0        0        0        0        0        0        0        0        0
        0        0        0        0        0        0        0        0        0        0
        0        0        0        0        0        0        0        0        0        0
        0        0        0        0        0        0        0        0        0        0
        0        0        0        0        0        0        0        0        0        0
        0        0        0        0        0        0        0        0        0        0
        0        0        0        0        0        0        0        0        0        0
        0        0        0        0        0        0        0        0        0        0
        0        0        0        0        0        0        0        0        0        0
        0        0        0        0        0        0        0        0        0        0
        0        0        0        0        0        0        0        0        0        0
        0        0        0        0        0        0        0        0        0        0
        0        0        0        0        0        0        0        0        0        0
        0        0        0        0        0        0        0        0        0        0
        0        0        0        0        0        0        0        0        0        0
        0        0        0        0        0        0        0        0        0        0
        0        0        0        0        0        0        0        0        0        0
        0        0        0        0        0        0        0        0        0        0
        0        0        0        0        0        0        0        0        0        0
        0        0        0        0        0        0        0        0        0        0
        0        0        0        0        0        0        0        0        0        0
        0        0        0        0        0        0        0        0        0        0
        0        0        0        0        0        0        0        0        0        0
        0        0        0        0        0        0        0        0        0        0
        0        0        0        0        0        0        0        0        0        0
        0        0        0        0        0        0        0        0        0        0
        0        0        0        0        0        0        0        0        0        0
        0        0        0        0        0        0        0        0        0        0
        0        0        0        0        0        0        0        0        0        0
        0        0        0        0        0        0        0        0        0        0
        0        0        0        0        0        0        0        0        0        0
        0        0        0        0        0        0        0        0        0        0
        0        0        0        0        0        0        0        0        0        0
        0        0        0        0        0        0        0        0        0        0
        0        0        0        0        0        0        0        0        0        0
        0        0        0        0        0        0        0        0        0        0
        0        0        0        0        0        0        0        0        0        0
        0        0        0        0        0        0        0        0        0        0
        0        0        0        0        0        0        0        0        0        0
        0        0        0        0        0        0        0        0        0        0
        0        0        0        0        0        0        0        0        0        0
        0        0        0        0        0        0        0        0        0        0
        0        0        0        0        0        0        0        0        0        0
        0        0        0        0        0        0        0        0        0        0
        0        0        0        0        0        0        0        0        0        0
        0        0        0        0        0        0        0        0        0        0
        0        0        0        0        0        0        0        0        0        0
        0        0        0        0        0        0        0        0        0        0
        0        0        0        0        0        0        0        0        0        0
        0        0        0        0        0        0        0        0        0        0
        0        0        0        0        0        0        0        0        0        0
        0        0        0        0        0        0        0        0        0        0
        0        0        0        0        0        0        0        0        0        0
        0        0        0        0        0        0        0        0        0        0
        0        0        0        0        0        0        0        0        0        0
        0        0        0        0        0        0        0        0        0        0
        0        0        0        0        0        0        0        0        0        0
        0        0        0        0        0        0        0        0        0        0

        0        0        0        0        0        0        0        0        0        0
        0        0        0        0        0        0        0        0        0        0
        0        0        0        0        0        0        0        0        0        0
        0        0        0        0        0        0        0        0        0        0
        0        0        0        0        0        0        0        0        0        0
        0        0        0        0        0        0        0        0        0        0
        0        0        0        0        0        0        0        0        0        0
        0        0        0        0        0        0        0        0        0        0
        0        0        0        0        0        0        0        0        0        0
        0        0        0        0        0        0        0        0        0        0
        0        0        0        0        0        0        0        0        0        0
        0        0        0        0        0        0        0        0        0        0
        0        0        0        0        0        0        0        0        0        0
        0        0        0        0        0        0        0        0        0        0
        0        0        0        0        0        0        0        0        0        0
        0        0        0        0        0        0        0        0        0        0
        0        0        0        0        0        0        0        0        0        0
        0        0        0        0        0        0        0        0        0        0
        0        0        0        0        0        0        0        0        0        0
        0        0        0        0        0        0        0        0        0        0
        0        0        0        0        0        0        0        0        0        0
        0        0        0        0        0        0        0        0        0        0
        0        0        0        0        0        0        0        0        0        0
        0        0        0        0        0        0        0        0        0        0
        0        0        0        0        0        0        0        0        0        0
        0        0        0        0        0        0        0        0        0        0
        0        0        0        0        0        0        0        0        0        0
        0        0        0        0        0        0        0        0        0        0
        0        0        0        0        0        0        0        0        0        0
        0        0        0        0        0        0        0        0        0        0
      inf   2.0000   1.5000   1.3333   1.2500   1.1997   1.1663   1.1423   1.1244   1.1104
      inf   2.0000   1.5000   1.3333   1.2500   1.2000   1.1667   1.1429   1.1250   1.1111
      inf   2.0000   1.5000   1.3333   1.2500   1.2000   1.1667   1.1429   1.1250   1.1111
      inf   2.0000   1.5000   1.3333   1.2500   1.2000   1.1667   1.1429   1.1250   1.1111
      inf   1.9975   1.4981   1.3317   1.2484   1.1985   1.1652   1.1414   1.1236   1.1097
      inf   2.0000   1.5000   1.3333   1.2500   1.2000   1.1667   1.1429   1.1250   1.1111
      inf   2.0000   1.5000   1.3333   1.2500   1.2000   1.1667   1.1429   1.1250   1.1111
      inf   2.0000   1.5000   1.3333   1.2500   1.2000   1.1667   1.1429   1.1250   1.1111
      inf   2.0000   1.5000   1.3329   1.2494   1.1992   1.1658   1.1420   1.1241   1.1101
      inf   2.0000   1.5000   1.3329   1.2494   1.1992   1.1658   1.1420   1.1241   1.1101
      inf   2.0000   1.5000   1.3333   1.2500   1.2000   1.1667   1.1429   1.1250   1.1111
      inf   2.0000   1.5000   1.3333   1.2500   1.2000   1.1667   1.1429   1.1250   1.1111
      inf   2.0000   1.5000   1.3333   1.2500   1.2000   1.1667   1.1429   1.1250   1.1111
      inf   2.0000   1.5000   1.3333   1.2500   1.2000   1.1665   1.1425   1.1245   1.1106
      inf   2.0000   1.5000   1.3333   1.2500   1.2000   1.1667   1.1429   1.1250   1.1111
      inf   2.0000   1.5000   1.3333   1.2500   1.2000   1.1667   1.1429   1.1250   1.1111
      inf   2.0000   1.5000   1.3333   1.2500   1.2000   1.1667   1.1429   1.1250   1.1111
      inf   1.9988   1.4988   1.3321   1.2488   1.1987   1.1654   1.1416   1.1238   1.1099
      inf   2.0000   1.5000   1.3333   1.2500   1.2000   1.1667   1.1429   1.1250   1.1111
      inf   2.0000   1.5000   1.3333   1.2500   1.2000   1.1667   1.1429   1.1250   1.1111
      inf   2.0000   1.5000   1.3333   1.2500   1.2000   1.1667   1.1429   1.1250   1.1111
      inf   2.0000   1.5000   1.3333   1.2500   1.2000   1.1667   1.1429   1.1250   1.1111
      inf   2.0000   1.5000   1.3333   1.2500   1.2000   1.1667   1.1429   1.1250   1.1111
      inf   2.0000   1.5000   1.3333   1.2500   1.2000   1.1667   1.1429   1.1250   1.1111
      inf   2.0000   1.5000   1.3333   1.2500   1.2000   1.1667   1.1429   1.1250   1.1111
      inf   2.0000   1.5000   1.3333   1.2500   1.2000   1.1667   1.1429   1.1250   1.1111
      inf   2.0000   1.5000   1.3333   1.2500   1.2000   1.1667   1.1429   1.1250   1.1111
      inf   2.0000   1.5000   1.3333   1.2500   1.2000   1.1667   1.1429   1.1250   1.1111
      inf   2.0000   1.5000   1.3333   1.2500   1.2000   1.1667   1.1429   1.1250   1.1111
        0        0        0        0        0        0        0        0        0        0
        0        0        0        0        0        0        0        0        0        0
        0        0        0        0        0        0        0        0        0        0
        0        0        0        0        0        0        0        0        0        0
        0        0        0        0        0        0        0        0        0        0
        0        0        0        0        0        0        0        0        0        0
        0        0        0        0        0        0        0        0        0        0
        0        0        0        0        0        0        0        0        0        0
        0        0        0        0        0        0        0        0        0        0
        0        0        0        0        0        0        0        0        0        0
        0        0        0        0        0        0        0        0        0        0
        0        0        0        0        0        0        0        0        0        0
        0        0        0        0        0        0        0        0        0        0
        0        0        0        0        0        0        0        0        0        0
        0        0        0        0        0        0        0        0        0        0
        0        0        0        0        0        0        0        0        0        0
        0        0        0        0        0        0        0        0        0        0
        0        0        0        0        0        0        0        0        0        0
        0        0        0        0        0        0        0        0        0        0
        0        0        0        0        0        0        0        0        0        0
        0        0        0        0        0        0        0        0        0        0
        0        0        0        0        0        0        0        0        0        0
        0        0        0        0        0        0        0        0        0        0
        0        0        0        0        0        0        0        0        0        0
        0        0        0        0        0        0        0        0        0        0
        0        0        0        0        0        0        0        0        0        0
        0        0        0        0        0        0        0        0        0        0
        0        0        0        0        0        0        0        0        0        0
        0        0        0        0        0        0        0        0        0        0
        0        0        0        0        0        0        0        0        0        0
        0        0        0        0        0        0        0        0        0        0
        0        0        0        0        0        0        0        0        0        0
        0        0        0        0        0        0        0        0        0        0
        0        0        0        0        0        0        0        0        0        0
        0        0        0        0        0        0        0        0        0        0
        0        0        0        0        0        0        0        0        0        0
        0        0        0        0        0        0        0        0        0        0
        0        0        0        0        0        0        0        0        0        0
        0        0        0        0        0        0        0        0        0        0
        0        0        0        0        0        0        0        0        0        0
        0        0        0        0        0        0        0        0        0        0
        0        0        0        0        0        0        0        0        0        0
        0        0        0        0        0        0        0        0        0        0
        0        0        0        0        0        0        0        0        0        0
        0        0        0        0        0        0        0        0        0        0
        0        0        0        0        0        0        0        0        0        0
        0        0        0        0        0        0        0        0        0        0
        0        0        0        0        0        0        0        0        0        0
        0        0        0        0        0        0        0        0        0        0
        0        0        0        0        0        0        0        0        0        0
        0        0        0        0        0        0        0        0        0        0
        0        0        0        0        0        0        0        0        0        0
        0        0        0        0        0        0        0        0        0        0
        0        0        0        0        0        0        0        0        0        0
        0        0        0        0        0        0        0        0        0        0
        0        0        0        0        0        0        0        0        0        0
        0        0        0        0        0        0        0        0        0        0
        0        0        0        0        0        0        0        0        0        0
        0        0        0        0        0        0        0        0        0        0
        0        0        0        0        0        0        0        0        0        0
        0        0        0        0        0        0        0        0        0        0

            0            0            0            0            0            0            0            0            0            0
            0            0            0            0            0            0            0            0            0            0
            0            0            0            0            0            0            0            0            0            0
            0            0            0            0            0            0            0            0            0            0
            0            0            0            0            0            0            0            0            0            0
            0            0            0            0            0            0            0            0            0            0
            0            0            0            0            0            0            0            0            0            0
            0            0            0            0            0            0            0            0            0            0
            0            0            0            0            0            0            0            0            0            0
            0            0            0            0            0            0            0            0            0            0
            0            0            0            0            0            0            0            0            0            0
            0            0            0            0            0            0            0            0            0            0
            0            0            0            0            0            0            0            0            0            0
            0            0            0            0            0            0            0            0            0            0
            0            0            0            0            0            0            0            0            0            0
            0            0            0            0            0            0            0            0            0            0
            0            0            0            0            0            0            0            0            0            0
            0            0            0            0            0            0            0            0            0            0
            0            0            0            0            0            0            0            0            0            0
            0            0            0            0            0            0            0            0            0            0
            0            0            0            0            0            0            0            0            0            0
            0            0            0            0            0            0            0            0            0            0
            0            0            0            0            0            0            0            0            0            0
            0            0            0            0            0            0            0            0            0            0
            0            0            0            0            0            0            0            0            0            0
            0            0            0            0            0            0            0            0            0            0
            0            0            0            0            0            0            0            0            0            0
            0            0            0            0            0            0            0            0            0            0
            0            0            0            0            0            0            0            0            0            0
            0            0            0            0            0            0            0            0            0            0
          nan  -2.7691e+03  -1.0384e+03  -6.1535e+02  -4.3267e+02  -3.3201e+02  -2.6883e+02  -2.2562e+02  -1.9427e+02  -1.7050e+02
          nan  -2.7562e+03  -1.0336e+03  -6.1250e+02  -4.3066e+02  -3.3075e+02  -2.6797e+02  -2.2500e+02  -1.9380e+02  -1.7014e+02
          nan  -2.7435e+03  -1.0288e+03  -6.0966e+02  -4.2867e+02  -3.2922e+02  -2.6673e+02  -2.2396e+02  -1.9290e+02  -1.6935e+02
          nan  -2.7308e+03  -1.0241e+03  -6.0685e+02  -4.2669e+02  -3.2770e+02  -2.6550e+02  -2.2292e+02  -1.9201e+02  -1.6857e+02
          nan  -2.7047e+03  -1.0143e+03  -6.0104e+02  -4.2261e+02  -3.2456e+02  -2.6296e+02  -2.2079e+02  -1.9017e+02  -1.6696e+02
          nan  -2.7058e+03  -1.0147e+03  -6.0128e+02  -4.2278e+02  -3.2469e+02  -2.6306e+02  -2.2088e+02  -1.9025e+02  -1.6702e+02
          nan  -2.6934e+03  -1.0100e+03  -5.9853e+02  -4.2084e+02  -3.2321e+02  -2.6186e+02  -2.1987e+02  -1.8938e+02  -1.6626e+02
          nan  -2.6811e+03  -1.0054e+03  -5.9579e+02  -4.1892e+02  -3.2173e+02  -2.6066e+02  -2.1886e+02  -1.8851e+02  -1.6550e+02
          nan  -2.6688e+03  -1.0008e+03  -5.9233e+02  -4.1617e+02  -3.1946e+02  -2.5873e+02  -2.1718e+02  -1.8703e+02  -1.6416e+02
          nan  -2.6567e+03  -9.9626e+02  -5.8964e+02  -4.1428e+02  -3.1800e+02  -2.5755e+02  -2.1619e+02  -1.8617e+02  -1.6342e+02
          nan  -2.6446e+03  -9.9174e+02  -5.8770e+02  -4.1322e+02  -3.1736e+02  -2.5712e+02  -2.1589e+02  -1.8595e+02  -1.6325e+02
          nan  -2.6326e+03  -9.8724e+02  -5.8503e+02  -4.1135e+02  -3.1592e+02  -2.5595e+02  -2.1491e+02  -1.8511e+02  -1.6251e+02
          nan  -2.6207e+03  -9.8278e+02  -5.8239e+02  -4.0949e+02  -3.1449e+02  -2.5480e+02  -2.1394e+02  -1.8427e+02  -1.6177e+02
          nan  -2.6089e+03  -9.7835e+02  -5.7976e+02  -4.0765e+02  -3.1307e+02  -2.5346e+02  -2.1271e+02  -1.8313e+02  -1.6072e+02
          nan  -2.5972e+03  -9.7395e+02  -5.7715e+02  -4.0581e+02  -3.1166e+02  -2.5250e+02  -2.1202e+02  -1.8262e+02  -1.6032e+02
          nan  -2.5855e+03  -9.6957e+02  -5.7456e+02  -4.0399e+02  -3.1026e+02  -2.5137e+02  -2.1106e+02  -1.8180e+02  -1.5960e+02
          nan  -2.5740e+03  -9.6523e+02  -5.7199e+02  -4.0218e+02  -3.0887e+02  -2.5025e+02  -2.1012e+02  -1.8098e+02  -1.5889e+02
          nan  -2.5560e+03  -9.5771e+02  -5.6730e+02  -3.9878e+02  -3.0621e+02  -2.4806e+02  -2.0826e+02  -1.7937e+02  -1.5746e+02
          nan  -2.5510e+03  -9.5663e+02  -5.6689e+02  -3.9860e+02  -3.0612e+02  -2.4802e+02  -2.0825e+02  -1.7937e+02  -1.5747e+02
          nan  -2.5397e+03  -9.5238e+02  -5.6437e+02  -3.9682e+02  -3.0476e+02  -2.4691e+02  -2.0732e+02  -1.7857e+02  -1.5677e+02
          nan  -2.5284e+03  -9.4815e+02  -5.6187e+02  -3.9506e+02  -3.0341e+02  -2.4582e+02  -2.0640e+02  -1.7778e+02  -1.5607e+02
          nan  -2.5172e+03  -9.4395e+02  -5.5938e+02  -3.9331e+02  -3.0206e+02  -2.4473e+02  -2.0549e+02  -1.7699e+02  -1.5538e+02
          nan  -2.5061e+03  -9.3978e+02  -5.5690e+02  -3.9157e+02  -3.0073e+02  -2.4365e+02  -2.0458e+02  -1.7621e+02  -1.5470e+02
          nan  -2.4950e+03  -9.3563e+02  -5.5445e+02  -3.8985e+02  -2.9940e+02  -2.4257e+02  -2.0367e+02  -1.7543e+02  -1.5401e+02
          nan  -2.4840e+03  -9.3151e+02  -5.5201e+02  -3.8813e+02  -2.9808e+02  -2.4150e+02  -2.0278e+02  -1.7466e+02  -1.5334e+02
          nan  -2.4731e+03  -9.2742e+02  -5.4958e+02  -3.8643e+02  -2.9678e+02  -2.4044e+02  -2.0189e+02  -1.7389e+02  -1.5266e+02
          nan  -2.4623e+03  -9.2336e+02  -5.4718e+02  -3.8473e+02  -2.9548e+02  -2.3939e+02  -2.0100e+02  -1.7313e+02  -1.5199e+02
          nan  -2.4515e+03  -9.1932e+02  -5.4478e+02  -3.8305e+02  -2.9418e+02  -2.3834e+02  -2.0013e+02  -1.7237e+02  -1.5133e+02
          nan  -2.4408e+03  -9.1531e+02  -5.4241e+02  -3.8138e+02  -2.9290e+02  -2.3730e+02  -1.9925e+02  -1.7162e+02  -1.5067e+02
            0            0            0            0            0            0            0            0            0            0
            0            0            0            0            0            0            0            0            0            0
            0            0            0            0            0            0            0            0            0            0
            0            0            0            0            0            0            0            0            0            0
            0            0            0            0            0            0            0            0            0            0
            0            0            0            0            0            0            0            0            0            0
            0            0            0            0            0            0            0            0            0            0
            0            0            0            0            0            0            0            0            0            0
            0            0            0            0            0            0            0            0            0            0
            0            0            0            0            0            0            0            0            0            0
            0            0            0            0            0            0            0            0            0            0
            0            0            0            0            0            0            0            0            0            0
            0            0            0            0            0            0            0            0            0            0
            0            0            0            0            0            0            0            0            0            0
            0            0            0            0            0            0            0            0            0            0
            0            0            0            0            0            0            0            0            0            0
            0            0            0            0            0            0            0            0            0            0
            0            0            0            0            0            0            0            0            0            0
            0            0            0            0            0            0            0            0            0            0
            0            0            0            0            0            0            0            0            0            0
            0            0            0            0            0            0            0            0            0            0
            0            0            0            0            0            0            0            0            0            0
            0            0            0            0            0            0            0            0            0            0
            0            0            0            0            0            0            0            0            0            0
            0            0            0            0            0            0            0            0            0            0
            0            0            0            0            0            0            0            0            0            0
            0            0            0            0            0            0            0            0            0            0
            0            0            0            0            0            0            0            0            0            0
            0            0            0            0            0            0            0            0            0            0
            0            0            0            0            0            0            0            0            0            0
            0            0            0            0            0            0            0            0            0            0
            0            0            0            0            0            0            0            0            0            0
            0            0            0            0            0            0            0            0            0            0
            0            0            0            0            0            0            0            0            0            0
            0            0            0            0            0            0            0            0            0            0
            0            0            0            0            0            0            0            0            0            0
            0            0            0            0            0            0            0            0            0            0
            0            0            0            0            0            0            0            0            0            0
            0            0            0            0            0            0            0            0            0            0
            0            0            0            0            0            0            0            0            0            0
            0            0            0            0            0            0            0            0            0            0
            0            0            0            0            0            0            0            0            0            0
            0            0            0            0            0            0            0            0            0            0
            0            0            0            0            0            0            0            0            0            0
            0            0            0            0            0            0            0            0            0            0
            0            0            0            0            0            0            0            0            0            0
            0            0            0            0            0            0            0            0            0            0
            0            0            0            0            0            0            0            0            0            0
            0            0            0            0            0            0            0            0            0            0
            0            0            0            0            0            0            0            0            0            0
            0            0            0            0            0            0            0            0            0            0
            0            0            0            0            0            0            0            0            0            0
            0            0            0            0            0            0            0            0            0            0
            0            0            0            0            0            0            0            0            0            0
            0            0            0            0            0            0            0            0            0            0
            0            0            0            0            0            0            0            0            0            0
            0            0            0            0            0            0            0            0            0            0
            0            0            0            0            0            0            0            0            0            0
            0            0            0            0            0            0            0            0            0            0
            0            0            0            0            0            0            0            0            0            0
            0            0            0            0            0            0            0            0            0            0

            0            0            0            0            0            0            0            0            0            0
            0            0            0            0            0            0            0            0            0            0
            0            0            0            0            0            0            0            0            0            0
            0            0            0            0            0            0            0            0            0            0
            0            0            0            0            0            0            0            0            0            0
            0            0            0            0            0            0            0            0            0            0
            0            0            0            0            0            0            0            0            0            0
            0            0            0            0            0            0            0            0            0            0
            0            0            0            0            0            0            0            0            0            0
            0            0            0            0            0            0            0            0            0            0
            0            0            0            0            0            0            0            0            0            0
            0            0            0            0            0            0            0            0            0            0
            0            0            0            0            0            0            0            0            0            0
            0            0            0            0            0            0            0            0            0            0
            0            0            0            0            0            0            0            0            0            0
            0            0            0            0            0            0            0            0            0            0
            0            0            0            0            0            0            0            0            0            0
            0            0            0            0            0            0            0            0            0            0
            0            0            0            0            0            0            0            0            0            0
            0            0            0            0            0            0            0            0            0            0
            0            0            0            0            0            0            0            0            0            0
            0            0            0            0            0            0            0            0            0            0
            0            0            0            0            0            0            0            0            0            0
            0            0            0            0            0            0            0            0            0            0
            0            0            0            0            0            0            0            0            0            0
            0            0            0            0            0            0            0            0            0            0
            0            0            0            0            0            0            0            0            0            0
            0            0            0            0            0            0            0            0            0            0
            0            0            0            0            0            0            0            0            0            0
            0            0            0            0            0            0            0            0            0            0
          nan  -1.4884e+03  -5.5814e+02  -3.3075e+02  -2.3256e+02  -1.7853e+02  -1.4460e+02  -1.2139e+02  -1.0453e+02  -9.1760e+01
          nan  -1.4849e+03  -5.5684e+02  -3.2998e+02  -2.3202e+02  -1.7819e+02  -1.4437e+02  -1.2122e+02  -1.0441e+02  -9.1662e+01
          nan  -1.4815e+03  -5.5556e+02  -3.2922e+02  -2.3148e+02  -1.7778e+02  -1.4403e+02  -1.2094e+02  -1.0417e+02  -9.1449e+01
          nan  -1.4781e+03  -5.5427e+02  -3.2846e+02  -2.3095e+02  -1.7737e+02  -1.4370e+02  -1.2066e+02  -1.0393e+02  -9.1238e+01
          nan  -1.4710e+03  -5.5161e+02  -3.2688e+02  -2.2984e+02  -1.7652e+02  -1.4301e+02  -1.2008e+02  -1.0343e+02  -9.0801e+01
          nan  -1.4713e+03  -5.5172e+02  -3.2695e+02  -2.2989e+02  -1.7655e+02  -1.4304e+02  -1.2010e+02  -1.0345e+02  -9.0819e+01
          nan  -1.4679e+03  -5.5046e+02  -3.2620e+02  -2.2936e+02  -1.7615e+02  -1.4271e+02  -1.1983e+02  -1.0321e+02  -9.0610e+01
          nan  -1.4645e+03  -5.4920e+02  -3.2545e+02  -2.2883e+02  -1.7574e+02  -1.4238e+02  -1.1955e+02  -1.0297e+02  -9.0403e+01
          nan  -1.4612e+03  -5.4795e+02  -3.2451e+02  -2.2808e+02  -1.7512e+02  -1.4186e+02  -1.1909e+02  -1.0257e+02  -9.0039e+01
          nan  -1.4579e+03  -5.4670e+02  -3.2377e+02  -2.2756e+02  -1.7472e+02  -1.4153e+02  -1.1882e+02  -1.0233e+02  -8.9834e+01
          nan  -1.4545e+03  -5.4545e+02  -3.2323e+02  -2.2727e+02  -1.7455e+02  -1.4141e+02  -1.1874e+02  -1.0227e+02  -8.9787e+01
          nan  -1.4512e+03  -5.4422e+02  -3.2250e+02  -2.2676e+02  -1.7415e+02  -1.4109e+02  -1.1847e+02  -1.0204e+02  -8.9583e+01
          nan  -1.4480e+03  -5.4299e+02  -3.2177e+02  -2.2624e+02  -1.7376e+02  -1.4077e+02  -1.1820e+02  -1.0181e+02  -8.9380e+01
          nan  -1.4447e+03  -5.4176e+02  -3.2104e+02  -2.2573e+02  -1.7336e+02  -1.4041e+02  -1.1786e+02  -1.0150e+02  -8.9089e+01
          nan  -1.4414e+03  -5.4054e+02  -3.2032e+02  -2.2523e+02  -1.7297e+02  -1.4014e+02  -1.1767e+02  -1.0135e+02  -8.8978e+01
          nan  -1.4382e+03  -5.3933e+02  -3.1960e+02  -2.2472e+02  -1.7258e+02  -1.3983e+02  -1.1740e+02  -1.0112e+02  -8.8778e+01
          nan  -1.4350e+03  -5.3812e+02  -3.1888e+02  -2.2422e+02  -1.7220e+02  -1.3951e+02  -1.1714e+02  -1.0090e+02  -8.8579e+01
          nan  -1.4300e+03  -5.3602e+02  -3.1757e+02  -2.2327e+02  -1.7145e+02  -1.3890e+02  -1.1662e+02  -1.0045e+02  -8.8182e+01
          nan  -1.4286e+03  -5.3571e+02  -3.1746e+02  -2.2321e+02  -1.7143e+02  -1.3889e+02  -1.1662e+02  -1.0045e+02  -8.8183e+01
          nan  -1.4254e+03  -5.3452e+02  -3.1675e+02  -2.2272e+02  -1.7105e+02  -1.3858e+02  -1.1636e+02  -1.0022e+02  -8.7987e+01
          nan  -1.4222e+03  -5.3333e+02  -3.1605e+02  -2.2222e+02  -1.7067e+02  -1.3827e+02  -1.1610e+02  -1.0000e+02  -8.7791e+01
          nan  -1.4191e+03  -5.3215e+02  -3.1535e+02  -2.2173e+02  -1.7029e+02  -1.3797e+02  -1.1584e+02  -9.9778e+01  -8.7597e+01
          nan  -1.4159e+03  -5.3097e+02  -3.1465e+02  -2.2124e+02  -1.6991e+02  -1.3766e+02  -1.1559e+02  -9.9558e+01  -8.7403e+01
          nan  -1.4128e+03  -5.2980e+02  -3.1396e+02  -2.2075e+02  -1.6954e+02  -1.3736e+02  -1.1533e+02  -9.9338e+01  -8.7210e+01
          nan  -1.4097e+03  -5.2863e+02  -3.1326e+02  -2.2026e+02  -1.6916e+02  -1.3705e+02  -1.1508e+02  -9.9119e+01  -8.7018e+01
          nan  -1.4066e+03  -5.2747e+02  -3.1258e+02  -2.1978e+02  -1.6879e+02  -1.3675e+02  -1.1482e+02  -9.8901e+01  -8.6827e+01
          nan  -1.4035e+03  -5.2632e+02  -3.1189e+02  -2.1930e+02  -1.6842e+02  -1.3645e+02  -1.1457e+02  -9.8684e+01  -8.6636e+01
          nan  -1.4004e+03  -5.2516e+02  -3.1121e+02  -2.1882e+02  -1.6805e+02  -1.3615e+02  -1.1432e+02  -9.8468e+01  -8.6447e+01
          nan  -1.3974e+03  -5.2402e+02  -3.1053e+02  -2.1834e+02  -1.6769e+02  -1.3586e+02  -1.1407e+02  -9.8253e+01  -8.6258e+01
            0            0            0            0            0            0            0            0            0            0
            0            0            0            0            0            0            0            0            0            0
            0            0            0            0            0            0            0            0            0            0
            0            0            0            0            0            0            0            0            0            0
            0            0            0            0            0            0            0            0            0            0
            0            0            0            0            0            0            0            0            0            0
            0            0            0            0            0            0            0            0            0            0
            0            0            0            0            0            0            0            0            0            0
            0            0            0            0            0            0            0            0            0            0
            0            0            0            0            0            0            0            0            0            0
            0            0            0            0            0            0            0            0            0            0
            0            0            0            0            0            0            0            0            0            0
            0            0            0            0            0            0            0            0            0            0
            0            0            0            0            0            0            0            0            0            0
            0            0            0            0            0            0            0            0            0            0
            0            0            0            0            0            0            0            0            0            0
            0            0            0            0            0            0            0            0            0            0
            0            0            0            0            0            0            0            0            0            0
            0            0            0            0            0            0            0            0            0            0
            0            0            0            0            0            0            0            0            0            0
            0            0            0            0            0            0            0            0            0            0
            0            0            0            0            0            0            0            0            0            0
            0            0            0            0            0            0            0            0            0            0
            0            0            0            0            0            0            0            0            0            0
            0            0            0            0            0            0            0            0            0            0
            0            0            0            0            0            0            0            0            0            0
            0            0            0            0            0            0            0            0            0            0
            0            0            0            0            0            0            0            0            0            0
            0            0            0            0            0            0            0            0            0            0
            0            0            0            0            0            0            0            0            0            0
            0            0            0            0            0            0            0            0            0            0
            0            0            0            0            0            0            0            0            0            0
            0            0            0            0            0            0            0            0            0            0
            0            0            0            0            0            0            0            0            0            0
            0            0            0            0            0            0            0            0            0            0
            0            0            0            0            0            0            0            0            0            0
            0            0            0            0            0            0            0            0            0            0
            0            0            0            0            0            0            0            0            0            0
            0            0            0            0            0            0            0            0            0            0
            0            0            0            0            0            0            0            0            0            0
            0            0            0            0            0            0            0            0            0            0
            0            0            0            0            0            0            0            0            0            0
            0            0            0            0            0            0            0            0            0            0
            0            0            0            0            0            0            0            0            0            0
            0            0            0            0            0            0            0            0            0            0
            0            0            0            0            0            0            0            0            0            0
            0            0            0            0            0            0            0            0            0            0
            0            0            0            0            0            0            0            0            0            0
            0            0            0            0            0            0            0            0            0            0
            0            0            0            0            0            0            0            0            0            0
            0            0            0            0            0            0            0            0            0            0
            0            0            0            0            0            0            0            0            0            0
            0            0            0            0            0            0            0            0            0            0
            0            0            0            0            0            0            0            0            0            0
            0            0            0            0            0            0            0            0            0            0
            0            0            0            0            0            0            0            0            0            0
            0            0            0            0            0            0            0            0            0            0
            0            0            0            0            0            0            0            0            0            0
            0            0            0            0            0            0            0            0            0            0
            0            0            0            0            0            0            0            0            0            0
            0            0            0            0            0            0            0            0            0            0

            0            0            0            0            0            0            0            0            0            0
            0            0            0            0            0            0            0            0            0            0
            0            0            0            0            0            0            0            0            0            0
            0            0            0            0            0            0            0            0            0            0
            0            0            0            0            0            0            0            0            0            0
            0            0            0            0            0            0            0            0            0            0
            0            0            0            0            0            0            0            0            0            0
            0            0            0            0            0            0            0            0            0            0
            0            0            0            0            0            0            0            0            0            0
            0            0            0            0            0            0            0            0            0            0
            0            0            0            0            0            0            0            0            0            0
            0            0            0            0            0            0            0            0            0            0
            0            0            0            0            0            0            0            0            0            0
            0            0            0            0            0            0            0            0            0            0
            0            0            0            0            0            0            0            0            0            0
            0            0            0            0            0            0            0            0            0            0
            0            0            0            0            0            0            0            0            0            0
            0            0            0            0            0            0            0            0            0            0
            0            0            0            0            0            0            0            0            0            0
            0            0            0            0            0            0            0            0            0            0
            0            0            0            0            0            0            0            0            0            0
            0            0            0            0            0            0            0            0            0            0
            0            0            0            0            0            0            0            0            0            0
            0            0            0            0            0            0            0            0            0            0
            0            0            0            0            0            0            0            0            0            0
            0            0            0            0            0            0            0            0            0            0
            0            0            0            0            0            0            0            0            0            0
            0            0            0            0            0            0            0            0            0            0
            0            0            0            0            0            0            0            0            0            0
            0            0            0            0            0            0            0            0            0            0
          nan  -1.4884e+03  -5.5814e+02  -3.3075e+02  -2.3256e+02  -1.7853e+02  -1.4460e+02  -1.2139e+02  -1.0453e+02  -9.1760e+01
          nan  -1.4849e+03  -5.5684e+02  -3.2998e+02  -2.3202e+02  -1.7819e+02  -1.4437e+02  -1.2122e+02  -1.0441e+02  -9.1662e+01
          nan  -1.4815e+03  -5.5556e+02  -3.2922e+02  -2.3148e+02  -1.7778e+02  -1.4403e+02  -1.2094e+02  -1.0417e+02  -9.1449e+01
          nan  -1.4781e+03  -5.5427e+02  -3.2846e+02  -2.3095e+02  -1.7737e+02  -1.4370e+02  -1.2066e+02  -1.0393e+02  -9.1238e+01
          nan  -1.4710e+03  -5.5161e+02  -3.2688e+02  -2.2984e+02  -1.7652e+02  -1.4301e+02  -1.2008e+02  -1.0343e+02  -9.0801e+01
          nan  -1.4713e+03  -5.5172e+02  -3.2695e+02  -2.2989e+02  -1.7655e+02  -1.4304e+02  -1.2010e+02  -1.0345e+02  -9.0819e+01
          nan  -1.4679e+03  -5.5046e+02  -3.2620e+02  -2.2936e+02  -1.7615e+02  -1.4271e+02  -1.1983e+02  -1.0321e+02  -9.0610e+01
          nan  -1.4645e+03  -5.4920e+02  -3.2545e+02  -2.2883e+02  -1.7574e+02  -1.4238e+02  -1.1955e+02  -1.0297e+02  -9.0403e+01
          nan  -1.4612e+03  -5.4795e+02  -3.2451e+02  -2.2808e+02  -1.7512e+02  -1.4186e+02  -1.1909e+02  -1.0257e+02  -9.0039e+01
          nan  -1.4579e+03  -5.4670e+02  -3.2377e+02  -2.2756e+02  -1.7472e+02  -1.4153e+02  -1.1882e+02  -1.0233e+02  -8.9834e+01
          nan  -1.4545e+03  -5.4545e+02  -3.2323e+02  -2.2727e+02  -1.7455e+02  -1.4141e+02  -1.1874e+02  -1.0227e+02  -8.9787e+01
          nan  -1.4512e+03  -5.4422e+02  -3.2250e+02  -2.2676e+02  -1.7415e+02  -1.4109e+02  -1.1847e+02  -1.0204e+02  -8.9583e+01
          nan  -1.4480e+03  -5.4299e+02  -3.2177e+02  -2.2624e+02  -1.7376e+02  -1.4077e+02  -1.1820e+02  -1.0181e+02  -8.9380e+01
          nan  -1.4447e+03  -5.4176e+02  -3.2104e+02  -2.2573e+02  -1.7336e+02  -1.4041e+02  -1.1786e+02  -1.0150e+02  -8.9089e+01
          nan  -1.4414e+03  -5.4054e+02  -3.2032e+02  -2.2523e+02  -1.7297e+02  -1.4014e+02  -1.1767e+02  -1.0135e+02  -8.8978e+01
          nan  -1.4382e+03  -5.3933e+02  -3.1960e+02  -2.2472e+02  -1.7258e+02  -1.3983e+02  -1.1740e+02  -1.0112e+02  -8.8778e+01
          nan  -1.4350e+03  -5.3812e+02  -3.1888e+02  -2.2422e+02  -1.7220e+02  -1.3951e+02  -1.1714e+02  -1.0090e+02  -8.8579e+01
          nan  -1.4300e+03  -5.3602e+02  -3.1757e+02  -2.2327e+02  -1.7145e+02  -1.3890e+02  -1.1662e+02  -1.0045e+02  -8.8182e+01
          nan  -1.4286e+03  -5.3571e+02  -3.1746e+02  -2.2321e+02  -1.7143e+02  -1.3889e+02  -1.1662e+02  -1.0045e+02  -8.8183e+01
          nan  -1.4254e+03  -5.3452e+02  -3.1675e+02  -2.2272e+02  -1.7105e+02  -1.3858e+02  -1.1636e+02  -1.0022e+02  -8.7987e+01
          nan  -1.4222e+03  -5.3333e+02  -3.1605e+02  -2.2222e+02  -1.7067e+02  -1.3827e+02  -1.1610e+02  -1.0000e+02  -8.7791e+01
          nan  -1.4191e+03  -5.3215e+02  -3.1535e+02  -2.2173e+02  -1.7029e+02  -1.3797e+02  -1.1584e+02  -9.9778e+01  -8.7597e+01
          nan  -1.4159e+03  -5.3097e+02  -3.1465e+02  -2.2124e+02  -1.6991e+02  -1.3766e+02  -1.1559e+02  -9.9558e+01  -8.7403e+01
          nan  -1.4128e+03  -5.2980e+02  -3.1396e+02  -2.2075e+02  -1.6954e+02  -1.3736e+02  -1.1533e+02  -9.9338e+01  -8.7210e+01
          nan  -1.4097e+03  -5.2863e+02  -3.1326e+02  -2.2026e+02  -1.6916e+02  -1.3705e+02  -1.1508e+02  -9.9119e+01  -8.7018e+01
          nan  -1.4066e+03  -5.2747e+02  -3.1258e+02  -2.1978e+02  -1.6879e+02  -1.3675e+02  -1.1482e+02  -9.8901e+01  -8.6827e+01
          nan  -1.4035e+03  -5.2632e+02  -3.1189e+02  -2.1930e+02  -1.6842e+02  -1.3645e+02  -1.1457e+02  -9.8684e+01  -8.6636e+01
          nan  -1.4004e+03  -5.2516e+02  -3.1121e+02  -2.1882e+02  -1.6805e+02  -1.3615e+02  -1.1432e+02  -9.8468e+01  -8.6447e+01
          nan  -1.3974e+03  -5.2402e+02  -3.1053e+02  -2.1834e+02  -1.6769e+02  -1.3586e+02  -1.1407e+02  -9.8253e+01  -8.6258e+01
            0            0            0            0            0            0            0            0            0            0
            0            0            0            0            0            0            0            0            0            0
            0            0            0            0            0            0            0            0            0            0
            0            0            0            0            0            0            0            0            0            0
            0            0            0            0            0            0            0            0            0            0
            0            0            0            0            0            0            0            0            0            0
            0            0            0            0            0            0            0            0            0            0
            0            0            0            0            0            0            0            0            0            0
            0            0            0            0            0            0            0            0            0            0
            0            0            0            0            0            0            0            0            0            0
            0            0            0            0            0            0            0            0            0            0
            0            0            0            0            0            0            0            0            0            0
            0            0            0            0            0            0            0            0            0            0
            0            0            0            0            0            0            0            0            0            0
            0            0            0            0            0            0            0            0            0            0
            0            0            0            0            0            0            0            0            0            0
            0            0            0            0            0            0            0            0            0            0
            0            0            0            0            0            0            0            0            0            0
            0            0            0            0            0            0            0            0            0            0
            0            0            0            0            0            0            0            0            0            0
            0            0            0            0            0            0            0            0            0            0
            0            0            0            0            0            0            0            0            0            0
            0            0            0            0            0            0            0            0            0            0
            0            0            0            0            0            0            0            0            0            0
            0            0            0            0            0            0            0            0            0            0
            0            0            0            0            0            0            0            0            0            0
            0            0            0            0            0            0            0            0            0            0
            0            0            0            0            0            0            0            0            0            0
            0            0            0            0            0            0            0            0            0            0
            0            0            0            0            0            0            0            0            0            0
            0            0            0            0            0            0            0            0            0            0
            0            0            0            0            0            0            0            0            0            0
            0            0            0            0            0            0            0            0            0            0
            0            0            0            0            0            0            0            0            0            0
            0            0            0            0            0            0            0            0            0            0
            0            0            0            0            0            0            0            0            0            0
            0            0            0            0            0            0            0            0            0            0
            0            0            0            0            0            0            0            0            0            0
            0            0            0            0            0            0            0            0            0            0
            0            0            0            0            0            0            0            0            0            0
            0            0            0            0            0            0            0            0            0            0
            0            0            0            0            0            0            0            0            0            0
            0            0            0            0            0            0            0            0            0            0
            0            0            0            0            0            0            0            0            0            0
            0            0            0            0            0            0            0            0            0            0
            0            0            0            0            0            0            0            0            0            0
            0            0            0            0            0            0            0            0            0            0
            0            0            0            0            0            0            0            0            0            0
            0            0            0            0            0            0            0            0            0            0
            0            0            0            0            0            0            0            0            0            0
            0            0            0            0            0            0            0            0            0            0
            0            0            0            0            0            0            0            0            0            0
            0            0            0            0            0            0            0            0            0            0
            0            0            0            0            0            0            0            0            0            0
            0            0            0            0            0            0            0            0            0            0
            0            0            0            0            0            0            0            0            0            0
            0            0            0            0            0            0            0            0            0            0
            0            0            0            0            0            0            0            0            0            0
            0            0            0            0            0            0            0            0            0            0
            0            0            0            0            0            0            0            0            0            0
            0            0            0            0            0            0            0            0            0            0

        0        0        0        0        0        0        0        0        0        0
        0        0        0        0        0        0        0        0        0        0
        0        0        0        0        0        0        0        0        0        0
        0        0        0        0        0        0        0        0        0        0
        0        0        0        0        0        0        0        0        0        0
        0        0        0        0        0        0        0        0        0        0
        0        0        0        0        0        0        0        0        0        0
        0        0        0        0        0        0        0        0        0        0
        0        0        0        0        0        0        0        0        0        0
        0        0        0        0        0        0        0        0        0        0
        0        0        0        0        0        0        0        0        0        0
        0        0        0        0        0        0        0        0        0        0
        0        0        0        0        0        0        0        0        0        0
        0        0        0        0        0        0        0        0        0        0
        0        0        0        0        0        0        0        0        0        0
        0        0        0        0        0        0        0        0        0        0
        0        0        0        0        0        0        0        0        0        0
        0        0        0        0        0        0        0        0        0        0
        0        0        0        0        0        0        0        0        0        0
        0        0        0        0        0        0        0        0        0        0
        0        0        0        0        0        0        0        0        0        0
        0        0        0        0        0        0        0        0        0        0
        0        0        0        0        0        0        0        0        0        0
        0        0        0        0        0        0        0        0        0        0
        0        0        0        0        0        0        0        0        0        0
        0        0        0        0        0        0        0        0        0        0
        0        0        0        0        0        0        0        0        0        0
        0        0        0        0        0        0        0        0        0        0
        0        0        0        0        0        0        0        0        0        0
        0        0        0        0        0        0        0        0        0        0
      nan        0        0        0        0   0.2000   0.1667   0.1429   0.1250   0.1111
      nan        0        0        0        0        0        0        0        0        0
      nan        0        0        0        0        0        0        0        0        0
      nan        0        0        0        0        0        0        0        0        0
      inf   1.0000   0.5000   0.3333   0.2500   0.2000   0.1667   0.1429   0.1250   0.1111
      nan        0        0        0        0        0        0        0        0        0
      nan        0        0        0        0        0        0        0        0        0
      nan        0        0        0        0        0        0        0        0        0
      nan        0        0   0.3333   0.2500   0.2000   0.1667   0.1429   0.1250   0.1111
      nan        0        0   0.3333   0.2500   0.2000   0.1667   0.1429   0.1250   0.1111
      nan        0        0        0        0        0        0        0        0        0
      nan        0        0        0        0        0        0        0        0        0
      nan        0        0        0        0        0        0        0        0        0
      nan        0        0        0        0        0   0.1667   0.1429   0.1250   0.1111
      nan        0        0        0        0        0        0        0        0        0
      nan        0        0        0        0        0        0        0        0        0
      nan        0        0        0        0        0        0        0        0        0
      nan   1.0000   0.5000   0.3333   0.2500   0.2000   0.1667   0.1429   0.1250   0.1111
      nan        0        0        0        0        0        0        0        0        0
      nan        0        0        0        0        0        0        0        0        0
      nan        0        0        0        0        0        0        0        0        0
      nan        0        0        0        0        0        0        0        0        0
      nan        0        0        0        0        0        0        0        0        0
      nan        0        0        0        0        0        0        0        0        0
      nan        0        0        0        0        0        0        0        0        0
      nan        0        0        0        0        0        0        0        0        0
      nan        0        0        0        0        0        0        0        0        0
      nan        0        0        0        0        0        0        0        0        0
      nan        0        0        0        0        0        0        0        0        0
        0        0        0        0        0        0        0        0        0        0
        0        0        0        0        0        0        0        0        0        0
        0        0        0        0        0        0        0        0        0        0
        0        0        0        0        0        0        0        0        0        0
        0        0        0        0        0        0        0        0        0        0
        0        0        0        0        0        0        0        0        0        0
        0        0        0        0        0        0        0        0        0        0
        0        0        0        0        0        0        0        0        0        0
        0        0        0        0        0        0        0        0        0        0
        0        0        0        0        0        0        0        0        0        0
        0        0        0        0        0        0        0        0        0        0
        0        0        0        0        0        0        0        0        0        0
        0        0        0        0        0        0        0        0        0        0
        0        0        0        0        0        0        0        0        0        0
        0        0        0        0        0        0        0        0        0        0
        0        0        0        0        0        0        0        0        0        0
        0        0        0        0        0        0        0        0        0        0
        0        0        0        0        0        0        0        0        0        0
        0        0        0        0        0        0        0        0        0        0
        0        0        0        0        0        0        0        0        0        0
        0        0        0        0        0        0        0        0        0        0
        0        0        0        0        0        0        0        0        0        0
        0        0        0        0        0        0        0        0        0        0
        0        0        0        0        0        0        0        0        0        0
        0        0        0        0        0        0        0        0        0        0
        0        0        0        0        0        0        0        0        0        0
        0        0        0        0        0        0        0        0        0        0
        0        0        0        0        0        0        0        0        0        0
        0        0        0        0        0        0        0        0        0        0
        0        0        0        0        0        0        0        0        0        0
        0        0        0        0        0        0        0        0        0        0
        0        0        0        0        0        0        0        0        0        0
        0        0        0        0        0        0        0        0        0        0
        0        0        0        0        0        0        0        0        0        0
        0        0        0        0        0        0        0        0        0        0
        0        0        0        0        0        0        0        0        0        0
        0        0        0        0        0        0        0        0        0        0
        0        0        0        0        0        0        0        0        0        0
        0        0        0        0        0        0        0        0        0        0
        0        0        0        0        0        0        0        0        0        0
        0        0        0        0        0        0        0        0        0        0
        0        0        0        0        0        0        0        0        0        0
        0        0        0        0        0        0        0        0        0        0
        0        0        0        0        0        0        0        0        0        0
        0        0        0        0        0        0        0        0        0        0
        0        0        0        0        0        0        0        0        0        0
        0        0        0        0        0        0        0        0        0        0
        0        0        0        0        0        0        0        0        0        0
        0        0        0        0        0        0        0        0        0        0
        0        0        0        0        0        0        0        0        0        0
        0        0        0        0        0        0        0        0        0        0
        0        0        0        0        0        0        0        0        0        0
        0        0        0        0        0        0        0        0        0        0
        0        0        0        0        0        0        0        0        0        0
        0        0        0        0        0        0        0        0        0        0
        0        0        0        0        0        0        0        0        0        0
        0        0        0        0        0        0        0        0        0        0
        0        0        0        0        0        0        0        0        0        0
        0        0        0        0        0        0        0        0        0        0
        0        0        0        0        0        0        0        0        0        0
        0        0        0        0        0        0        0        0        0        0

