   2.0000
   2.0050
   2.0100
   2.0150
   2.0200
   2.0250
   2.0300
   2.0350
   2.0400
   2.0450
   2.0500
   2.0550
   2.0600
   2.0650
   2.0700
   2.0750
   2.0800
   2.0850
   2.0900
   2.0950
   2.1000
   2.1050
   2.1100
   2.1150
   2.1200
   2.1250
   2.1300
   2.1350
   2.1400
   2.1450
   2.1500
   2.1550
   2.1600
   2.1650
   2.1700
   2.1750
   2.1800
   2.1850
   2.1900
   2.1950
   2.2000
   2.2050
   2.2100
   2.2150
   2.2200
   2.2250
   2.2300
   2.2350
   2.2400
   2.2450
   2.2500
   2.2550
   2.2600
   2.2650
   2.2700
   2.2750
   2.2800
   2.2850
   2.2900
   2.2950
   2.3000
   2.3050
   2.3100
   2.3150
   2.3200
   2.3250
   2.3300
   2.3350
   2.3400
   2.3450
   2.3500
   2.3550
   2.3600
   2.3650
   2.3700
   2.3750
   2.3800
   2.3850
   2.3900
   2.3950
   2.4000
   2.4050
   2.4100
   2.4150
   2.4200
   2.4250
   2.4300
   2.4350
   2.4400
   2.4450
   2.4500
   2.4550
   2.4600
   2.4650
   2.4700
   2.4750
   2.4800
   2.4850
   2.4900
   2.4950
   2.5000
   2.5050
   2.5100
   2.5150
   2.5200
   2.5250
   2.5300
   2.5350
   2.5400
   2.5450
   2.5500
   2.5550
   2.5600
   2.5650
   2.5700
   2.5750
   2.5800
   2.5850
   2.5900
   2.5950

        0        0        0        0        0        0        0        0        0        0
        0        0        0        0        0        0        0        0        0        0
        0        0        0        0        0        0        0        0        0        0
        0        0        0        0        0        0        0        0        0        0
        0        0        0        0        0        0        0        0        0        0
        0        0        0        0        0        0        0        0        0        0
        0        0        0        0        0        0        0        0        0        0
        0        0        0        0        0        0        0        0        0        0
        0        0        0        0        0        0        0        0        0        0
        0        0        0        0        0        0        0        0        0        0
        0        0        0        0        0        0        0        0        0        0
        0        0        0        0        0        0        0        0        0        0
        0        0        0        0        0        0        0        0        0        0
        0        0        0        0        0        0        0        0        0        0
        0        0        0        0        0        0        0        0        0        0
        0        0        0        0        0        0        0        0        0        0
        0        0        0        0        0        0        0        0        0        0
        0        0        0        0        0        0        0        0        0        0
        0        0        0        0        0        0        0        0        0        0
        0        0        0        0        0        0        0        0        0        0
        0        0        0        0        0        0        0        0        0        0
        0        0        0        0        0        0        0        0        0        0
        0        0        0        0        0        0        0        0        0        0
        0        0        0        0        0        0        0        0        0        0
        0        0        0        0        0        0        0        0        0        0
        0        0        0        0        0        0        0        0        0        0
        0        0        0        0        0        0        0        0        0        0
        0        0        0        0        0        0        0        0        0        0
        0        0        0        0        0        0        0        0        0        0
        0        0        0        0        0        0        0        0        0        0
        0        0        0        0        0        0        0        0        0        0
        0        0        0        0        0        0        0        0        0        0
        0        0        0        0        0        0        0        0        0        0
        0        0        0        0        0        0        0        0        0        0
        0        0        0        0        0        0        0        0        0        0
        0        0        0        0        0        0        0        0        0        0
        0        0        0        0        0        0        0        0        0        0
        0        0        0        0        0        0        0        0        0        0
        0        0        0        0        0        0        0        0        0        0
        0        0        0        0        0        0        0        0        0        0
        0        0        0        0        0        0        0        0        0        0
        0        0        0        0        0        0        0        0        0        0
        0        0        0        0        0        0        0        0        0        0
        0        0        0        0        0        0        0        0        0        0
        0        0        0        0        0        0        0        0        0        0
        0        0        0        0        0        0        0        0        0        0
        0        0        0        0        0        0        0        0        0        0
        0        0        0        0        0        0        0        0        0        0
        0        0        0        0        0        0        0        0        0        0
        0        0        0        0        0        0        0        0        0        0
        0        0        0        0        0        0        0        0        0        0
        0        0        0        0        0        0        0        0        0        0
        0        0        0        0        0        0        0        0        0        0
        0        0        0        0        0        0        0        0        0        0
        0        0        0        0        0        0        0        0        0        0
        0        0        0        0        0        0        0        0        0        0
        0        0        0        0        0        0        0        0        0        0
        0        0        0        0        0        0        0        0        0        0
        0        0        0        0        0        0        0        0        0        0
        0        0        0        0        0        0        0        0        0        0
     -inf  -1.3815  -1.3878  -1.4040  -1.4049  -1.4020  -1.4122  -1.4181  -1.4166  -1.4129
     -inf  -1.4598  -1.4527  -1.4322  -1.4137  -1.4232  -1.4225  -1.4218  -1.4197  -1.4101
     -inf  -1.3146  -1.3004  -1.2943  -1.2981  -1.2866  -1.2906  -1.2886  -1.2887  -1.2873
     -inf  -1.4451  -1.4293  -1.4301  -1.4154  -1.4084  -1.4023  -1.3944  -1.3965  -1.3944
     -inf  -1.3924  -1.3631  -1.3496  -1.3397  -1.3249  -1.3220  -1.3085  -1.3083  -1.3063
     -inf  -1.2862  -1.2666  -1.2679  -1.2793  -1.2692  -1.2693  -1.2695  -1.2718  -1.2768
     -inf  -1.3988  -1.3781  -1.3804  -1.3871  -1.3686  -1.3547  -1.3536  -1.3543  -1.3599
     -inf  -1.3370  -1.3042  -1.2747  -1.2737  -1.2810  -1.3040  -1.3205  -1.3267  -1.3268
     -inf  -1.3777  -1.3193  -1.2958  -1.2765  -1.2681  -1.2726  -1.2711  -1.2719  -1.2760
     -inf  -1.3438  -1.2929  -1.2851  -1.2852  -1.2811  -1.2723  -1.2590  -1.2520  -1.2535
     -inf  -1.3745  -1.3491  -1.3616  -1.3509  -1.3442  -1.3553  -1.3498  -1.3371  -1.3267
     -inf  -1.3307  -1.3237  -1.3256  -1.3273  -1.3131  -1.3098  -1.3060  -1.3088  -1.2977
     -inf  -1.2378  -1.2364  -1.2710  -1.2933  -1.2957  -1.2913  -1.2962  -1.3029  -1.3101
     -inf  -1.3434  -1.3284  -1.3506  -1.3422  -1.3370  -1.3277  -1.3260  -1.3191  -1.3010
     -inf  -1.3742  -1.3817  -1.3655  -1.3478  -1.3367  -1.3335  -1.3224  -1.3135  -1.3027
     -inf  -1.3076  -1.3497  -1.3201  -1.2955  -1.2840  -1.2690  -1.2622  -1.2545  -1.2556
     -inf  -1.2598  -1.2542  -1.2346  -1.2383  -1.2385  -1.2297  -1.2189  -1.2225  -1.2192
     -inf  -1.3350  -1.2760  -1.2633  -1.2571  -1.2523  -1.2455  -1.2489  -1.2487  -1.2488
     -inf  -1.2734  -1.2814  -1.2773  -1.2506  -1.2439  -1.2502  -1.2569  -1.2599  -1.2701
     -inf  -1.2263  -1.2228  -1.2338  -1.2378  -1.2494  -1.2566  -1.2530  -1.2449  -1.2378
     -inf  -1.2395  -1.2198  -1.2211  -1.2267  -1.2149  -1.2064  -1.2103  -1.2161  -1.2106
     -inf  -1.2714  -1.2531  -1.2524  -1.2347  -1.2285  -1.2193  -1.2237  -1.2254  -1.2259
     -inf  -1.2728  -1.2501  -1.2589  -1.2395  -1.2255  -1.2163  -1.2106  -1.2080  -1.2032
     -inf  -1.2746  -1.2471  -1.2488  -1.2356  -1.2294  -1.2210  -1.2268  -1.2287  -1.2237
     -inf  -1.2703  -1.2473  -1.2350  -1.2328  -1.2223  -1.2108  -1.2051  -1.2042  -1.2029
     -inf  -1.2160  -1.1960  -1.1700  -1.1784  -1.1655  -1.1620  -1.1581  -1.1607  -1.1618
     -inf  -1.2471  -1.2435  -1.2362  -1.2295  -1.2268  -1.2162  -1.2116  -1.2075  -1.2061
     -inf  -1.2073  -1.2094  -1.2166  -1.2106  -1.2017  -1.1966  -1.1889  -1.1854  -1.1861
     -inf  -1.3013  -1.2802  -1.2539  -1.2486  -1.2451  -1.2437  -1.2335  -1.2235  -1.2171
        0        0        0        0        0        0        0        0        0        0
        0        0        0        0        0        0        0        0        0        0
        0        0        0        0        0        0        0        0        0        0
        0        0        0        0        0        0        0        0        0        0
        0        0        0        0        0        0        0        0        0        0
        0        0        0        0        0        0        0        0        0        0
        0        0        0        0        0        0        0        0        0        0
        0        0        0        0        0        0        0        0        0        0
        0        0        0        0        0        0        0        0        0        0
        0        0        0        0        0        0        0        0        0        0
        0        0        0        0        0        0        0        0        0        0
        0        0        0        0        0        0        0        0        0        0
        0        0        0        0        0        0        0        0        0        0
        0        0        0        0        0        0        0        0        0        0
        0        0        0        0        0        0        0        0        0        0
        0        0        0        0        0        0        0        0        0        0
        0        0        0        0        0        0        0        0        0        0
        0        0        0        0        0        0        0        0        0        0
        0        0        0        0        0        0        0        0        0        0
        0        0        0        0        0        0        0        0        0        0
        0        0        0        0        0        0        0        0        0        0
        0        0        0        0        0        0        0        0        0        0
        0        0        0        0        0        0        0        0        0        0
        0        0        0        0        0        0        0        0        0        0
        0        0        0        0        0        0        0        0        0        0
        0        0        0        0        0        0        0        0        0        0
        0        0        0        0        0        0        0        0        0        0
        0        0        0        0        0        0        0        0        0        0
        0        0        0        0        0        0        0        0        0        0
        0        0        0        0        0        0        0        0        0        0
        0        0        0        0        0        0        0        0        0        0

        0        0        0        0        0        0        0        0        0        0
        0        0        0        0        0        0        0        0        0        0
        0        0        0        0        0        0        0        0        0        0
        0        0        0        0        0        0        0        0        0        0
        0        0        0        0        0        0        0        0        0        0
        0        0        0        0        0        0        0        0        0        0
        0        0        0        0        0        0        0        0        0        0
        0        0        0        0        0        0        0        0        0        0
        0        0        0        0        0        0        0        0        0        0
        0        0        0        0        0        0        0        0        0        0
        0        0        0        0        0        0        0        0        0        0
        0        0        0        0        0        0        0        0        0        0
        0        0        0        0        0        0        0        0        0        0
        0        0        0        0        0        0        0        0        0        0
        0        0        0        0        0        0        0        0        0        0
        0        0        0        0        0        0        0        0        0        0
        0        0        0        0        0        0        0        0        0        0
        0        0        0        0        0        0        0        0        0        0
        0        0        0        0        0        0        0        0        0        0
        0        0        0        0        0        0        0        0        0        0
        0        0        0        0        0        0        0        0        0        0
        0        0        0        0        0        0        0        0        0        0
        0        0        0        0        0        0        0        0        0        0
        0        0        0        0        0        0        0        0        0        0
        0        0        0        0        0        0        0        0        0        0
        0        0        0        0        0        0        0        0        0        0
        0        0        0        0        0        0        0        0        0        0
        0        0        0        0        0        0        0        0        0        0
        0        0        0        0        0        0        0        0        0        0
        0        0        0        0        0        0        0        0        0        0
        0        0        0        0        0        0        0        0        0        0
        0        0        0        0        0        0        0        0        0        0
        0        0        0        0        0        0        0        0        0        0
        0        0        0        0        0        0        0        0        0        0
        0        0        0        0        0        0        0        0        0        0
        0        0        0        0        0        0        0        0        0        0
        0        0        0        0        0        0        0        0        0        0
        0        0        0        0        0        0        0        0        0        0
        0        0        0        0        0        0        0        0        0        0
        0        0        0        0        0        0        0        0        0        0
        0        0        0        0        0        0        0        0        0        0
        0        0        0        0        0        0        0        0        0        0
        0        0        0        0        0        0        0        0        0        0
        0        0        0        0        0        0        0        0        0        0
        0        0        0        0        0        0        0        0        0        0
        0        0        0        0        0        0        0        0        0        0
        0        0        0        0        0        0        0        0        0        0
        0        0        0        0        0        0        0        0        0        0
        0        0        0        0        0        0        0        0        0        0
        0        0        0        0        0        0        0        0        0        0
        0        0        0        0        0        0        0        0        0        0
        0        0        0        0        0        0        0        0        0        0
        0        0        0        0        0        0        0        0        0        0
        0        0        0        0        0        0        0        0        0        0
        0        0        0        0        0        0        0        0        0        0
        0        0        0        0        0        0        0        0        0        0
        0        0        0        0        0        0        0        0        0        0
        0        0        0        0        0        0        0        0        0        0
        0        0        0        0        0        0        0        0        0        0
        0        0        0        0        0        0        0        0        0        0
      inf   0.6286   0.6510   0.6699   0.6698   0.6665   0.6795   0.6895   0.6854   0.6765
      inf   0.7534   0.7428   0.7155   0.6833   0.6947   0.6958   0.6984   0.6958   0.6840
      inf   0.5129   0.4770   0.4406   0.4499   0.4058   0.3985   0.3686   0.3437   0.3214
      inf   0.7251   0.7184   0.7200   0.6959   0.6906   0.6715   0.6636   0.6662   0.6609
      inf   0.6730   0.5754   0.5304   0.4760   0.4096   0.3676   0.3282   0.2529   0.2126
      inf   0.4636   0.3409   0.3038   0.2960   0.2601   0.2559   0.2530   0.2417   0.2012
      inf   0.6872   0.6515   0.6523   0.6672   0.6391   0.5884   0.5767   0.5719   0.5858
      inf   0.5952   0.4222   0.2831   0.1276   0.0173  -0.1032  -0.1925  -0.2487  -0.2668
      inf   0.5656   0.4524   0.3936   0.3266   0.2792   0.2668   0.2476   0.2540   0.2810
      inf   0.6486   0.5475   0.5108   0.4967   0.4716   0.4205   0.3749   0.3492   0.3488
      inf   0.6828   0.6380   0.6545   0.6317   0.6185   0.6276   0.6170   0.5820   0.5644
      inf   0.6062   0.5948   0.6030   0.5969   0.5605   0.5319   0.5176   0.5187   0.5042
      inf   0.4258   0.4533   0.5073   0.5522   0.5611   0.5491   0.5518   0.5638   0.5739
      inf   0.6293   0.6125   0.6448   0.6336   0.6294   0.6123   0.6127   0.5942   0.5427
      inf   0.6965   0.7028   0.6270   0.5902   0.5813   0.5811   0.5598   0.5147   0.4761
      inf   0.6191   0.6674   0.5852   0.5012   0.4583   0.4337   0.4029   0.3936   0.3500
      inf   0.2980   0.2467   0.2583   0.2776   0.2881   0.2621   0.2223   0.1606   0.1062
      inf   0.6173   0.4778   0.4143   0.3691   0.3579   0.3301   0.3213   0.3170   0.3202
      inf   0.5671   0.5735   0.5489   0.4966   0.4560   0.4705   0.4876   0.5005   0.5205
      inf   0.4329   0.4440   0.4794   0.4797   0.4931   0.5121   0.5025   0.4786   0.4321
      inf   0.3742   0.2611   0.3095   0.3453   0.3115   0.2346   0.1401   0.0730   0.0332
      inf   0.4782   0.4486   0.4371   0.3948   0.3813   0.3647   0.3790   0.3736   0.3867
      inf   0.4709   0.4412   0.4468   0.3841   0.3439   0.3257   0.3045   0.2920   0.2688
      inf   0.5796   0.5081   0.4368   0.3961   0.3940   0.3864   0.4088   0.4153   0.4072
      inf   0.5514   0.5000   0.4567   0.4046   0.3349   0.2992   0.2812   0.2735   0.2690
      inf   0.4621   0.3761   0.3065   0.2539   0.2112   0.1796   0.1551   0.1192   0.0832
      inf   0.4727   0.4969   0.4813   0.4738   0.4527   0.3949   0.3396   0.2738   0.2510
      inf   0.4223   0.3530   0.3664   0.3968   0.3228   0.2687   0.2421   0.2306   0.2460
      inf   0.6257   0.5513   0.4953   0.4940   0.4784   0.4671   0.4353   0.4085   0.3642
        0        0        0        0        0        0        0        0        0        0
        0        0        0        0        0        0        0        0        0        0
        0        0        0        0        0        0        0        0        0        0
        0        0        0        0        0        0        0        0        0        0
        0        0        0        0        0        0        0        0        0        0
        0        0        0        0        0        0        0        0        0        0
        0        0        0        0        0        0        0        0        0        0
        0        0        0        0        0        0        0        0        0        0
        0        0        0        0        0        0        0        0        0        0
        0        0        0        0        0        0        0        0        0        0
        0        0        0        0        0        0        0        0        0        0
        0        0        0        0        0        0        0        0        0        0
        0        0        0        0        0        0        0        0        0        0
        0        0        0        0        0        0        0        0        0        0
        0        0        0        0        0        0        0        0        0        0
        0        0        0        0        0        0        0        0        0        0
        0        0        0        0        0        0        0        0        0        0
        0        0        0        0        0        0        0        0        0        0
        0        0        0        0        0        0        0        0        0        0
        0        0        0        0        0        0        0        0        0        0
        0        0        0        0        0        0        0        0        0        0
        0        0        0        0        0        0        0        0        0        0
        0        0        0        0        0        0        0        0        0        0
        0        0        0        0        0        0        0        0        0        0
        0        0        0        0        0        0        0        0        0        0
        0        0        0        0        0        0        0        0        0        0
        0        0        0        0        0        0        0        0        0        0
        0        0        0        0        0        0        0        0        0        0
        0        0        0        0        0        0        0        0        0        0
        0        0        0        0        0        0        0        0        0        0
        0        0        0        0        0        0        0        0        0        0

        0        0        0        0        0        0        0        0        0        0
        0        0        0        0        0        0        0        0        0        0
        0        0        0        0        0        0        0        0        0        0
        0        0        0        0        0        0        0        0        0        0
        0        0        0        0        0        0        0        0        0        0
        0        0        0        0        0        0        0        0        0        0
        0        0        0        0        0        0        0        0        0        0
        0        0        0        0        0        0        0        0        0        0
        0        0        0        0        0        0        0        0        0        0
        0        0        0        0        0        0        0        0        0        0
        0        0        0        0        0        0        0        0        0        0
        0        0        0        0        0        0        0        0        0        0
        0        0        0        0        0        0        0        0        0        0
        0        0        0        0        0        0        0        0        0        0
        0        0        0        0        0        0        0        0        0        0
        0        0        0        0        0        0        0        0        0        0
        0        0        0        0        0        0        0        0        0        0
        0        0        0        0        0        0        0        0        0        0
        0        0        0        0        0        0        0        0        0        0
        0        0        0        0        0        0        0        0        0        0
        0        0        0        0        0        0        0        0        0        0
        0        0        0        0        0        0        0        0        0        0
        0        0        0        0        0        0        0        0        0        0
        0        0        0        0        0        0        0        0        0        0
        0        0        0        0        0        0        0        0        0        0
        0        0        0        0        0        0        0        0        0        0
        0        0        0        0        0        0        0        0        0        0
        0        0        0        0        0        0        0        0        0        0
        0        0        0        0        0        0        0        0        0        0
        0        0        0        0        0        0        0        0        0        0
        0        0        0        0        0        0        0        0        0        0
        0        0        0        0        0        0        0        0        0        0
        0        0        0        0        0        0        0        0        0        0
        0        0        0        0        0        0        0        0        0        0
        0        0        0        0        0        0        0        0        0        0
        0        0        0        0        0        0        0        0        0        0
        0        0        0        0        0        0        0        0        0        0
        0        0        0        0        0        0        0        0        0        0
        0        0        0        0        0        0        0        0        0        0
        0        0        0        0        0        0        0        0        0        0
        0        0        0        0        0        0        0        0        0        0
        0        0        0        0        0        0        0        0        0        0
        0        0        0        0        0        0        0        0        0        0
        0        0        0        0        0        0        0        0        0        0
        0        0        0        0        0        0        0        0        0        0
        0        0        0        0        0        0        0        0        0        0
        0        0        0        0        0        0        0        0        0        0
        0        0        0        0        0        0        0        0        0        0
        0        0        0        0        0        0        0        0        0        0
        0        0        0        0        0        0        0        0        0        0
        0        0        0        0        0        0        0        0        0        0
        0        0        0        0        0        0        0        0        0        0
        0        0        0        0        0        0        0        0        0        0
        0        0        0        0        0        0        0        0        0        0
        0        0        0        0        0        0        0        0        0        0
        0        0        0        0        0        0        0        0        0        0
        0        0        0        0        0        0        0        0        0        0
        0        0        0        0        0        0        0        0        0        0
        0        0        0        0        0        0        0        0        0        0
        0        0        0        0        0        0        0        0        0        0
      inf   0.6286   0.6510   0.6699   0.6698   0.6665   0.6795   0.6895   0.6854   0.6765
      inf   0.7534   0.7428   0.7155   0.6833   0.6947   0.6958   0.6984   0.6958   0.6840
      inf   0.5129   0.4770   0.4406   0.4499   0.4058   0.3985   0.3686   0.3437   0.3214
      inf   0.7251   0.7184   0.7200   0.6959   0.6906   0.6715   0.6636   0.6662   0.6609
      inf   0.6730   0.5754   0.5304   0.4760   0.4096   0.3676   0.3305   0.3235   0.3035
      inf   0.4636   0.3409   0.3038   0.2960   0.2602   0.2559   0.2530   0.2422   0.2289
      inf   0.6872   0.6515   0.6523   0.6672   0.6391   0.5884   0.5767   0.5719   0.5858
      inf   0.5952   0.4222   0.3155   0.3214   0.3419   0.4025   0.4491   0.4732   0.4663
      inf   0.5656   0.4524   0.3936   0.3266   0.2795   0.2670   0.2478   0.2542   0.2812
      inf   0.6486   0.5475   0.5108   0.4967   0.4716   0.4205   0.3749   0.3492   0.3488
      inf   0.6828   0.6380   0.6545   0.6317   0.6185   0.6276   0.6170   0.5820   0.5644
      inf   0.6062   0.5948   0.6030   0.5969   0.5605   0.5319   0.5176   0.5187   0.5042
      inf   0.4258   0.4533   0.5073   0.5522   0.5611   0.5491   0.5518   0.5638   0.5739
      inf   0.6293   0.6125   0.6448   0.6336   0.6294   0.6123   0.6127   0.5942   0.5432
      inf   0.6965   0.7028   0.6270   0.5902   0.5813   0.5811   0.5598   0.5147   0.4761
      inf   0.6191   0.6674   0.5852   0.5012   0.4583   0.4337   0.4029   0.3936   0.3572
      inf   0.2980   0.2467   0.2583   0.2776   0.2881   0.2621   0.2359   0.2403   0.2502
      inf   0.6173   0.4778   0.4143   0.3691   0.3579   0.3301   0.3213   0.3170   0.3202
      inf   0.5671   0.5735   0.5489   0.4966   0.4560   0.4705   0.4876   0.5005   0.5205
      inf   0.4329   0.4440   0.4794   0.4797   0.4931   0.5121   0.5025   0.4786   0.4368
      inf   0.3742   0.2611   0.3095   0.3453   0.3115   0.2886   0.3084   0.3194   0.3156
      inf   0.4782   0.4486   0.4371   0.3948   0.3813   0.3647   0.3790   0.3736   0.3867
      inf   0.4709   0.4412   0.4468   0.3841   0.3442   0.3260   0.3047   0.2922   0.2690
      inf   0.5796   0.5081   0.4368   0.3961   0.3940   0.3864   0.4088   0.4153   0.4072
      inf   0.5514   0.5000   0.4567   0.4046   0.3402   0.3036   0.2850   0.2767   0.2720
      inf   0.4621   0.3761   0.3065   0.2540   0.2152   0.1947   0.1712   0.1668   0.1711
      inf   0.4727   0.4969   0.4813   0.4738   0.4527   0.3952   0.3505   0.3300   0.3044
      inf   0.4223   0.3530   0.3664   0.3968   0.3373   0.2967   0.2661   0.2516   0.2647
      inf   0.6257   0.5513   0.4953   0.4940   0.4784   0.4671   0.4353   0.4085   0.3709
        0        0        0        0        0        0        0        0        0        0
        0        0        0        0        0        0        0        0        0        0
        0        0        0        0        0        0        0        0        0        0
        0        0        0        0        0        0        0        0        0        0
        0        0        0        0        0        0        0        0        0        0
        0        0        0        0        0        0        0        0        0        0
        0        0        0        0        0        0        0        0        0        0
        0        0        0        0        0        0        0        0        0        0
        0        0        0        0        0        0        0        0        0        0
        0        0        0        0        0        0        0        0        0        0
        0        0        0        0        0        0        0        0        0        0
        0        0        0        0        0        0        0        0        0        0
        0        0        0        0        0        0        0        0        0        0
        0        0        0        0        0        0        0        0        0        0
        0        0        0        0        0        0        0        0        0        0
        0        0        0        0        0        0        0        0        0        0
        0        0        0        0        0        0        0        0        0        0
        0        0        0        0        0        0        0        0        0        0
        0        0        0        0        0        0        0        0        0        0
        0        0        0        0        0        0        0        0        0        0
        0        0        0        0        0        0        0        0        0        0
        0        0        0        0        0        0        0        0        0        0
        0        0        0        0        0        0        0        0        0        0
        0        0        0        0        0        0        0        0        0        0
        0        0        0        0        0        0        0        0        0        0
        0        0        0        0        0        0        0        0        0        0
        0        0        0        0        0        0        0        0        0        0
        0        0        0        0        0        0        0        0        0        0
        0        0        0        0        0        0        0        0        0        0
        0        0        0        0        0        0        0        0        0        0
        0        0        0        0        0        0        0        0        0        0

        0        0        0        0        0        0        0        0        0        0
        0        0        0        0        0        0        0        0        0        0
        0        0        0        0        0        0        0        0        0        0
        0        0        0        0        0        0        0        0        0        0
        0        0        0        0        0        0        0        0        0        0
        0        0        0        0        0        0        0        0        0        0
        0        0        0        0        0        0        0        0        0        0
        0        0        0        0        0        0        0        0        0        0
        0        0        0        0        0        0        0        0        0        0
        0        0        0        0        0        0        0        0        0        0
        0        0        0        0        0        0        0        0        0        0
        0        0        0        0        0        0        0        0        0        0
        0        0        0        0        0        0        0        0        0        0
        0        0        0        0        0        0        0        0        0        0
        0        0        0        0        0        0        0        0        0        0
        0        0        0        0        0        0        0        0        0        0
        0        0        0        0        0        0        0        0        0        0
        0        0        0        0        0        0        0        0        0        0
        0        0        0        0        0        0        0        0        0        0
        0        0        0        0        0        0        0        0        0        0
        0        0        0        0        0        0        0        0        0        0
        0        0        0        0        0        0        0        0        0        0
        0        0        0        0        0        0        0        0        0        0
        0        0        0        0        0        0        0        0        0        0
        0        0        0        0        0        0        0        0        0        0
        0        0        0        0        0        0        0        0        0        0
        0        0        0        0        0        0        0        0        0        0
        0        0        0        0        0        0        0        0        0        0
        0        0        0        0        0        0        0        0        0        0
        0        0        0        0        0        0        0        0        0        0
        0        0        0        0        0        0        0        0        0        0
        0        0        0        0        0        0        0        0        0        0
        0        0        0        0        0        0        0        0        0        0
        0        0        0        0        0        0        0        0        0        0
        0        0        0        0        0        0        0        0        0        0
        0        0        0        0        0        0        0        0        0        0
        0        0        0        0        0        0        0        0        0        0
        0        0        0        0        0        0        0        0        0        0
        0        0        0        0        0        0        0        0        0        0
        0        0        0        0        0        0        0        0        0        0
        0        0        0        0        0        0        0        0        0        0
        0        0        0        0        0        0        0        0        0        0
        0        0        0        0        0        0        0        0        0        0
        0        0        0        0        0        0        0        0        0        0
        0        0        0        0        0        0        0        0        0        0
        0        0        0        0        0        0        0        0        0        0
        0        0        0        0        0        0        0        0        0        0
        0        0        0        0        0        0        0        0        0        0
        0        0        0        0        0        0        0        0        0        0
        0        0        0        0        0        0        0        0        0        0
        0        0        0        0        0        0        0        0        0        0
        0        0        0        0        0        0        0        0        0        0
        0        0        0        0        0        0        0        0        0        0
        0        0        0        0        0        0        0        0        0        0
        0        0        0        0        0        0        0        0        0        0
        0        0        0        0        0        0        0        0        0        0
        0        0        0        0        0        0        0        0        0        0
        0        0        0        0        0        0        0        0        0        0
        0        0        0        0        0        0        0        0        0        0
        0        0        0        0        0        0        0        0        0        0
      nan   0.4223   0.5546   0.8245   0.8283   0.8514   1.0102   1.0209   0.9719   1.0224
      nan   0.7498   0.6122   0.8706   1.2548   1.3092   1.2831   1.2237   1.1685   1.3184
      nan   0.7265   1.0140   0.9600   1.1187   1.1967   1.1116   1.1128   1.1304   1.1105
      nan   1.1789   1.0282   0.9910   1.1381   1.0762   1.1820   1.1984   1.1491   1.3038
      nan   1.0457   1.2874   1.2122   1.2448   1.4251   1.3566   1.6331   1.4886   1.4819
      nan   1.6322   1.3771   1.2140   1.2855   1.3679   1.2837   1.2495   1.1761   1.2266
      nan   0.9806   0.9889   1.1260   1.0246   1.3687   1.5649   1.4820   1.3753   1.4004
      nan   1.2176   1.4204   1.7173   1.5127   1.3468   2.1422   2.4319   2.2634   2.0618
      nan   0.4536   1.6449   1.6102   1.7055   1.5867   1.6824   1.5128   1.3955   1.3393
      nan   1.0069   1.5619   1.4582   1.2414   1.0960   1.1272   1.3612   1.3693   1.2858
      nan   0.8750   1.0226   1.0178   0.9806   1.0595   1.1450   1.1737   1.5309   1.7236
      nan   1.5004   1.0820   0.9778   1.0217   1.2232   1.1385   1.1196   1.3228   1.5537
      nan   0.5743   0.6779   1.5452   1.7512   1.7665   1.5896   1.7562   1.7117   1.7296
      nan   1.1348   1.3475   1.6243   1.6369   1.4262   1.5589   1.4215   1.4468   2.1225
      nan   0.8725   0.6996   0.9481   1.1639   1.1806   1.2024   1.3247   1.3848   1.5939
      nan   0.5281   1.3347   1.6886   1.9593   1.8192   1.9882   1.8548   1.8824   1.7761
      nan   0.4724   0.5866   0.8222   0.9006   0.8503   0.9434   1.1200   1.1106   1.0949
      nan   0.9838   1.7982   1.5621   1.4403   1.3161   1.2853   1.2126   1.1270   1.0745
      nan   0.9173   0.8234   0.9968   1.4406   1.3027   1.3674   1.3883   1.3960   1.5420
      nan   0.6658   0.8409   1.1878   1.1009   1.1196   1.1357   1.1165   1.1668   1.2388
      nan   0.7325   0.8109   0.7425   0.8098   0.9571   1.0108   0.9881   1.0863   1.1384
      nan   1.5900   1.3845   1.1823   1.3309   1.2754   1.3471   1.2777   1.2072   1.1745
      nan   0.5141   0.6628   0.7329   1.0289   1.2560   1.2914   1.2580   1.2228   1.1981
      nan   1.1074   1.1271   0.9279   1.0532   0.9677   0.9977   1.0208   1.0647   1.1177
      nan   0.7538   0.7375   0.7813   0.8771   0.9869   1.1272   1.1005   1.0327   1.0264
      nan   0.6007   0.9199   1.2518   1.1731   1.2687   1.1912   1.1830   1.1357   1.0640
      nan   0.5177   1.3217   1.1564   1.0987   1.0594   1.1217   1.1083   1.0632   0.9964
      nan   0.7173   0.7749   0.8114   0.8392   0.9515   0.9257   0.9822   0.9404   0.9217
      nan   0.7513   0.8624   1.1615   1.0439   0.9447   1.0358   1.1707   1.2760   1.2834
        0        0        0        0        0        0        0        0        0        0
        0        0        0        0        0        0        0        0        0        0
        0        0        0        0        0        0        0        0        0        0
        0        0        0        0        0        0        0        0        0        0
        0        0        0        0        0        0        0        0        0        0
        0        0        0        0        0        0        0        0        0        0
        0        0        0        0        0        0        0        0        0        0
        0        0        0        0        0        0        0        0        0        0
        0        0        0        0        0        0        0        0        0        0
        0        0        0        0        0        0        0        0        0        0
        0        0        0        0        0        0        0        0        0        0
        0        0        0        0        0        0        0        0        0        0
        0        0        0        0        0        0        0        0        0        0
        0        0        0        0        0        0        0        0        0        0
        0        0        0        0        0        0        0        0        0        0
        0        0        0        0        0        0        0        0        0        0
        0        0        0        0        0        0        0        0        0        0
        0        0        0        0        0        0        0        0        0        0
        0        0        0        0        0        0        0        0        0        0
        0        0        0        0        0        0        0        0        0        0
        0        0        0        0        0        0        0        0        0        0
        0        0        0        0        0        0        0        0        0        0
        0        0        0        0        0        0        0        0        0        0
        0        0        0        0        0        0        0        0        0        0
        0        0        0        0        0        0        0        0        0        0
        0        0        0        0        0        0        0        0        0        0
        0        0        0        0        0        0        0        0        0        0
        0        0        0        0        0        0        0        0        0        0
        0        0        0        0        0        0        0        0        0        0
        0        0        0        0        0        0        0        0        0        0
        0        0        0        0        0        0        0        0        0        0

            0            0            0            0            0            0            0            0            0            0
            0            0            0            0            0            0            0            0            0            0
            0            0            0            0            0            0            0            0            0            0
            0            0            0            0            0            0            0            0            0            0
            0            0            0            0            0            0            0            0            0            0
            0            0            0            0            0            0            0            0            0            0
            0            0            0            0            0            0            0            0            0            0
            0            0            0            0            0            0            0            0            0            0
            0            0            0            0            0            0            0            0            0            0
            0            0            0            0            0            0            0            0            0            0
            0            0            0            0            0            0            0            0            0            0
            0            0            0            0            0            0            0            0            0            0
            0            0            0            0            0            0            0            0            0            0
            0            0            0            0            0            0            0            0            0            0
            0            0            0            0            0            0            0            0            0            0
            0            0            0            0            0            0            0            0            0            0
            0            0            0            0            0            0            0            0            0            0
            0            0            0            0            0            0            0            0            0            0
            0            0            0            0            0            0            0            0            0            0
            0            0            0            0            0            0            0            0            0            0
            0            0            0            0            0            0            0            0            0            0
            0            0            0            0            0            0            0            0            0            0
            0            0            0            0            0            0            0            0            0            0
            0            0            0            0            0            0            0            0            0            0
            0            0            0            0            0            0            0            0            0            0
            0            0            0            0            0            0            0            0            0            0
            0            0            0            0            0            0            0            0            0            0
            0            0            0            0            0            0            0            0            0            0
            0            0            0            0            0            0            0            0            0            0
            0            0            0            0            0            0            0            0            0            0
            0            0            0            0            0            0            0            0            0            0
            0            0            0            0            0            0            0            0            0            0
            0            0            0            0            0            0            0            0            0            0
            0            0            0            0            0            0            0            0            0            0
            0            0            0            0            0            0            0            0            0            0
            0            0            0            0            0            0            0            0            0            0
            0            0            0            0            0            0            0            0            0            0
            0            0            0            0            0            0            0            0            0            0
            0            0            0            0            0            0            0            0            0            0
            0            0            0            0            0            0            0            0            0            0
            0            0            0            0            0            0            0            0            0            0
            0            0            0            0            0            0            0            0            0            0
            0            0            0            0            0            0            0            0            0            0
            0            0            0            0            0            0            0            0            0            0
            0            0            0            0            0            0            0            0            0            0
            0            0            0            0            0            0            0            0            0            0
            0            0            0            0            0            0            0            0            0            0
            0            0            0            0            0            0            0            0            0            0
            0            0            0            0            0            0            0            0            0            0
            0            0            0            0            0            0            0            0            0            0
            0            0            0            0            0            0            0            0            0            0
            0            0            0            0            0            0            0            0            0            0
            0            0            0            0            0            0            0            0            0            0
            0            0            0            0            0            0            0            0            0            0
            0            0            0            0            0            0            0            0            0            0
            0            0            0            0            0            0            0            0            0            0
            0            0            0            0            0            0            0            0            0            0
            0            0            0            0            0            0            0            0            0            0
            0            0            0            0            0            0            0            0            0            0
            0            0            0            0            0            0            0            0            0            0
          nan   1.5264e+00   1.5286e+00   1.8910e+00   2.2495e+00   2.4743e+00   2.8019e+00   2.9909e+00   2.8887e+00   3.1676e+00
          nan   1.0339e+00   7.4457e-01   2.0816e+00   5.0558e+00   4.5637e+00   4.0727e+00   3.6338e+00   3.5871e+00   4.0636e+00
          nan   1.1741e+00   7.2557e+00   7.2893e+00   6.5180e+00   1.1325e+01   1.0098e+01   1.2876e+01   1.4425e+01   1.6115e+01
          nan   2.2849e+00   1.5539e+00   1.5492e+00   2.9352e+00   2.5769e+00   3.9981e+00   4.0024e+00   3.6865e+00   3.8585e+00
          nan   1.6820e+00   1.1503e+01   1.1431e+01   1.6170e+01   2.5695e+01   2.7771e+01   3.1255e+01   5.5418e+01   5.9736e+01
          nan   1.4690e+01   1.8167e+01   1.5106e+01   1.1820e+01   1.3723e+01   1.2591e+01   1.1480e+01   1.1480e+01   1.9737e+01
          nan   1.5917e+00   3.6872e+00   4.6285e+00   4.1987e+00   6.6305e+00   1.4688e+01   1.3576e+01   1.2344e+01   1.2453e+01
          nan   6.7485e+00   2.7864e+01   4.8245e+01   8.6481e+01   1.0310e+02   1.3659e+02   1.4998e+02   1.4662e+02   1.3242e+02
          nan   3.1922e+00   1.3951e+01   1.4371e+01   2.0271e+01   2.2656e+01   1.9521e+01   1.8494e+01   1.7045e+01   1.9295e+01
          nan   1.8884e+00   9.5756e+00   9.3166e+00   8.3456e+00   9.6682e+00   1.7176e+01   2.3516e+01   2.3973e+01   2.2427e+01
          nan   1.2695e+00   2.5021e+00   2.5645e+00   3.2646e+00   3.3761e+00   3.2923e+00   4.0602e+00   9.5151e+00   1.0327e+01
          nan   1.5790e+00   2.1727e+00   2.2257e+00   4.5867e+00   7.5829e+00   9.4250e+00   9.7868e+00   9.0709e+00   9.5531e+00
          nan   1.8100e+00   2.9781e+00   7.0556e+00   9.7842e+00   8.9382e+00   8.2799e+00   9.4952e+00   9.2015e+00   8.9460e+00
          nan   3.8614e+00   4.9104e+00   5.3710e+00   5.0209e+00   4.2462e+00   5.1531e+00   4.5958e+00   6.3247e+00   2.0634e+01
          nan   7.2879e-01   8.5506e-01   9.4335e+00   1.0435e+01   8.6645e+00   7.7387e+00   8.6884e+00   1.8257e+01   2.4370e+01
          nan   7.7561e-01   2.9529e+00   1.2697e+01   2.4807e+01   2.5659e+01   2.3993e+01   2.4726e+01   2.2428e+01   3.0610e+01
          nan   2.7641e+00   3.5830e+00   2.8699e+00   5.0769e+00   5.2545e+00   6.9278e+00   1.3093e+01   3.0456e+01   4.3438e+01
          nan   4.1530e+00   1.6109e+01   1.6488e+01   1.7103e+01   1.4189e+01   1.4892e+01   1.3695e+01   1.2579e+01   1.1422e+01
          nan   2.1312e+00   2.4674e+00   3.3684e+00   8.2163e+00   1.1296e+01   1.1818e+01   1.1428e+01   1.1012e+01   1.2020e+01
          nan   2.5838e+00   2.1946e+00   4.5317e+00   3.7699e+00   3.8008e+00   4.7314e+00   5.1046e+00   7.6003e+00   1.9068e+01
          nan   1.0063e+01   1.4837e+01   1.4624e+01   1.3911e+01   1.5332e+01   3.4490e+01   6.5901e+01   7.9905e+01   7.9808e+01
          nan   9.6188e+00   7.9029e+00   6.9819e+00   9.4490e+00   8.6153e+00   8.7624e+00   8.8833e+00   8.0173e+00   8.4618e+00
          nan   5.2239e+00   4.3811e+00   3.8449e+00   1.2164e+01   1.5832e+01   1.4412e+01   1.4419e+01   1.3719e+01   1.5268e+01
          nan   2.3296e+00   6.0871e+00   1.1231e+01   1.2160e+01   9.8524e+00   8.4903e+00   9.8302e+00   9.2818e+00   1.0097e+01
          nan   1.5588e+00   3.7501e+00   5.5271e+00   1.1114e+01   2.2876e+01   2.3502e+01   2.1834e+01   1.9926e+01   1.8417e+01
          nan   2.4862e+00   1.1272e+01   1.4357e+01   1.6696e+01   1.8807e+01   2.0156e+01   1.9809e+01   2.4525e+01   2.9143e+01
          nan   2.1127e+00   4.7681e+00   4.7130e+00   4.3311e+00   8.5695e+00   1.8822e+01   2.8970e+01   4.5737e+01   4.4163e+01
          nan   2.4277e+00   4.9639e+00   3.9309e+00   5.7586e+00   2.0809e+01   2.8303e+01   2.7219e+01   2.4706e+01   2.3362e+01
          nan   1.9258e+00   8.0563e+00   1.0612e+01   8.4063e+00   7.8505e+00   7.2414e+00   1.0687e+01   1.3294e+01   2.2570e+01
            0            0            0            0            0            0            0            0            0            0
            0            0            0            0            0            0            0            0            0            0
            0            0            0            0            0            0            0            0            0            0
            0            0            0            0            0            0            0            0            0            0
            0            0            0            0            0            0            0            0            0            0
            0            0            0            0            0            0            0            0            0            0
            0            0            0            0            0            0            0            0            0            0
            0            0            0            0            0            0            0            0            0            0
            0            0            0            0            0            0            0            0            0            0
            0            0            0            0            0            0            0            0            0            0
            0            0            0            0            0            0            0            0            0            0
            0            0            0            0            0            0            0            0            0            0
            0            0            0            0            0            0            0            0            0            0
            0            0            0            0            0            0            0            0            0            0
            0            0            0            0            0            0            0            0            0            0
            0            0            0            0            0            0            0            0            0            0
            0            0            0            0            0            0            0            0            0            0
            0            0            0            0            0            0            0            0            0            0
            0            0            0            0            0            0            0            0            0            0
            0            0            0            0            0            0            0            0            0            0
            0            0            0            0            0            0            0            0            0            0
            0            0            0            0            0            0            0            0            0            0
            0            0            0            0            0            0            0            0            0            0
            0            0            0            0            0            0            0            0            0            0
            0            0            0            0            0            0            0            0            0            0
            0            0            0            0            0            0            0            0            0            0
            0            0            0            0            0            0            0            0            0            0
            0            0            0            0            0            0            0            0            0            0
            0            0            0            0            0            0            0            0            0            0
            0            0            0            0            0            0            0            0            0            0
            0            0            0            0            0            0            0            0            0            0

         0         0         0         0         0         0         0         0         0         0
         0         0         0         0         0         0         0         0         0         0
         0         0         0         0         0         0         0         0         0         0
         0         0         0         0         0         0         0         0         0         0
         0         0         0         0         0         0         0         0         0         0
         0         0         0         0         0         0         0         0         0         0
         0         0         0         0         0         0         0         0         0         0
         0         0         0         0         0         0         0         0         0         0
         0         0         0         0         0         0         0         0         0         0
         0         0         0         0         0         0         0         0         0         0
         0         0         0         0         0         0         0         0         0         0
         0         0         0         0         0         0         0         0         0         0
         0         0         0         0         0         0         0         0         0         0
         0         0         0         0         0         0         0         0         0         0
         0         0         0         0         0         0         0         0         0         0
         0         0         0         0         0         0         0         0         0         0
         0         0         0         0         0         0         0         0         0         0
         0         0         0         0         0         0         0         0         0         0
         0         0         0         0         0         0         0         0         0         0
         0         0         0         0         0         0         0         0         0         0
         0         0         0         0         0         0         0         0         0         0
         0         0         0         0         0         0         0         0         0         0
         0         0         0         0         0         0         0         0         0         0
         0         0         0         0         0         0         0         0         0         0
         0         0         0         0         0         0         0         0         0         0
         0         0         0         0         0         0         0         0         0         0
         0         0         0         0         0         0         0         0         0         0
         0         0         0         0         0         0         0         0         0         0
         0         0         0         0         0         0         0         0         0         0
         0         0         0         0         0         0         0         0         0         0
         0         0         0         0         0         0         0         0         0         0
         0         0         0         0         0         0         0         0         0         0
         0         0         0         0         0         0         0         0         0         0
         0         0         0         0         0         0         0         0         0         0
         0         0         0         0         0         0         0         0         0         0
         0         0         0         0         0         0         0         0         0         0
         0         0         0         0         0         0         0         0         0         0
         0         0         0         0         0         0         0         0         0         0
         0         0         0         0         0         0         0         0         0         0
         0         0         0         0         0         0         0         0         0         0
         0         0         0         0         0         0         0         0         0         0
         0         0         0         0         0         0         0         0         0         0
         0         0         0         0         0         0         0         0         0         0
         0         0         0         0         0         0         0         0         0         0
         0         0         0         0         0         0         0         0         0         0
         0         0         0         0         0         0         0         0         0         0
         0         0         0         0         0         0         0         0         0         0
         0         0         0         0         0         0         0         0         0         0
         0         0         0         0         0         0         0         0         0         0
         0         0         0         0         0         0         0         0         0         0
         0         0         0         0         0         0         0         0         0         0
         0         0         0         0         0         0         0         0         0         0
         0         0         0         0         0         0         0         0         0         0
         0         0         0         0         0         0         0         0         0         0
         0         0         0         0         0         0         0         0         0         0
         0         0         0         0         0         0         0         0         0         0
         0         0         0         0         0         0         0         0         0         0
         0         0         0         0         0         0         0         0         0         0
         0         0         0         0         0         0         0         0         0         0
         0         0         0         0         0         0         0         0         0         0
       nan    1.5264    1.5286    1.8910    2.2495    2.4743    2.8019    2.9909    2.8887    3.1676
       nan    1.0339    0.7446    2.0816    5.0558    4.5637    4.0727    3.6338    3.5871    4.0636
       nan    1.1741    7.2557    7.2893    6.5180   11.3246   10.0982   12.8757   14.4253   16.1121
       nan    2.2849    1.5539    1.5492    2.9352    2.5769    3.9981    4.0024    3.6865    3.8585
       nan    1.6820   11.5032   11.4306   16.1702   25.6923   27.7688   30.1899   27.3372   27.3826
       nan   14.6903   18.1668   15.1058   11.8201   13.7140   12.5816   11.4715   11.3360   11.5316
       nan    1.5917    3.6872    4.6285    4.1987    6.6305   14.6884   13.5764   12.3436   12.4530
       nan    6.7485   27.8642   34.9558   26.8563   23.2272   32.8599   37.1808   35.5730   32.1749
       nan    3.1922   13.9508   14.3711   20.2712   22.5399   19.4281   18.4198   16.9788   19.2297
       nan    1.8884    9.5756    9.3166    8.3456    9.6682   17.1765   23.5144   23.9716   22.4263
       nan    1.2695    2.5021    2.5645    3.2646    3.3761    3.2923    4.0602    9.5151   10.3266
       nan    1.5790    2.1727    2.2257    4.5867    7.5829    9.4250    9.7868    9.0709    9.5531
       nan    1.8100    2.9781    7.0556    9.7842    8.9382    8.2799    9.4952    9.2015    8.9460
       nan    3.8614    4.9104    5.3710    5.0209    4.2462    5.1531    4.5958    6.3247   20.3057
       nan    0.7288    0.8551    9.4335   10.4346    8.6645    7.7387    8.6884   18.2569   24.3702
       nan    0.7756    2.9529   12.6968   24.8069   25.6588   23.9932   24.7261   22.4276   27.1659
       nan    2.7641    3.5830    2.8699    5.0769    5.2545    6.9272    8.9202    8.9729    8.9252
       nan    4.1530   16.1093   16.4881   17.1028   14.1894   14.8923   13.6946   12.5793   11.4218
       nan    2.1312    2.4674    3.3684    8.2163   11.2961   11.8185   11.4284   11.0117   12.0200
       nan    2.5838    2.1946    4.5317    3.7699    3.8008    4.7314    5.1046    7.6003   16.3297
       nan   10.0630   14.8365   14.6241   13.9107   15.3319   15.6409   15.5661   15.4303   14.1302
       nan    9.6188    7.9029    6.9819    9.4490    8.6153    8.7624    8.8833    8.0173    8.4618
       nan    5.2239    4.3811    3.8449   12.1644   15.6956   14.3050   14.3334   13.6466   15.1953
       nan    2.3296    6.0871   11.2313   12.1597    9.8524    8.4903    9.8302    9.2818   10.0975
       nan    1.5588    3.7501    5.5271   11.1140   20.5372   21.7614   20.4330   18.7352   17.3757
       nan    2.4862   11.2715   14.3574   16.6806   17.6592   16.4065   16.3343   15.5440   14.4005
       nan    2.1127    4.7681    4.7130    4.3311    8.5695   18.6529   24.0401   23.3912   24.6381
       nan    2.4277    4.9639    3.9309    5.7586   14.5015   17.8850   19.1865   18.0378   17.0848
       nan    1.9258    8.0563   10.6116    8.4063    7.8505    7.2414   10.6866   13.2665   19.3279
         0         0         0         0         0         0         0         0         0         0
         0         0         0         0         0         0         0         0         0         0
         0         0         0         0         0         0         0         0         0         0
         0         0         0         0         0         0         0         0         0         0
         0         0         0         0         0         0         0         0         0         0
         0         0         0         0         0         0         0         0         0         0
         0         0         0         0         0         0         0         0         0         0
         0         0         0         0         0         0         0         0         0         0
         0         0         0         0         0         0         0         0         0         0
         0         0         0         0         0         0         0         0         0         0
         0         0         0         0         0         0         0         0         0         0
         0         0         0         0         0         0         0         0         0         0
         0         0         0         0         0         0         0         0         0         0
         0         0         0         0         0         0         0         0         0         0
         0         0         0         0         0         0         0         0         0         0
         0         0         0         0         0         0         0         0         0         0
         0         0         0         0         0         0         0         0         0         0
         0         0         0         0         0         0         0         0         0         0
         0         0         0         0         0         0         0         0         0         0
         0         0         0         0         0         0         0         0         0         0
         0         0         0         0         0         0         0         0         0         0
         0         0         0         0         0         0         0         0         0         0
         0         0         0         0         0         0         0         0         0         0
         0         0         0         0         0         0         0         0         0         0
         0         0         0         0         0         0         0         0         0         0
         0         0         0         0         0         0         0         0         0         0
         0         0         0         0         0         0         0         0         0         0
         0         0         0         0         0         0         0         0         0         0
         0         0         0         0         0         0         0         0         0         0
         0         0         0         0         0         0         0         0         0         0
         0         0         0         0         0         0         0         0         0         0

        0        0        0        0        0        0        0        0        0        0
        0        0        0        0        0        0        0        0        0        0
        0        0        0        0        0        0        0        0        0        0
        0        0        0        0        0        0        0        0        0        0
        0        0        0        0        0        0        0        0        0        0
        0        0        0        0        0        0        0        0        0        0
        0        0        0        0        0        0        0        0        0        0
        0        0        0        0        0        0        0        0        0        0
        0        0        0        0        0        0        0        0        0        0
        0        0        0        0        0        0        0        0        0        0
        0        0        0        0        0        0        0        0        0        0
        0        0        0        0        0        0        0        0        0        0
        0        0        0        0        0        0        0        0        0        0
        0        0        0        0        0        0        0        0        0        0
        0        0        0        0        0        0        0        0        0        0
        0        0        0        0        0        0        0        0        0        0
        0        0        0        0        0        0        0        0        0        0
        0        0        0        0        0        0        0        0        0        0
        0        0        0        0        0        0        0        0        0        0
        0        0        0        0        0        0        0        0        0        0
        0        0        0        0        0        0        0        0        0        0
        0        0        0        0        0        0        0        0        0        0
        0        0        0        0        0        0        0        0        0        0
        0        0        0        0        0        0        0        0        0        0
        0        0        0        0        0        0        0        0        0        0
        0        0        0        0        0        0        0        0        0        0
        0        0        0        0        0        0        0        0        0        0
        0        0        0        0        0        0        0        0        0        0
        0        0        0        0        0        0        0        0        0        0
        0        0        0        0        0        0        0        0        0        0
        0        0        0        0        0        0        0        0        0        0
        0        0        0        0        0        0        0        0        0        0
        0        0        0        0        0        0        0        0        0        0
        0        0        0        0        0        0        0        0        0        0
        0        0        0        0        0        0        0        0        0        0
        0        0        0        0        0        0        0        0        0        0
        0        0        0        0        0        0        0        0        0        0
        0        0        0        0        0        0        0        0        0        0
        0        0        0        0        0        0        0        0        0        0
        0        0        0        0        0        0        0        0        0        0
        0        0        0        0        0        0        0        0        0        0
        0        0        0        0        0        0        0        0        0        0
        0        0        0        0        0        0        0        0        0        0
        0        0        0        0        0        0        0        0        0        0
        0        0        0        0        0        0        0        0        0        0
        0        0        0        0        0        0        0        0        0        0
        0        0        0        0        0        0        0        0        0        0
        0        0        0        0        0        0        0        0        0        0
        0        0        0        0        0        0        0        0        0        0
        0        0        0        0        0        0        0        0        0        0
        0        0        0        0        0        0        0        0        0        0
        0        0        0        0        0        0        0        0        0        0
        0        0        0        0        0        0        0        0        0        0
        0        0        0        0        0        0        0        0        0        0
        0        0        0        0        0        0        0        0        0        0
        0        0        0        0        0        0        0        0        0        0
        0        0        0        0        0        0        0        0        0        0
        0        0        0        0        0        0        0        0        0        0
        0        0        0        0        0        0        0        0        0        0
        0        0        0        0        0        0        0        0        0        0
      inf   0.3890   0.2974   0.2634   0.2483   0.2399   0.2302   0.2235   0.2208   0.2199
      inf   0.3419   0.2663   0.2469   0.2399   0.2288   0.2239   0.2203   0.2181   0.2194
      inf   0.4073   0.3280   0.3023   0.2865   0.2819   0.2747   0.2715   0.2683   0.2666
      inf   0.3736   0.2867   0.2562   0.2463   0.2394   0.2357   0.2341   0.2303   0.2286
      inf   0.4007   0.3160   0.2886   0.2769   0.2725   0.2668   0.2672   0.2638   0.2618
      inf   0.4543   0.3590   0.3242   0.3027   0.2960   0.2890   0.2841   0.2797   0.2751
      inf   0.3848   0.3030   0.2727   0.2553   0.2526   0.2521   0.2486   0.2453   0.2408
      inf   0.4082   0.3303   0.3112   0.2963   0.2852   0.2710   0.2609   0.2553   0.2530
      inf   0.4219   0.3399   0.3145   0.3042   0.2978   0.2890   0.2847   0.2807   0.2761
      inf   0.4143   0.3401   0.3118   0.2959   0.2879   0.2848   0.2853   0.2846   0.2813
      inf   0.4078   0.3223   0.2846   0.2729   0.2657   0.2555   0.2527   0.2540   0.2553
      inf   0.4108   0.3229   0.2934   0.2774   0.2739   0.2692   0.2666   0.2625   0.2640
      inf   0.4704   0.3700   0.3225   0.2972   0.2867   0.2815   0.2747   0.2687   0.2633
      inf   0.4272   0.3324   0.2916   0.2776   0.2692   0.2665   0.2624   0.2614   0.2659
      inf   0.4264   0.3182   0.2902   0.2798   0.2735   0.2672   0.2666   0.2660   0.2672
      inf   0.4656   0.3381   0.3126   0.3033   0.2960   0.2940   0.2915   0.2903   0.2870
      inf   0.4671   0.3657   0.3385   0.3199   0.3094   0.3058   0.3047   0.3001   0.2984
      inf   0.4269   0.3507   0.3234   0.3100   0.3022   0.2983   0.2925   0.2889   0.2864
      inf   0.4842   0.3653   0.3293   0.3209   0.3121   0.3021   0.2940   0.2888   0.2816
      inf   0.5230   0.4011   0.3550   0.3322   0.3149   0.3040   0.2994   0.2978   0.2969
      inf   0.4881   0.3870   0.3491   0.3288   0.3214   0.3168   0.3100   0.3038   0.3028
      inf   0.4695   0.3688   0.3345   0.3232   0.3149   0.3113   0.3049   0.3002   0.2972
      inf   0.4740   0.3746   0.3346   0.3238   0.3178   0.3141   0.3109   0.3080   0.3067
      inf   0.4840   0.3803   0.3413   0.3272   0.3179   0.3137   0.3061   0.3017   0.3003
      inf   0.4763   0.3754   0.3436   0.3270   0.3200   0.3174   0.3141   0.3105   0.3080
      inf   0.5252   0.4106   0.3785   0.3545   0.3468   0.3396   0.3353   0.3300   0.3261
      inf   0.4938   0.3822   0.3474   0.3303   0.3199   0.3163   0.3126   0.3102   0.3076
      inf   0.5206   0.4006   0.3586   0.3406   0.3322   0.3263   0.3238   0.3204   0.3169
      inf   0.4485   0.3568   0.3326   0.3179   0.3087   0.3027   0.3018   0.3019   0.3017
        0        0        0        0        0        0        0        0        0        0
        0        0        0        0        0        0        0        0        0        0
        0        0        0        0        0        0        0        0        0        0
        0        0        0        0        0        0        0        0        0        0
        0        0        0        0        0        0        0        0        0        0
        0        0        0        0        0        0        0        0        0        0
        0        0        0        0        0        0        0        0        0        0
        0        0        0        0        0        0        0        0        0        0
        0        0        0        0        0        0        0        0        0        0
        0        0        0        0        0        0        0        0        0        0
        0        0        0        0        0        0        0        0        0        0
        0        0        0        0        0        0        0        0        0        0
        0        0        0        0        0        0        0        0        0        0
        0        0        0        0        0        0        0        0        0        0
        0        0        0        0        0        0        0        0        0        0
        0        0        0        0        0        0        0        0        0        0
        0        0        0        0        0        0        0        0        0        0
        0        0        0        0        0        0        0        0        0        0
        0        0        0        0        0        0        0        0        0        0
        0        0        0        0        0        0        0        0        0        0
        0        0        0        0        0        0        0        0        0        0
        0        0        0        0        0        0        0        0        0        0
        0        0        0        0        0        0        0        0        0        0
        0        0        0        0        0        0        0        0        0        0
        0        0        0        0        0        0        0        0        0        0
        0        0        0        0        0        0        0        0        0        0
        0        0        0        0        0        0        0        0        0        0
        0        0        0        0        0        0        0        0        0        0
        0        0        0        0        0        0        0        0        0        0
        0        0        0        0        0        0        0        0        0        0
        0        0        0        0        0        0        0        0        0        0

