   2.0000
   2.0050
   2.0100
   2.0150
   2.0200
   2.0250
   2.0300
   2.0350
   2.0400
   2.0450
   2.0500
   2.0550
   2.0600
   2.0650
   2.0700
   2.0750
   2.0800
   2.0850
   2.0900
   2.0950
   2.1000
   2.1050
   2.1100
   2.1150
   2.1200
   2.1250
   2.1300
   2.1350
   2.1400
   2.1450
   2.1500
   2.1550
   2.1600
   2.1650
   2.1700
   2.1750
   2.1800
   2.1850
   2.1900
   2.1950
   2.2000
   2.2050
   2.2100
   2.2150
   2.2200
   2.2250
   2.2300
   2.2350
   2.2400
   2.2450
   2.2500
   2.2550
   2.2600
   2.2650
   2.2700
   2.2750
   2.2800
   2.2850
   2.2900
   2.2950
   2.3000
   2.3050
   2.3100
   2.3150
   2.3200
   2.3250
   2.3300
   2.3350
   2.3400
   2.3450
   2.3500
   2.3550
   2.3600
   2.3650
   2.3700
   2.3750
   2.3800
   2.3850
   2.3900
   2.3950
   2.4000
   2.4050
   2.4100
   2.4150
   2.4200
   2.4250
   2.4300
   2.4350
   2.4400
   2.4450
   2.4500
   2.4550
   2.4600
   2.4650
   2.4700
   2.4750
   2.4800
   2.4850
   2.4900
   2.4950
   2.5000
   2.5050
   2.5100
   2.5150
   2.5200
   2.5250
   2.5300
   2.5350
   2.5400
   2.5450
   2.5500
   2.5550
   2.5600
   2.5650
   2.5700
   2.5750
   2.5800
   2.5850
   2.5900
   2.5950

     -inf  -1.7452  -1.7453  -1.7453  -1.7453  -1.7454  -1.7454  -1.7454  -1.7454  -1.7454
     -inf  -1.7417  -1.7417  -1.7418  -1.7418  -1.7418  -1.7418  -1.7418  -1.7418  -1.7418
     -inf  -1.7382  -1.7382  -1.7383  -1.7383  -1.7382  -1.7382  -1.7382  -1.7382  -1.7382
     -inf  -1.7344  -1.7346  -1.7345  -1.7346  -1.7346  -1.7345  -1.7345  -1.7345  -1.7346
     -inf  -1.7308  -1.7308  -1.7307  -1.7308  -1.7307  -1.7308  -1.7307  -1.7307  -1.7308
     -inf  -1.7271  -1.7266  -1.7268  -1.7269  -1.7268  -1.7269  -1.7268  -1.7268  -1.7269
     -inf  -1.7234  -1.7230  -1.7230  -1.7231  -1.7231  -1.7231  -1.7230  -1.7230  -1.7230
     -inf  -1.7191  -1.7189  -1.7189  -1.7191  -1.7190  -1.7190  -1.7190  -1.7190  -1.7190
     -inf  -1.7148  -1.7149  -1.7149  -1.7150  -1.7150  -1.7150  -1.7150  -1.7150  -1.7150
     -inf  -1.7105  -1.7106  -1.7107  -1.7108  -1.7109  -1.7109  -1.7109  -1.7108  -1.7109
     -inf  -1.7065  -1.7066  -1.7066  -1.7066  -1.7068  -1.7067  -1.7068  -1.7067  -1.7067
     -inf  -1.7024  -1.7027  -1.7026  -1.7025  -1.7027  -1.7026  -1.7027  -1.7026  -1.7026
     -inf  -1.6987  -1.6987  -1.6986  -1.6984  -1.6983  -1.6984  -1.6985  -1.6984  -1.6983
     -inf  -1.6945  -1.6945  -1.6942  -1.6940  -1.6940  -1.6941  -1.6941  -1.6941  -1.6940
     -inf  -1.6899  -1.6900  -1.6897  -1.6895  -1.6895  -1.6896  -1.6896  -1.6896  -1.6895
     -inf  -1.6858  -1.6856  -1.6854  -1.6852  -1.6851  -1.6852  -1.6852  -1.6852  -1.6851
     -inf  -1.6812  -1.6812  -1.6810  -1.6808  -1.6806  -1.6807  -1.6808  -1.6808  -1.6807
     -inf  -1.6772  -1.6769  -1.6766  -1.6763  -1.6760  -1.6762  -1.6763  -1.6762  -1.6762
     -inf  -1.6726  -1.6722  -1.6721  -1.6720  -1.6716  -1.6717  -1.6717  -1.6717  -1.6717
     -inf  -1.6677  -1.6671  -1.6673  -1.6671  -1.6668  -1.6670  -1.6670  -1.6670  -1.6669
     -inf  -1.6619  -1.6619  -1.6621  -1.6619  -1.6618  -1.6619  -1.6619  -1.6620  -1.6619
     -inf  -1.6569  -1.6574  -1.6575  -1.6572  -1.6572  -1.6571  -1.6573  -1.6573  -1.6572
     -inf  -1.6519  -1.6527  -1.6525  -1.6523  -1.6524  -1.6523  -1.6525  -1.6524  -1.6524
     -inf  -1.6469  -1.6478  -1.6477  -1.6477  -1.6475  -1.6474  -1.6476  -1.6476  -1.6476
     -inf  -1.6417  -1.6427  -1.6429  -1.6428  -1.6426  -1.6425  -1.6427  -1.6427  -1.6427
     -inf  -1.6366  -1.6370  -1.6372  -1.6372  -1.6371  -1.6370  -1.6370  -1.6371  -1.6372
     -inf  -1.6310  -1.6322  -1.6323  -1.6325  -1.6320  -1.6319  -1.6320  -1.6321  -1.6322
     -inf  -1.6248  -1.6259  -1.6264  -1.6267  -1.6264  -1.6262  -1.6263  -1.6264  -1.6265
     -inf  -1.6210  -1.6208  -1.6211  -1.6211  -1.6211  -1.6211  -1.6211  -1.6212  -1.6211
     -inf  -1.6155  -1.6153  -1.6156  -1.6155  -1.6156  -1.6155  -1.6154  -1.6156  -1.6155
        0        0        0        0        0        0        0        0        0        0
        0        0        0        0        0        0        0        0        0        0
        0        0        0        0        0        0        0        0        0        0
        0        0        0        0        0        0        0        0        0        0
        0        0        0        0        0        0        0        0        0        0
        0        0        0        0        0        0        0        0        0        0
        0        0        0        0        0        0        0        0        0        0
        0        0        0        0        0        0        0        0        0        0
        0        0        0        0        0        0        0        0        0        0
        0        0        0        0        0        0        0        0        0        0
        0        0        0        0        0        0        0        0        0        0
        0        0        0        0        0        0        0        0        0        0
        0        0        0        0        0        0        0        0        0        0
        0        0        0        0        0        0        0        0        0        0
        0        0        0        0        0        0        0        0        0        0
        0        0        0        0        0        0        0        0        0        0
        0        0        0        0        0        0        0        0        0        0
        0        0        0        0        0        0        0        0        0        0
        0        0        0        0        0        0        0        0        0        0
        0        0        0        0        0        0        0        0        0        0
        0        0        0        0        0        0        0        0        0        0
        0        0        0        0        0        0        0        0        0        0
        0        0        0        0        0        0        0        0        0        0
        0        0        0        0        0        0        0        0        0        0
        0        0        0        0        0        0        0        0        0        0
        0        0        0        0        0        0        0        0        0        0
        0        0        0        0        0        0        0        0        0        0
        0        0        0        0        0        0        0        0        0        0
        0        0        0        0        0        0        0        0        0        0
        0        0        0        0        0        0        0        0        0        0
        0        0        0        0        0        0        0        0        0        0
        0        0        0        0        0        0        0        0        0        0
        0        0        0        0        0        0        0        0        0        0
        0        0        0        0        0        0        0        0        0        0
        0        0        0        0        0        0        0        0        0        0
        0        0        0        0        0        0        0        0        0        0
        0        0        0        0        0        0        0        0        0        0
        0        0        0        0        0        0        0        0        0        0
        0        0        0        0        0        0        0        0        0        0
        0        0        0        0        0        0        0        0        0        0
        0        0        0        0        0        0        0        0        0        0
        0        0        0        0        0        0        0        0        0        0
        0        0        0        0        0        0        0        0        0        0
        0        0        0        0        0        0        0        0        0        0
        0        0        0        0        0        0        0        0        0        0
        0        0        0        0        0        0        0        0        0        0
        0        0        0        0        0        0        0        0        0        0
        0        0        0        0        0        0        0        0        0        0
        0        0        0        0        0        0        0        0        0        0
        0        0        0        0        0        0        0        0        0        0
        0        0        0        0        0        0        0        0        0        0
        0        0        0        0        0        0        0        0        0        0
        0        0        0        0        0        0        0        0        0        0
        0        0        0        0        0        0        0        0        0        0
        0        0        0        0        0        0        0        0        0        0
        0        0        0        0        0        0        0        0        0        0
        0        0        0        0        0        0        0        0        0        0
        0        0        0        0        0        0        0        0        0        0
        0        0        0        0        0        0        0        0        0        0
        0        0        0        0        0        0        0        0        0        0
        0        0        0        0        0        0        0        0        0        0
        0        0        0        0        0        0        0        0        0        0
        0        0        0        0        0        0        0        0        0        0
        0        0        0        0        0        0        0        0        0        0
        0        0        0        0        0        0        0        0        0        0
        0        0        0        0        0        0        0        0        0        0
        0        0        0        0        0        0        0        0        0        0
        0        0        0        0        0        0        0        0        0        0
        0        0        0        0        0        0        0        0        0        0
        0        0        0        0        0        0        0        0        0        0
        0        0        0        0        0        0        0        0        0        0
        0        0        0        0        0        0        0        0        0        0
        0        0        0        0        0        0        0        0        0        0
        0        0        0        0        0        0        0        0        0        0
        0        0        0        0        0        0        0        0        0        0
        0        0        0        0        0        0        0        0        0        0
        0        0        0        0        0        0        0        0        0        0
        0        0        0        0        0        0        0        0        0        0
        0        0        0        0        0        0        0        0        0        0
        0        0        0        0        0        0        0        0        0        0
        0        0        0        0        0        0        0        0        0        0
        0        0        0        0        0        0        0        0        0        0
        0        0        0        0        0        0        0        0        0        0
        0        0        0        0        0        0        0        0        0        0
        0        0        0        0        0        0        0        0        0        0
        0        0        0        0        0        0        0        0        0        0
        0        0        0        0        0        0        0        0        0        0
        0        0        0        0        0        0        0        0        0        0
        0        0        0        0        0        0        0        0        0        0
        0        0        0        0        0        0        0        0        0        0

      inf   0.9109   0.9111   0.9111   0.9112   0.9112   0.9112   0.9112   0.9112   0.9112
      inf   0.9095   0.9094   0.9096   0.9095   0.9096   0.9096   0.9096   0.9096   0.9096
      inf   0.9077   0.9078   0.9079   0.9080   0.9080   0.9079   0.9079   0.9079   0.9079
      inf   0.9060   0.9062   0.9061   0.9062   0.9063   0.9062   0.9062   0.9062   0.9063
      inf   0.9044   0.9045   0.9044   0.9045   0.9045   0.9045   0.9045   0.9045   0.9045
      inf   0.9028   0.9023   0.9025   0.9027   0.9026   0.9027   0.9025   0.9025   0.9026
      inf   0.9013   0.9008   0.9008   0.9010   0.9009   0.9010   0.9009   0.9009   0.9009
      inf   0.8991   0.8988   0.8989   0.8990   0.8989   0.8989   0.8989   0.8989   0.8990
      inf   0.8972   0.8970   0.8969   0.8971   0.8970   0.8970   0.8970   0.8970   0.8970
      inf   0.8948   0.8947   0.8947   0.8949   0.8949   0.8949   0.8949   0.8948   0.8949
      inf   0.8927   0.8927   0.8927   0.8927   0.8929   0.8928   0.8928   0.8928   0.8928
      inf   0.8907   0.8908   0.8907   0.8907   0.8908   0.8908   0.8908   0.8908   0.8908
      inf   0.8892   0.8890   0.8889   0.8887   0.8885   0.8886   0.8887   0.8886   0.8886
      inf   0.8870   0.8869   0.8865   0.8863   0.8862   0.8863   0.8864   0.8864   0.8863
      inf   0.8840   0.8843   0.8839   0.8838   0.8837   0.8838   0.8839   0.8838   0.8838
      inf   0.8817   0.8821   0.8816   0.8814   0.8813   0.8814   0.8815   0.8815   0.8814
      inf   0.8795   0.8798   0.8794   0.8792   0.8789   0.8791   0.8792   0.8792   0.8791
      inf   0.8775   0.8776   0.8769   0.8767   0.8764   0.8766   0.8767   0.8766   0.8766
      inf   0.8748   0.8749   0.8746   0.8746   0.8741   0.8742   0.8743   0.8743   0.8743
      inf   0.8724   0.8719   0.8720   0.8719   0.8716   0.8717   0.8717   0.8717   0.8717
      inf   0.8686   0.8687   0.8689   0.8687   0.8686   0.8686   0.8686   0.8687   0.8686
      inf   0.8658   0.8663   0.8664   0.8659   0.8660   0.8659   0.8661   0.8661   0.8659
      inf   0.8624   0.8635   0.8635   0.8631   0.8634   0.8632   0.8634   0.8634   0.8633
      inf   0.8596   0.8606   0.8607   0.8606   0.8605   0.8603   0.8605   0.8607   0.8606
      inf   0.8569   0.8578   0.8582   0.8579   0.8578   0.8577   0.8578   0.8579   0.8579
      inf   0.8538   0.8536   0.8542   0.8541   0.8540   0.8540   0.8539   0.8541   0.8541
      inf   0.8501   0.8512   0.8514   0.8516   0.8508   0.8507   0.8509   0.8510   0.8511
      inf   0.8450   0.8463   0.8470   0.8476   0.8470   0.8467   0.8469   0.8470   0.8473
      inf   0.8439   0.8438   0.8439   0.8439   0.8439   0.8440   0.8439   0.8440   0.8439
      inf   0.8406   0.8402   0.8405   0.8404   0.8404   0.8403   0.8403   0.8404   0.8403
        0        0        0        0        0        0        0        0        0        0
        0        0        0        0        0        0        0        0        0        0
        0        0        0        0        0        0        0        0        0        0
        0        0        0        0        0        0        0        0        0        0
        0        0        0        0        0        0        0        0        0        0
        0        0        0        0        0        0        0        0        0        0
        0        0        0        0        0        0        0        0        0        0
        0        0        0        0        0        0        0        0        0        0
        0        0        0        0        0        0        0        0        0        0
        0        0        0        0        0        0        0        0        0        0
        0        0        0        0        0        0        0        0        0        0
        0        0        0        0        0        0        0        0        0        0
        0        0        0        0        0        0        0        0        0        0
        0        0        0        0        0        0        0        0        0        0
        0        0        0        0        0        0        0        0        0        0
        0        0        0        0        0        0        0        0        0        0
        0        0        0        0        0        0        0        0        0        0
        0        0        0        0        0        0        0        0        0        0
        0        0        0        0        0        0        0        0        0        0
        0        0        0        0        0        0        0        0        0        0
        0        0        0        0        0        0        0        0        0        0
        0        0        0        0        0        0        0        0        0        0
        0        0        0        0        0        0        0        0        0        0
        0        0        0        0        0        0        0        0        0        0
        0        0        0        0        0        0        0        0        0        0
        0        0        0        0        0        0        0        0        0        0
        0        0        0        0        0        0        0        0        0        0
        0        0        0        0        0        0        0        0        0        0
        0        0        0        0        0        0        0        0        0        0
        0        0        0        0        0        0        0        0        0        0
        0        0        0        0        0        0        0        0        0        0
        0        0        0        0        0        0        0        0        0        0
        0        0        0        0        0        0        0        0        0        0
        0        0        0        0        0        0        0        0        0        0
        0        0        0        0        0        0        0        0        0        0
        0        0        0        0        0        0        0        0        0        0
        0        0        0        0        0        0        0        0        0        0
        0        0        0        0        0        0        0        0        0        0
        0        0        0        0        0        0        0        0        0        0
        0        0        0        0        0        0        0        0        0        0
        0        0        0        0        0        0        0        0        0        0
        0        0        0        0        0        0        0        0        0        0
        0        0        0        0        0        0        0        0        0        0
        0        0        0        0        0        0        0        0        0        0
        0        0        0        0        0        0        0        0        0        0
        0        0        0        0        0        0        0        0        0        0
        0        0        0        0        0        0        0        0        0        0
        0        0        0        0        0        0        0        0        0        0
        0        0        0        0        0        0        0        0        0        0
        0        0        0        0        0        0        0        0        0        0
        0        0        0        0        0        0        0        0        0        0
        0        0        0        0        0        0        0        0        0        0
        0        0        0        0        0        0        0        0        0        0
        0        0        0        0        0        0        0        0        0        0
        0        0        0        0        0        0        0        0        0        0
        0        0        0        0        0        0        0        0        0        0
        0        0        0        0        0        0        0        0        0        0
        0        0        0        0        0        0        0        0        0        0
        0        0        0        0        0        0        0        0        0        0
        0        0        0        0        0        0        0        0        0        0
        0        0        0        0        0        0        0        0        0        0
        0        0        0        0        0        0        0        0        0        0
        0        0        0        0        0        0        0        0        0        0
        0        0        0        0        0        0        0        0        0        0
        0        0        0        0        0        0        0        0        0        0
        0        0        0        0        0        0        0        0        0        0
        0        0        0        0        0        0        0        0        0        0
        0        0        0        0        0        0        0        0        0        0
        0        0        0        0        0        0        0        0        0        0
        0        0        0        0        0        0        0        0        0        0
        0        0        0        0        0        0        0        0        0        0
        0        0        0        0        0        0        0        0        0        0
        0        0        0        0        0        0        0        0        0        0
        0        0        0        0        0        0        0        0        0        0
        0        0        0        0        0        0        0        0        0        0
        0        0        0        0        0        0        0        0        0        0
        0        0        0        0        0        0        0        0        0        0
        0        0        0        0        0        0        0        0        0        0
        0        0        0        0        0        0        0        0        0        0
        0        0        0        0        0        0        0        0        0        0
        0        0        0        0        0        0        0        0        0        0
        0        0        0        0        0        0        0        0        0        0
        0        0        0        0        0        0        0        0        0        0
        0        0        0        0        0        0        0        0        0        0
        0        0        0        0        0        0        0        0        0        0
        0        0        0        0        0        0        0        0        0        0
        0        0        0        0        0        0        0        0        0        0
        0        0        0        0        0        0        0        0        0        0
        0        0        0        0        0        0        0        0        0        0
        0        0        0        0        0        0        0        0        0        0

      inf   0.9109   0.9111   0.9111   0.9112   0.9112   0.9112   0.9112   0.9112   0.9112
      inf   0.9095   0.9094   0.9096   0.9095   0.9096   0.9096   0.9096   0.9096   0.9096
      inf   0.9077   0.9078   0.9079   0.9080   0.9080   0.9079   0.9079   0.9079   0.9079
      inf   0.9060   0.9062   0.9061   0.9062   0.9063   0.9062   0.9062   0.9062   0.9063
      inf   0.9044   0.9045   0.9044   0.9045   0.9045   0.9045   0.9045   0.9045   0.9045
      inf   0.9028   0.9023   0.9025   0.9027   0.9026   0.9027   0.9025   0.9025   0.9026
      inf   0.9013   0.9008   0.9008   0.9010   0.9009   0.9010   0.9009   0.9009   0.9009
      inf   0.8991   0.8988   0.8989   0.8990   0.8989   0.8989   0.8989   0.8989   0.8990
      inf   0.8972   0.8970   0.8969   0.8971   0.8970   0.8970   0.8970   0.8970   0.8970
      inf   0.8948   0.8947   0.8947   0.8949   0.8949   0.8949   0.8949   0.8948   0.8949
      inf   0.8927   0.8927   0.8927   0.8927   0.8929   0.8928   0.8928   0.8928   0.8928
      inf   0.8907   0.8908   0.8907   0.8907   0.8908   0.8908   0.8908   0.8908   0.8908
      inf   0.8892   0.8890   0.8889   0.8887   0.8885   0.8886   0.8887   0.8886   0.8886
      inf   0.8870   0.8869   0.8865   0.8863   0.8862   0.8863   0.8864   0.8864   0.8863
      inf   0.8840   0.8843   0.8839   0.8838   0.8837   0.8838   0.8839   0.8838   0.8838
      inf   0.8817   0.8821   0.8816   0.8814   0.8813   0.8814   0.8815   0.8815   0.8814
      inf   0.8795   0.8798   0.8794   0.8792   0.8789   0.8791   0.8792   0.8792   0.8791
      inf   0.8775   0.8776   0.8769   0.8767   0.8764   0.8766   0.8767   0.8766   0.8766
      inf   0.8748   0.8749   0.8746   0.8746   0.8741   0.8742   0.8743   0.8743   0.8743
      inf   0.8724   0.8719   0.8720   0.8719   0.8716   0.8717   0.8717   0.8717   0.8717
      inf   0.8686   0.8687   0.8689   0.8687   0.8686   0.8686   0.8686   0.8687   0.8686
      inf   0.8658   0.8663   0.8664   0.8659   0.8660   0.8659   0.8661   0.8661   0.8659
      inf   0.8624   0.8635   0.8635   0.8631   0.8634   0.8632   0.8634   0.8634   0.8633
      inf   0.8596   0.8606   0.8607   0.8606   0.8605   0.8603   0.8605   0.8607   0.8606
      inf   0.8569   0.8578   0.8582   0.8579   0.8578   0.8577   0.8578   0.8579   0.8579
      inf   0.8538   0.8536   0.8542   0.8541   0.8540   0.8540   0.8539   0.8541   0.8541
      inf   0.8501   0.8512   0.8514   0.8516   0.8508   0.8507   0.8509   0.8510   0.8511
      inf   0.8450   0.8463   0.8470   0.8476   0.8470   0.8467   0.8469   0.8470   0.8473
      inf   0.8439   0.8438   0.8439   0.8439   0.8439   0.8440   0.8439   0.8440   0.8439
      inf   0.8406   0.8402   0.8405   0.8404   0.8404   0.8403   0.8403   0.8404   0.8403
        0        0        0        0        0        0        0        0        0        0
        0        0        0        0        0        0        0        0        0        0
        0        0        0        0        0        0        0        0        0        0
        0        0        0        0        0        0        0        0        0        0
        0        0        0        0        0        0        0        0        0        0
        0        0        0        0        0        0        0        0        0        0
        0        0        0        0        0        0        0        0        0        0
        0        0        0        0        0        0        0        0        0        0
        0        0        0        0        0        0        0        0        0        0
        0        0        0        0        0        0        0        0        0        0
        0        0        0        0        0        0        0        0        0        0
        0        0        0        0        0        0        0        0        0        0
        0        0        0        0        0        0        0        0        0        0
        0        0        0        0        0        0        0        0        0        0
        0        0        0        0        0        0        0        0        0        0
        0        0        0        0        0        0        0        0        0        0
        0        0        0        0        0        0        0        0        0        0
        0        0        0        0        0        0        0        0        0        0
        0        0        0        0        0        0        0        0        0        0
        0        0        0        0        0        0        0        0        0        0
        0        0        0        0        0        0        0        0        0        0
        0        0        0        0        0        0        0        0        0        0
        0        0        0        0        0        0        0        0        0        0
        0        0        0        0        0        0        0        0        0        0
        0        0        0        0        0        0        0        0        0        0
        0        0        0        0        0        0        0        0        0        0
        0        0        0        0        0        0        0        0        0        0
        0        0        0        0        0        0        0        0        0        0
        0        0        0        0        0        0        0        0        0        0
        0        0        0        0        0        0        0        0        0        0
        0        0        0        0        0        0        0        0        0        0
        0        0        0        0        0        0        0        0        0        0
        0        0        0        0        0        0        0        0        0        0
        0        0        0        0        0        0        0        0        0        0
        0        0        0        0        0        0        0        0        0        0
        0        0        0        0        0        0        0        0        0        0
        0        0        0        0        0        0        0        0        0        0
        0        0        0        0        0        0        0        0        0        0
        0        0        0        0        0        0        0        0        0        0
        0        0        0        0        0        0        0        0        0        0
        0        0        0        0        0        0        0        0        0        0
        0        0        0        0        0        0        0        0        0        0
        0        0        0        0        0        0        0        0        0        0
        0        0        0        0        0        0        0        0        0        0
        0        0        0        0        0        0        0        0        0        0
        0        0        0        0        0        0        0        0        0        0
        0        0        0        0        0        0        0        0        0        0
        0        0        0        0        0        0        0        0        0        0
        0        0        0        0        0        0        0        0        0        0
        0        0        0        0        0        0        0        0        0        0
        0        0        0        0        0        0        0        0        0        0
        0        0        0        0        0        0        0        0        0        0
        0        0        0        0        0        0        0        0        0        0
        0        0        0        0        0        0        0        0        0        0
        0        0        0        0        0        0        0        0        0        0
        0        0        0        0        0        0        0        0        0        0
        0        0        0        0        0        0        0        0        0        0
        0        0        0        0        0        0        0        0        0        0
        0        0        0        0        0        0        0        0        0        0
        0        0        0        0        0        0        0        0        0        0
        0        0        0        0        0        0        0        0        0        0
        0        0        0        0        0        0        0        0        0        0
        0        0        0        0        0        0        0        0        0        0
        0        0        0        0        0        0        0        0        0        0
        0        0        0        0        0        0        0        0        0        0
        0        0        0        0        0        0        0        0        0        0
        0        0        0        0        0        0        0        0        0        0
        0        0        0        0        0        0        0        0        0        0
        0        0        0        0        0        0        0        0        0        0
        0        0        0        0        0        0        0        0        0        0
        0        0        0        0        0        0        0        0        0        0
        0        0        0        0        0        0        0        0        0        0
        0        0        0        0        0        0        0        0        0        0
        0        0        0        0        0        0        0        0        0        0
        0        0        0        0        0        0        0        0        0        0
        0        0        0        0        0        0        0        0        0        0
        0        0        0        0        0        0        0        0        0        0
        0        0        0        0        0        0        0        0        0        0
        0        0        0        0        0        0        0        0        0        0
        0        0        0        0        0        0        0        0        0        0
        0        0        0        0        0        0        0        0        0        0
        0        0        0        0        0        0        0        0        0        0
        0        0        0        0        0        0        0        0        0        0
        0        0        0        0        0        0        0        0        0        0
        0        0        0        0        0        0        0        0        0        0
        0        0        0        0        0        0        0        0        0        0
        0        0        0        0        0        0        0        0        0        0
        0        0        0        0        0        0        0        0        0        0
        0        0        0        0        0        0        0        0        0        0
        0        0        0        0        0        0        0        0        0        0

      nan   0.7267   0.7207   0.7189   0.7221   0.7244   0.7258   0.7251   0.7229   0.7238
      nan   0.7452   0.7422   0.7316   0.7338   0.7358   0.7368   0.7372   0.7336   0.7345
      nan   0.7586   0.7493   0.7379   0.7414   0.7462   0.7467   0.7468   0.7429   0.7434
      nan   0.7590   0.7584   0.7510   0.7543   0.7568   0.7562   0.7572   0.7548   0.7553
      nan   0.7730   0.7699   0.7676   0.7654   0.7695   0.7699   0.7703   0.7691   0.7673
      nan   0.7898   0.7981   0.7809   0.7797   0.7847   0.7849   0.7880   0.7838   0.7828
      nan   0.8017   0.8049   0.7876   0.7850   0.7887   0.7938   0.7941   0.7891   0.7884
      nan   0.8337   0.8192   0.8000   0.7977   0.8020   0.8070   0.8067   0.8018   0.8003
      nan   0.8365   0.8291   0.8109   0.8064   0.8120   0.8147   0.8169   0.8119   0.8087
      nan   0.8485   0.8393   0.8290   0.8189   0.8223   0.8251   0.8263   0.8248   0.8212
      nan   0.8458   0.8454   0.8372   0.8321   0.8338   0.8345   0.8378   0.8343   0.8339
      nan   0.8498   0.8597   0.8474   0.8453   0.8411   0.8419   0.8457   0.8454   0.8426
      nan   0.8676   0.8693   0.8628   0.8573   0.8571   0.8581   0.8581   0.8585   0.8559
      nan   0.8791   0.8816   0.8837   0.8738   0.8736   0.8765   0.8765   0.8782   0.8752
      nan   0.9148   0.9037   0.9074   0.8952   0.8928   0.8961   0.8953   0.8985   0.8934
      nan   0.9192   0.9101   0.9183   0.9086   0.9056   0.9073   0.9067   0.9089   0.9070
      nan   0.9219   0.9173   0.9251   0.9186   0.9152   0.9159   0.9160   0.9184   0.9161
      nan   0.9314   0.9351   0.9417   0.9314   0.9326   0.9305   0.9316   0.9348   0.9312
      nan   0.9116   0.9280   0.9389   0.9346   0.9372   0.9336   0.9357   0.9388   0.9374
      nan   0.9168   0.9496   0.9429   0.9442   0.9420   0.9382   0.9431   0.9434   0.9442
      nan   0.9652   0.9726   0.9688   0.9671   0.9622   0.9625   0.9642   0.9635   0.9640
      nan   0.9504   0.9678   0.9701   0.9776   0.9673   0.9670   0.9676   0.9703   0.9725
      nan   1.0030   0.9775   0.9823   0.9825   0.9803   0.9809   0.9775   0.9788   0.9787
      nan   1.0140   0.9974   1.0005   1.0001   0.9974   1.0011   0.9967   0.9984   0.9978
      nan   1.0461   1.0101   1.0127   1.0144   1.0131   1.0187   1.0114   1.0121   1.0130
      nan   1.0262   1.0196   1.0167   1.0172   1.0196   1.0180   1.0198   1.0188   1.0175
      nan   1.0326   1.0302   1.0310   1.0334   1.0445   1.0426   1.0395   1.0402   1.0400
      nan   1.1249   1.0904   1.0828   1.0748   1.0762   1.0840   1.0806   1.0784   1.0737
      nan   1.0722   1.0916   1.0917   1.0820   1.0795   1.0776   1.0836   1.0840   1.0805
      nan   1.1010   1.0934   1.1070   1.0953   1.1008   1.1044   1.1029   1.1063   1.1006
        0        0        0        0        0        0        0        0        0        0
        0        0        0        0        0        0        0        0        0        0
        0        0        0        0        0        0        0        0        0        0
        0        0        0        0        0        0        0        0        0        0
        0        0        0        0        0        0        0        0        0        0
        0        0        0        0        0        0        0        0        0        0
        0        0        0        0        0        0        0        0        0        0
        0        0        0        0        0        0        0        0        0        0
        0        0        0        0        0        0        0        0        0        0
        0        0        0        0        0        0        0        0        0        0
        0        0        0        0        0        0        0        0        0        0
        0        0        0        0        0        0        0        0        0        0
        0        0        0        0        0        0        0        0        0        0
        0        0        0        0        0        0        0        0        0        0
        0        0        0        0        0        0        0        0        0        0
        0        0        0        0        0        0        0        0        0        0
        0        0        0        0        0        0        0        0        0        0
        0        0        0        0        0        0        0        0        0        0
        0        0        0        0        0        0        0        0        0        0
        0        0        0        0        0        0        0        0        0        0
        0        0        0        0        0        0        0        0        0        0
        0        0        0        0        0        0        0        0        0        0
        0        0        0        0        0        0        0        0        0        0
        0        0        0        0        0        0        0        0        0        0
        0        0        0        0        0        0        0        0        0        0
        0        0        0        0        0        0        0        0        0        0
        0        0        0        0        0        0        0        0        0        0
        0        0        0        0        0        0        0        0        0        0
        0        0        0        0        0        0        0        0        0        0
        0        0        0        0        0        0        0        0        0        0
        0        0        0        0        0        0        0        0        0        0
        0        0        0        0        0        0        0        0        0        0
        0        0        0        0        0        0        0        0        0        0
        0        0        0        0        0        0        0        0        0        0
        0        0        0        0        0        0        0        0        0        0
        0        0        0        0        0        0        0        0        0        0
        0        0        0        0        0        0        0        0        0        0
        0        0        0        0        0        0        0        0        0        0
        0        0        0        0        0        0        0        0        0        0
        0        0        0        0        0        0        0        0        0        0
        0        0        0        0        0        0        0        0        0        0
        0        0        0        0        0        0        0        0        0        0
        0        0        0        0        0        0        0        0        0        0
        0        0        0        0        0        0        0        0        0        0
        0        0        0        0        0        0        0        0        0        0
        0        0        0        0        0        0        0        0        0        0
        0        0        0        0        0        0        0        0        0        0
        0        0        0        0        0        0        0        0        0        0
        0        0        0        0        0        0        0        0        0        0
        0        0        0        0        0        0        0        0        0        0
        0        0        0        0        0        0        0        0        0        0
        0        0        0        0        0        0        0        0        0        0
        0        0        0        0        0        0        0        0        0        0
        0        0        0        0        0        0        0        0        0        0
        0        0        0        0        0        0        0        0        0        0
        0        0        0        0        0        0        0        0        0        0
        0        0        0        0        0        0        0        0        0        0
        0        0        0        0        0        0        0        0        0        0
        0        0        0        0        0        0        0        0        0        0
        0        0        0        0        0        0        0        0        0        0
        0        0        0        0        0        0        0        0        0        0
        0        0        0        0        0        0        0        0        0        0
        0        0        0        0        0        0        0        0        0        0
        0        0        0        0        0        0        0        0        0        0
        0        0        0        0        0        0        0        0        0        0
        0        0        0        0        0        0        0        0        0        0
        0        0        0        0        0        0        0        0        0        0
        0        0        0        0        0        0        0        0        0        0
        0        0        0        0        0        0        0        0        0        0
        0        0        0        0        0        0        0        0        0        0
        0        0        0        0        0        0        0        0        0        0
        0        0        0        0        0        0        0        0        0        0
        0        0        0        0        0        0        0        0        0        0
        0        0        0        0        0        0        0        0        0        0
        0        0        0        0        0        0        0        0        0        0
        0        0        0        0        0        0        0        0        0        0
        0        0        0        0        0        0        0        0        0        0
        0        0        0        0        0        0        0        0        0        0
        0        0        0        0        0        0        0        0        0        0
        0        0        0        0        0        0        0        0        0        0
        0        0        0        0        0        0        0        0        0        0
        0        0        0        0        0        0        0        0        0        0
        0        0        0        0        0        0        0        0        0        0
        0        0        0        0        0        0        0        0        0        0
        0        0        0        0        0        0        0        0        0        0
        0        0        0        0        0        0        0        0        0        0
        0        0        0        0        0        0        0        0        0        0
        0        0        0        0        0        0        0        0        0        0
        0        0        0        0        0        0        0        0        0        0
        0        0        0        0        0        0        0        0        0        0

      nan   0.3884   0.3845   0.3851   0.3837   0.3831   0.3865   0.3862   0.3851   0.3850
      nan   0.4066   0.4068   0.3979   0.4034   0.3999   0.4008   0.4014   0.3988   0.4009
      nan   0.4328   0.4226   0.4120   0.4158   0.4168   0.4188   0.4173   0.4153   0.4159
      nan   0.4377   0.4370   0.4335   0.4356   0.4331   0.4333   0.4347   0.4333   0.4342
      nan   0.4622   0.4531   0.4551   0.4503   0.4491   0.4501   0.4503   0.4513   0.4491
      nan   0.4800   0.4939   0.4827   0.4754   0.4803   0.4752   0.4829   0.4816   0.4782
      nan   0.4781   0.4894   0.4778   0.4768   0.4802   0.4821   0.4832   0.4798   0.4801
      nan   0.5260   0.5129   0.5000   0.4967   0.5082   0.5111   0.5090   0.5052   0.5032
      nan   0.5283   0.5256   0.5160   0.5125   0.5284   0.5265   0.5276   0.5231   0.5204
      nan   0.5728   0.5766   0.5713   0.5578   0.5627   0.5632   0.5656   0.5654   0.5607
      nan   0.5956   0.6069   0.5940   0.5911   0.5875   0.5868   0.5940   0.5890   0.5879
      nan   0.6004   0.6270   0.6201   0.6191   0.6093   0.6048   0.6137   0.6143   0.6127
      nan   0.6106   0.6290   0.6217   0.6314   0.6426   0.6380   0.6341   0.6348   0.6353
      nan   0.6413   0.6428   0.6638   0.6698   0.6815   0.6766   0.6715   0.6744   0.6782
      nan   0.7417   0.7164   0.7350   0.7236   0.7325   0.7346   0.7255   0.7353   0.7277
      nan   0.7732   0.7306   0.7670   0.7593   0.7709   0.7710   0.7605   0.7675   0.7641
      nan   0.7740   0.7499   0.7755   0.7802   0.8170   0.8075   0.7975   0.7996   0.7994
      nan   0.8049   0.8101   0.8790   0.8570   0.8807   0.8685   0.8623   0.8808   0.8708
      nan   0.8586   0.8465   0.8749   0.8472   0.8825   0.8792   0.8741   0.8801   0.8683
      nan   0.7886   0.8944   0.8795   0.8652   0.8803   0.8666   0.8816   0.8815   0.8756
      nan   1.0421   0.9914   0.9732   0.9586   0.9854   0.9942   0.9841   0.9764   0.9725
      nan   0.9438   0.9669   0.9743   1.0252   1.0054   0.9973   0.9947   0.9919   1.0144
      nan   1.1793   1.0410   1.0346   1.0491   1.0214   1.0439   1.0247   1.0248   1.0240
      nan   1.2096   1.1036   1.0952   1.0794   1.0732   1.0978   1.0806   1.0764   1.0745
      nan   1.2265   1.1037   1.0969   1.1124   1.1015   1.1231   1.0995   1.0980   1.1068
      nan   1.2162   1.2879   1.2041   1.2081   1.1860   1.1864   1.2158   1.1936   1.1916
      nan   1.2579   1.2386   1.2391   1.2387   1.3299   1.3182   1.3066   1.2992   1.2918
      nan   1.8241   1.5939   1.4965   1.4311   1.4700   1.5224   1.5018   1.4807   1.4471
      nan   1.3967   1.4625   1.4649   1.4480   1.4340   1.4188   1.4419   1.4454   1.4402
      nan   1.5183   1.4959   1.5381   1.5448   1.5801   1.5835   1.5697   1.5762   1.5737
        0        0        0        0        0        0        0        0        0        0
        0        0        0        0        0        0        0        0        0        0
        0        0        0        0        0        0        0        0        0        0
        0        0        0        0        0        0        0        0        0        0
        0        0        0        0        0        0        0        0        0        0
        0        0        0        0        0        0        0        0        0        0
        0        0        0        0        0        0        0        0        0        0
        0        0        0        0        0        0        0        0        0        0
        0        0        0        0        0        0        0        0        0        0
        0        0        0        0        0        0        0        0        0        0
        0        0        0        0        0        0        0        0        0        0
        0        0        0        0        0        0        0        0        0        0
        0        0        0        0        0        0        0        0        0        0
        0        0        0        0        0        0        0        0        0        0
        0        0        0        0        0        0        0        0        0        0
        0        0        0        0        0        0        0        0        0        0
        0        0        0        0        0        0        0        0        0        0
        0        0        0        0        0        0        0        0        0        0
        0        0        0        0        0        0        0        0        0        0
        0        0        0        0        0        0        0        0        0        0
        0        0        0        0        0        0        0        0        0        0
        0        0        0        0        0        0        0        0        0        0
        0        0        0        0        0        0        0        0        0        0
        0        0        0        0        0        0        0        0        0        0
        0        0        0        0        0        0        0        0        0        0
        0        0        0        0        0        0        0        0        0        0
        0        0        0        0        0        0        0        0        0        0
        0        0        0        0        0        0        0        0        0        0
        0        0        0        0        0        0        0        0        0        0
        0        0        0        0        0        0        0        0        0        0
        0        0        0        0        0        0        0        0        0        0
        0        0        0        0        0        0        0        0        0        0
        0        0        0        0        0        0        0        0        0        0
        0        0        0        0        0        0        0        0        0        0
        0        0        0        0        0        0        0        0        0        0
        0        0        0        0        0        0        0        0        0        0
        0        0        0        0        0        0        0        0        0        0
        0        0        0        0        0        0        0        0        0        0
        0        0        0        0        0        0        0        0        0        0
        0        0        0        0        0        0        0        0        0        0
        0        0        0        0        0        0        0        0        0        0
        0        0        0        0        0        0        0        0        0        0
        0        0        0        0        0        0        0        0        0        0
        0        0        0        0        0        0        0        0        0        0
        0        0        0        0        0        0        0        0        0        0
        0        0        0        0        0        0        0        0        0        0
        0        0        0        0        0        0        0        0        0        0
        0        0        0        0        0        0        0        0        0        0
        0        0        0        0        0        0        0        0        0        0
        0        0        0        0        0        0        0        0        0        0
        0        0        0        0        0        0        0        0        0        0
        0        0        0        0        0        0        0        0        0        0
        0        0        0        0        0        0        0        0        0        0
        0        0        0        0        0        0        0        0        0        0
        0        0        0        0        0        0        0        0        0        0
        0        0        0        0        0        0        0        0        0        0
        0        0        0        0        0        0        0        0        0        0
        0        0        0        0        0        0        0        0        0        0
        0        0        0        0        0        0        0        0        0        0
        0        0        0        0        0        0        0        0        0        0
        0        0        0        0        0        0        0        0        0        0
        0        0        0        0        0        0        0        0        0        0
        0        0        0        0        0        0        0        0        0        0
        0        0        0        0        0        0        0        0        0        0
        0        0        0        0        0        0        0        0        0        0
        0        0        0        0        0        0        0        0        0        0
        0        0        0        0        0        0        0        0        0        0
        0        0        0        0        0        0        0        0        0        0
        0        0        0        0        0        0        0        0        0        0
        0        0        0        0        0        0        0        0        0        0
        0        0        0        0        0        0        0        0        0        0
        0        0        0        0        0        0        0        0        0        0
        0        0        0        0        0        0        0        0        0        0
        0        0        0        0        0        0        0        0        0        0
        0        0        0        0        0        0        0        0        0        0
        0        0        0        0        0        0        0        0        0        0
        0        0        0        0        0        0        0        0        0        0
        0        0        0        0        0        0        0        0        0        0
        0        0        0        0        0        0        0        0        0        0
        0        0        0        0        0        0        0        0        0        0
        0        0        0        0        0        0        0        0        0        0
        0        0        0        0        0        0        0        0        0        0
        0        0        0        0        0        0        0        0        0        0
        0        0        0        0        0        0        0        0        0        0
        0        0        0        0        0        0        0        0        0        0
        0        0        0        0        0        0        0        0        0        0
        0        0        0        0        0        0        0        0        0        0
        0        0        0        0        0        0        0        0        0        0
        0        0        0        0        0        0        0        0        0        0
        0        0        0        0        0        0        0        0        0        0

      nan   0.3884   0.3845   0.3851   0.3837   0.3831   0.3865   0.3862   0.3851   0.3850
      nan   0.4066   0.4068   0.3979   0.4034   0.3999   0.4008   0.4014   0.3988   0.4009
      nan   0.4328   0.4226   0.4120   0.4158   0.4168   0.4188   0.4173   0.4153   0.4159
      nan   0.4377   0.4370   0.4335   0.4356   0.4331   0.4333   0.4347   0.4333   0.4342
      nan   0.4622   0.4531   0.4551   0.4503   0.4491   0.4501   0.4503   0.4513   0.4491
      nan   0.4800   0.4939   0.4827   0.4754   0.4803   0.4752   0.4829   0.4816   0.4782
      nan   0.4781   0.4894   0.4778   0.4768   0.4802   0.4821   0.4832   0.4798   0.4801
      nan   0.5260   0.5129   0.5000   0.4967   0.5082   0.5111   0.5090   0.5052   0.5032
      nan   0.5283   0.5256   0.5160   0.5125   0.5284   0.5265   0.5276   0.5231   0.5204
      nan   0.5728   0.5766   0.5713   0.5578   0.5627   0.5632   0.5656   0.5654   0.5607
      nan   0.5956   0.6069   0.5940   0.5911   0.5875   0.5868   0.5940   0.5890   0.5879
      nan   0.6004   0.6270   0.6201   0.6191   0.6093   0.6048   0.6137   0.6143   0.6127
      nan   0.6106   0.6290   0.6217   0.6314   0.6426   0.6380   0.6341   0.6348   0.6353
      nan   0.6413   0.6428   0.6638   0.6698   0.6815   0.6766   0.6715   0.6744   0.6782
      nan   0.7417   0.7164   0.7350   0.7236   0.7325   0.7346   0.7255   0.7353   0.7277
      nan   0.7732   0.7306   0.7670   0.7593   0.7709   0.7710   0.7605   0.7675   0.7641
      nan   0.7740   0.7499   0.7755   0.7802   0.8170   0.8075   0.7975   0.7996   0.7994
      nan   0.8049   0.8101   0.8790   0.8570   0.8807   0.8685   0.8623   0.8808   0.8708
      nan   0.8586   0.8465   0.8749   0.8472   0.8825   0.8792   0.8741   0.8801   0.8683
      nan   0.7886   0.8944   0.8795   0.8652   0.8803   0.8666   0.8816   0.8815   0.8756
      nan   1.0421   0.9914   0.9732   0.9586   0.9854   0.9942   0.9841   0.9764   0.9725
      nan   0.9438   0.9669   0.9743   1.0252   1.0054   0.9973   0.9947   0.9919   1.0144
      nan   1.1793   1.0410   1.0346   1.0491   1.0214   1.0439   1.0247   1.0248   1.0240
      nan   1.2096   1.1036   1.0952   1.0794   1.0732   1.0978   1.0806   1.0764   1.0745
      nan   1.2265   1.1037   1.0969   1.1124   1.1015   1.1231   1.0995   1.0980   1.1068
      nan   1.2162   1.2879   1.2041   1.2081   1.1860   1.1864   1.2158   1.1936   1.1916
      nan   1.2579   1.2386   1.2391   1.2387   1.3299   1.3182   1.3066   1.2992   1.2918
      nan   1.8241   1.5939   1.4965   1.4311   1.4700   1.5224   1.5018   1.4807   1.4471
      nan   1.3967   1.4625   1.4649   1.4480   1.4340   1.4188   1.4419   1.4454   1.4402
      nan   1.5183   1.4959   1.5381   1.5448   1.5801   1.5835   1.5697   1.5762   1.5737
        0        0        0        0        0        0        0        0        0        0
        0        0        0        0        0        0        0        0        0        0
        0        0        0        0        0        0        0        0        0        0
        0        0        0        0        0        0        0        0        0        0
        0        0        0        0        0        0        0        0        0        0
        0        0        0        0        0        0        0        0        0        0
        0        0        0        0        0        0        0        0        0        0
        0        0        0        0        0        0        0        0        0        0
        0        0        0        0        0        0        0        0        0        0
        0        0        0        0        0        0        0        0        0        0
        0        0        0        0        0        0        0        0        0        0
        0        0        0        0        0        0        0        0        0        0
        0        0        0        0        0        0        0        0        0        0
        0        0        0        0        0        0        0        0        0        0
        0        0        0        0        0        0        0        0        0        0
        0        0        0        0        0        0        0        0        0        0
        0        0        0        0        0        0        0        0        0        0
        0        0        0        0        0        0        0        0        0        0
        0        0        0        0        0        0        0        0        0        0
        0        0        0        0        0        0        0        0        0        0
        0        0        0        0        0        0        0        0        0        0
        0        0        0        0        0        0        0        0        0        0
        0        0        0        0        0        0        0        0        0        0
        0        0        0        0        0        0        0        0        0        0
        0        0        0        0        0        0        0        0        0        0
        0        0        0        0        0        0        0        0        0        0
        0        0        0        0        0        0        0        0        0        0
        0        0        0        0        0        0        0        0        0        0
        0        0        0        0        0        0        0        0        0        0
        0        0        0        0        0        0        0        0        0        0
        0        0        0        0        0        0        0        0        0        0
        0        0        0        0        0        0        0        0        0        0
        0        0        0        0        0        0        0        0        0        0
        0        0        0        0        0        0        0        0        0        0
        0        0        0        0        0        0        0        0        0        0
        0        0        0        0        0        0        0        0        0        0
        0        0        0        0        0        0        0        0        0        0
        0        0        0        0        0        0        0        0        0        0
        0        0        0        0        0        0        0        0        0        0
        0        0        0        0        0        0        0        0        0        0
        0        0        0        0        0        0        0        0        0        0
        0        0        0        0        0        0        0        0        0        0
        0        0        0        0        0        0        0        0        0        0
        0        0        0        0        0        0        0        0        0        0
        0        0        0        0        0        0        0        0        0        0
        0        0        0        0        0        0        0        0        0        0
        0        0        0        0        0        0        0        0        0        0
        0        0        0        0        0        0        0        0        0        0
        0        0        0        0        0        0        0        0        0        0
        0        0        0        0        0        0        0        0        0        0
        0        0        0        0        0        0        0        0        0        0
        0        0        0        0        0        0        0        0        0        0
        0        0        0        0        0        0        0        0        0        0
        0        0        0        0        0        0        0        0        0        0
        0        0        0        0        0        0        0        0        0        0
        0        0        0        0        0        0        0        0        0        0
        0        0        0        0        0        0        0        0        0        0
        0        0        0        0        0        0        0        0        0        0
        0        0        0        0        0        0        0        0        0        0
        0        0        0        0        0        0        0        0        0        0
        0        0        0        0        0        0        0        0        0        0
        0        0        0        0        0        0        0        0        0        0
        0        0        0        0        0        0        0        0        0        0
        0        0        0        0        0        0        0        0        0        0
        0        0        0        0        0        0        0        0        0        0
        0        0        0        0        0        0        0        0        0        0
        0        0        0        0        0        0        0        0        0        0
        0        0        0        0        0        0        0        0        0        0
        0        0        0        0        0        0        0        0        0        0
        0        0        0        0        0        0        0        0        0        0
        0        0        0        0        0        0        0        0        0        0
        0        0        0        0        0        0        0        0        0        0
        0        0        0        0        0        0        0        0        0        0
        0        0        0        0        0        0        0        0        0        0
        0        0        0        0        0        0        0        0        0        0
        0        0        0        0        0        0        0        0        0        0
        0        0        0        0        0        0        0        0        0        0
        0        0        0        0        0        0        0        0        0        0
        0        0        0        0        0        0        0        0        0        0
        0        0        0        0        0        0        0        0        0        0
        0        0        0        0        0        0        0        0        0        0
        0        0        0        0        0        0        0        0        0        0
        0        0        0        0        0        0        0        0        0        0
        0        0        0        0        0        0        0        0        0        0
        0        0        0        0        0        0        0        0        0        0
        0        0        0        0        0        0        0        0        0        0
        0        0        0        0        0        0        0        0        0        0
        0        0        0        0        0        0        0        0        0        0
        0        0        0        0        0        0        0        0        0        0
        0        0        0        0        0        0        0        0        0        0

      inf   0.1583   0.1187   0.1056   0.0990   0.0950   0.0924   0.0905   0.0891   0.0880
      inf   0.1608   0.1206   0.1072   0.1005   0.0965   0.0938   0.0919   0.0905   0.0893
      inf   0.1635   0.1226   0.1089   0.1021   0.0980   0.0953   0.0933   0.0919   0.0907
      inf   0.1660   0.1244   0.1106   0.1037   0.0995   0.0968   0.0948   0.0933   0.0921
      inf   0.1685   0.1264   0.1124   0.1053   0.1011   0.0983   0.0963   0.0948   0.0936
      inf   0.1712   0.1285   0.1142   0.1070   0.1027   0.0999   0.0979   0.0963   0.0951
      inf   0.1738   0.1305   0.1160   0.1086   0.1043   0.1014   0.0994   0.0978   0.0966
      inf   0.1767   0.1326   0.1178   0.1104   0.1060   0.1030   0.1009   0.0994   0.0981
      inf   0.1794   0.1346   0.1196   0.1121   0.1076   0.1046   0.1025   0.1009   0.0997
      inf   0.1823   0.1367   0.1216   0.1139   0.1093   0.1063   0.1041   0.1025   0.1013
      inf   0.1850   0.1388   0.1234   0.1157   0.1110   0.1080   0.1058   0.1041   0.1028
      inf   0.1879   0.1409   0.1253   0.1175   0.1128   0.1096   0.1074   0.1058   0.1045
      inf   0.1909   0.1432   0.1273   0.1194   0.1147   0.1115   0.1091   0.1075   0.1062
      inf   0.1938   0.1453   0.1293   0.1213   0.1164   0.1132   0.1109   0.1091   0.1078
      inf   0.1971   0.1478   0.1315   0.1233   0.1184   0.1151   0.1127   0.1110   0.1096
      inf   0.2002   0.1501   0.1335   0.1253   0.1203   0.1169   0.1145   0.1127   0.1113
      inf   0.2035   0.1525   0.1356   0.1272   0.1222   0.1187   0.1163   0.1145   0.1131
      inf   0.2068   0.1550   0.1378   0.1293   0.1242   0.1206   0.1182   0.1163   0.1149
      inf   0.2102   0.1575   0.1400   0.1313   0.1261   0.1225   0.1200   0.1181   0.1167
      inf   0.2135   0.1601   0.1422   0.1334   0.1281   0.1245   0.1219   0.1200   0.1186
      inf   0.2170   0.1627   0.1445   0.1356   0.1302   0.1266   0.1240   0.1220   0.1205
      inf   0.2203   0.1651   0.1467   0.1377   0.1321   0.1285   0.1258   0.1239   0.1224
      inf   0.2236   0.1675   0.1490   0.1398   0.1342   0.1305   0.1278   0.1258   0.1242
      inf   0.2275   0.1703   0.1514   0.1420   0.1363   0.1326   0.1298   0.1278   0.1262
      inf   0.2313   0.1731   0.1538   0.1442   0.1385   0.1347   0.1318   0.1298   0.1282
      inf   0.2350   0.1761   0.1564   0.1466   0.1408   0.1369   0.1341   0.1320   0.1303
      inf   0.2394   0.1791   0.1590   0.1490   0.1432   0.1392   0.1363   0.1341   0.1324
      inf   0.2434   0.1822   0.1617   0.1515   0.1455   0.1415   0.1386   0.1364   0.1347
      inf   0.2463   0.1847   0.1641   0.1539   0.1477   0.1436   0.1407   0.1385   0.1368
      inf   0.2503   0.1878   0.1668   0.1564   0.1501   0.1460   0.1430   0.1408   0.1390
        0        0        0        0        0        0        0        0        0        0
        0        0        0        0        0        0        0        0        0        0
        0        0        0        0        0        0        0        0        0        0
        0        0        0        0        0        0        0        0        0        0
        0        0        0        0        0        0        0        0        0        0
        0        0        0        0        0        0        0        0        0        0
        0        0        0        0        0        0        0        0        0        0
        0        0        0        0        0        0        0        0        0        0
        0        0        0        0        0        0        0        0        0        0
        0        0        0        0        0        0        0        0        0        0
        0        0        0        0        0        0        0        0        0        0
        0        0        0        0        0        0        0        0        0        0
        0        0        0        0        0        0        0        0        0        0
        0        0        0        0        0        0        0        0        0        0
        0        0        0        0        0        0        0        0        0        0
        0        0        0        0        0        0        0        0        0        0
        0        0        0        0        0        0        0        0        0        0
        0        0        0        0        0        0        0        0        0        0
        0        0        0        0        0        0        0        0        0        0
        0        0        0        0        0        0        0        0        0        0
        0        0        0        0        0        0        0        0        0        0
        0        0        0        0        0        0        0        0        0        0
        0        0        0        0        0        0        0        0        0        0
        0        0        0        0        0        0        0        0        0        0
        0        0        0        0        0        0        0        0        0        0
        0        0        0        0        0        0        0        0        0        0
        0        0        0        0        0        0        0        0        0        0
        0        0        0        0        0        0        0        0        0        0
        0        0        0        0        0        0        0        0        0        0
        0        0        0        0        0        0        0        0        0        0
        0        0        0        0        0        0        0        0        0        0
        0        0        0        0        0        0        0        0        0        0
        0        0        0        0        0        0        0        0        0        0
        0        0        0        0        0        0        0        0        0        0
        0        0        0        0        0        0        0        0        0        0
        0        0        0        0        0        0        0        0        0        0
        0        0        0        0        0        0        0        0        0        0
        0        0        0        0        0        0        0        0        0        0
        0        0        0        0        0        0        0        0        0        0
        0        0        0        0        0        0        0        0        0        0
        0        0        0        0        0        0        0        0        0        0
        0        0        0        0        0        0        0        0        0        0
        0        0        0        0        0        0        0        0        0        0
        0        0        0        0        0        0        0        0        0        0
        0        0        0        0        0        0        0        0        0        0
        0        0        0        0        0        0        0        0        0        0
        0        0        0        0        0        0        0        0        0        0
        0        0        0        0        0        0        0        0        0        0
        0        0        0        0        0        0        0        0        0        0
        0        0        0        0        0        0        0        0        0        0
        0        0        0        0        0        0        0        0        0        0
        0        0        0        0        0        0        0        0        0        0
        0        0        0        0        0        0        0        0        0        0
        0        0        0        0        0        0        0        0        0        0
        0        0        0        0        0        0        0        0        0        0
        0        0        0        0        0        0        0        0        0        0
        0        0        0        0        0        0        0        0        0        0
        0        0        0        0        0        0        0        0        0        0
        0        0        0        0        0        0        0        0        0        0
        0        0        0        0        0        0        0        0        0        0
        0        0        0        0        0        0        0        0        0        0
        0        0        0        0        0        0        0        0        0        0
        0        0        0        0        0        0        0        0        0        0
        0        0        0        0        0        0        0        0        0        0
        0        0        0        0        0        0        0        0        0        0
        0        0        0        0        0        0        0        0        0        0
        0        0        0        0        0        0        0        0        0        0
        0        0        0        0        0        0        0        0        0        0
        0        0        0        0        0        0        0        0        0        0
        0        0        0        0        0        0        0        0        0        0
        0        0        0        0        0        0        0        0        0        0
        0        0        0        0        0        0        0        0        0        0
        0        0        0        0        0        0        0        0        0        0
        0        0        0        0        0        0        0        0        0        0
        0        0        0        0        0        0        0        0        0        0
        0        0        0        0        0        0        0        0        0        0
        0        0        0        0        0        0        0        0        0        0
        0        0        0        0        0        0        0        0        0        0
        0        0        0        0        0        0        0        0        0        0
        0        0        0        0        0        0        0        0        0        0
        0        0        0        0        0        0        0        0        0        0
        0        0        0        0        0        0        0        0        0        0
        0        0        0        0        0        0        0        0        0        0
        0        0        0        0        0        0        0        0        0        0
        0        0        0        0        0        0        0        0        0        0
        0        0        0        0        0        0        0        0        0        0
        0        0        0        0        0        0        0        0        0        0
        0        0        0        0        0        0        0        0        0        0
        0        0        0        0        0        0        0        0        0        0
        0        0        0        0        0        0        0        0        0        0

