   2.0000
   2.0050
   2.0100
   2.0150
   2.0200
   2.0250
   2.0300
   2.0350
   2.0400
   2.0450
   2.0500
   2.0550
   2.0600
   2.0650
   2.0700
   2.0750
   2.0800
   2.0850
   2.0900
   2.0950
   2.1000
   2.1050
   2.1100
   2.1150
   2.1200
   2.1250
   2.1300
   2.1350
   2.1400
   2.1450
   2.1500
   2.1550
   2.1600
   2.1650
   2.1700
   2.1750
   2.1800
   2.1850
   2.1900
   2.1950
   2.2000
   2.2050
   2.2100
   2.2150
   2.2200
   2.2250
   2.2300
   2.2350
   2.2400
   2.2450
   2.2500
   2.2550
   2.2600
   2.2650
   2.2700
   2.2750
   2.2800
   2.2850
   2.2900
   2.2950
   2.3000
   2.3050
   2.3100
   2.3150
   2.3200
   2.3250
   2.3300
   2.3350
   2.3400
   2.3450
   2.3500
   2.3550
   2.3600
   2.3650
   2.3700
   2.3750
   2.3800
   2.3850
   2.3900
   2.3950
   2.4000
   2.4050
   2.4100
   2.4150
   2.4200
   2.4250
   2.4300
   2.4350
   2.4400
   2.4450
   2.4500
   2.4550
   2.4600
   2.4650
   2.4700
   2.4750
   2.4800
   2.4850
   2.4900
   2.4950
   2.5000
   2.5050
   2.5100
   2.5150
   2.5200
   2.5250
   2.5300
   2.5350
   2.5400
   2.5450
   2.5500
   2.5550
   2.5600
   2.5650
   2.5700
   2.5750
   2.5800
   2.5850
   2.5900
   2.5950

        0        0        0        0        0        0        0        0        0        0
        0        0        0        0        0        0        0        0        0        0
        0        0        0        0        0        0        0        0        0        0
        0        0        0        0        0        0        0        0        0        0
        0        0        0        0        0        0        0        0        0        0
        0        0        0        0        0        0        0        0        0        0
        0        0        0        0        0        0        0        0        0        0
        0        0        0        0        0        0        0        0        0        0
        0        0        0        0        0        0        0        0        0        0
        0        0        0        0        0        0        0        0        0        0
        0        0        0        0        0        0        0        0        0        0
        0        0        0        0        0        0        0        0        0        0
        0        0        0        0        0        0        0        0        0        0
        0        0        0        0        0        0        0        0        0        0
        0        0        0        0        0        0        0        0        0        0
        0        0        0        0        0        0        0        0        0        0
        0        0        0        0        0        0        0        0        0        0
        0        0        0        0        0        0        0        0        0        0
        0        0        0        0        0        0        0        0        0        0
        0        0        0        0        0        0        0        0        0        0
        0        0        0        0        0        0        0        0        0        0
        0        0        0        0        0        0        0        0        0        0
        0        0        0        0        0        0        0        0        0        0
        0        0        0        0        0        0        0        0        0        0
        0        0        0        0        0        0        0        0        0        0
        0        0        0        0        0        0        0        0        0        0
        0        0        0        0        0        0        0        0        0        0
        0        0        0        0        0        0        0        0        0        0
        0        0        0        0        0        0        0        0        0        0
        0        0        0        0        0        0        0        0        0        0
     -inf  -1.6100  -1.6105  -1.6100  -1.6099  -1.6101  -1.6101  -1.6102  -1.6100  -1.6100
     -inf  -1.6038  -1.6040  -1.6039  -1.6038  -1.6042  -1.6041  -1.6041  -1.6041  -1.6041
     -inf  -1.5990  -1.5983  -1.5990  -1.5987  -1.5986  -1.5988  -1.5986  -1.5988  -1.5987
     -inf  -1.5937  -1.5925  -1.5930  -1.5928  -1.5926  -1.5929  -1.5927  -1.5929  -1.5928
     -inf  -1.5869  -1.5864  -1.5871  -1.5870  -1.5865  -1.5865  -1.5865  -1.5867  -1.5867
     -inf  -1.5791  -1.5790  -1.5802  -1.5795  -1.5798  -1.5796  -1.5796  -1.5798  -1.5797
     -inf  -1.5731  -1.5732  -1.5739  -1.5737  -1.5737  -1.5736  -1.5737  -1.5739  -1.5738
     -inf  -1.5681  -1.5676  -1.5673  -1.5669  -1.5668  -1.5670  -1.5670  -1.5670  -1.5669
     -inf  -1.5612  -1.5611  -1.5611  -1.5613  -1.5613  -1.5613  -1.5612  -1.5611  -1.5613
     -inf  -1.5530  -1.5532  -1.5539  -1.5535  -1.5538  -1.5536  -1.5537  -1.5539  -1.5537
     -inf  -1.5462  -1.5464  -1.5470  -1.5472  -1.5471  -1.5470  -1.5469  -1.5471  -1.5471
     -inf  -1.5391  -1.5383  -1.5384  -1.5390  -1.5388  -1.5390  -1.5387  -1.5387  -1.5389
     -inf  -1.5330  -1.5326  -1.5324  -1.5324  -1.5321  -1.5323  -1.5324  -1.5322  -1.5323
     -inf  -1.5272  -1.5253  -1.5252  -1.5255  -1.5251  -1.5256  -1.5252  -1.5252  -1.5253
     -inf  -1.5163  -1.5165  -1.5163  -1.5165  -1.5164  -1.5165  -1.5166  -1.5165  -1.5165
     -inf  -1.5093  -1.5083  -1.5071  -1.5080  -1.5086  -1.5086  -1.5084  -1.5079  -1.5083
     -inf  -1.5010  -1.4990  -1.4990  -1.4997  -1.4996  -1.4999  -1.4995  -1.4995  -1.4997
     -inf  -1.4924  -1.4896  -1.4905  -1.4911  -1.4913  -1.4915  -1.4908  -1.4912  -1.4914
     -inf  -1.4826  -1.4813  -1.4794  -1.4786  -1.4808  -1.4814  -1.4813  -1.4809  -1.4800
     -inf  -1.4744  -1.4738  -1.4742  -1.4743  -1.4736  -1.4739  -1.4736  -1.4738  -1.4737
     -inf  -1.4649  -1.4672  -1.4675  -1.4672  -1.4676  -1.4673  -1.4677  -1.4677  -1.4675
     -inf  -1.4457  -1.4494  -1.4512  -1.4536  -1.4539  -1.4529  -1.4525  -1.4530  -1.4536
     -inf  -1.4448  -1.4450  -1.4418  -1.4433  -1.4445  -1.4448  -1.4447  -1.4436  -1.4441
     -inf  -1.4350  -1.4334  -1.4339  -1.4337  -1.4336  -1.4337  -1.4334  -1.4333  -1.4336
     -inf  -1.4245  -1.4208  -1.4219  -1.4222  -1.4210  -1.4217  -1.4210  -1.4218  -1.4221
     -inf  -1.4137  -1.4079  -1.4079  -1.4096  -1.4104  -1.4109  -1.4094  -1.4097  -1.4098
     -inf  -1.4023  -1.4025  -1.4020  -1.4016  -1.4037  -1.4036  -1.4039  -1.4031  -1.4029
     -inf  -1.3898  -1.3900  -1.3910  -1.3906  -1.3896  -1.3889  -1.3892  -1.3896  -1.3896
     -inf  -1.3684  -1.3780  -1.3779  -1.3792  -1.3787  -1.3768  -1.3781  -1.3784  -1.3787
     -inf  -1.3718  -1.3640  -1.3663  -1.3659  -1.3667  -1.3672  -1.3657  -1.3666  -1.3664
        0        0        0        0        0        0        0        0        0        0
        0        0        0        0        0        0        0        0        0        0
        0        0        0        0        0        0        0        0        0        0
        0        0        0        0        0        0        0        0        0        0
        0        0        0        0        0        0        0        0        0        0
        0        0        0        0        0        0        0        0        0        0
        0        0        0        0        0        0        0        0        0        0
        0        0        0        0        0        0        0        0        0        0
        0        0        0        0        0        0        0        0        0        0
        0        0        0        0        0        0        0        0        0        0
        0        0        0        0        0        0        0        0        0        0
        0        0        0        0        0        0        0        0        0        0
        0        0        0        0        0        0        0        0        0        0
        0        0        0        0        0        0        0        0        0        0
        0        0        0        0        0        0        0        0        0        0
        0        0        0        0        0        0        0        0        0        0
        0        0        0        0        0        0        0        0        0        0
        0        0        0        0        0        0        0        0        0        0
        0        0        0        0        0        0        0        0        0        0
        0        0        0        0        0        0        0        0        0        0
        0        0        0        0        0        0        0        0        0        0
        0        0        0        0        0        0        0        0        0        0
        0        0        0        0        0        0        0        0        0        0
        0        0        0        0        0        0        0        0        0        0
        0        0        0        0        0        0        0        0        0        0
        0        0        0        0        0        0        0        0        0        0
        0        0        0        0        0        0        0        0        0        0
        0        0        0        0        0        0        0        0        0        0
        0        0        0        0        0        0        0        0        0        0
        0        0        0        0        0        0        0        0        0        0
        0        0        0        0        0        0        0        0        0        0
        0        0        0        0        0        0        0        0        0        0
        0        0        0        0        0        0        0        0        0        0
        0        0        0        0        0        0        0        0        0        0
        0        0        0        0        0        0        0        0        0        0
        0        0        0        0        0        0        0        0        0        0
        0        0        0        0        0        0        0        0        0        0
        0        0        0        0        0        0        0        0        0        0
        0        0        0        0        0        0        0        0        0        0
        0        0        0        0        0        0        0        0        0        0
        0        0        0        0        0        0        0        0        0        0
        0        0        0        0        0        0        0        0        0        0
        0        0        0        0        0        0        0        0        0        0
        0        0        0        0        0        0        0        0        0        0
        0        0        0        0        0        0        0        0        0        0
        0        0        0        0        0        0        0        0        0        0
        0        0        0        0        0        0        0        0        0        0
        0        0        0        0        0        0        0        0        0        0
        0        0        0        0        0        0        0        0        0        0
        0        0        0        0        0        0        0        0        0        0
        0        0        0        0        0        0        0        0        0        0
        0        0        0        0        0        0        0        0        0        0
        0        0        0        0        0        0        0        0        0        0
        0        0        0        0        0        0        0        0        0        0
        0        0        0        0        0        0        0        0        0        0
        0        0        0        0        0        0        0        0        0        0
        0        0        0        0        0        0        0        0        0        0
        0        0        0        0        0        0        0        0        0        0
        0        0        0        0        0        0        0        0        0        0
        0        0        0        0        0        0        0        0        0        0

        0        0        0        0        0        0        0        0        0        0
        0        0        0        0        0        0        0        0        0        0
        0        0        0        0        0        0        0        0        0        0
        0        0        0        0        0        0        0        0        0        0
        0        0        0        0        0        0        0        0        0        0
        0        0        0        0        0        0        0        0        0        0
        0        0        0        0        0        0        0        0        0        0
        0        0        0        0        0        0        0        0        0        0
        0        0        0        0        0        0        0        0        0        0
        0        0        0        0        0        0        0        0        0        0
        0        0        0        0        0        0        0        0        0        0
        0        0        0        0        0        0        0        0        0        0
        0        0        0        0        0        0        0        0        0        0
        0        0        0        0        0        0        0        0        0        0
        0        0        0        0        0        0        0        0        0        0
        0        0        0        0        0        0        0        0        0        0
        0        0        0        0        0        0        0        0        0        0
        0        0        0        0        0        0        0        0        0        0
        0        0        0        0        0        0        0        0        0        0
        0        0        0        0        0        0        0        0        0        0
        0        0        0        0        0        0        0        0        0        0
        0        0        0        0        0        0        0        0        0        0
        0        0        0        0        0        0        0        0        0        0
        0        0        0        0        0        0        0        0        0        0
        0        0        0        0        0        0        0        0        0        0
        0        0        0        0        0        0        0        0        0        0
        0        0        0        0        0        0        0        0        0        0
        0        0        0        0        0        0        0        0        0        0
        0        0        0        0        0        0        0        0        0        0
        0        0        0        0        0        0        0        0        0        0
      inf   0.8360   0.8366   0.8360   0.8360   0.8364   0.8363   0.8364   0.8362   0.8361
      inf   0.8310   0.8315   0.8313   0.8315   0.8322   0.8319   0.8319   0.8319   0.8320
      inf   0.8288   0.8280   0.8290   0.8288   0.8287   0.8289   0.8286   0.8289   0.8288
      inf   0.8254   0.8238   0.8244   0.8241   0.8240   0.8243   0.8241   0.8243   0.8242
      inf   0.8192   0.8187   0.8200   0.8199   0.8195   0.8194   0.8193   0.8197   0.8197
      inf   0.8130   0.8113   0.8136   0.8122   0.8131   0.8130   0.8127   0.8131   0.8127
      inf   0.8088   0.8087   0.8100   0.8089   0.8091   0.8090   0.8091   0.8095   0.8092
      inf   0.8062   0.8041   0.8034   0.8025   0.8026   0.8032   0.8030   0.8029   0.8027
      inf   0.7998   0.7990   0.7993   0.7998   0.7998   0.7998   0.7996   0.7995   0.7998
      inf   0.7927   0.7919   0.7936   0.7921   0.7924   0.7925   0.7925   0.7929   0.7923
      inf   0.7862   0.7863   0.7871   0.7873   0.7871   0.7871   0.7870   0.7873   0.7872
      inf   0.7796   0.7759   0.7760   0.7772   0.7770   0.7777   0.7770   0.7768   0.7771
      inf   0.7733   0.7738   0.7703   0.7705   0.7701   0.7708   0.7714   0.7702   0.7705
      inf   0.7710   0.7651   0.7652   0.7660   0.7647   0.7659   0.7650   0.7650   0.7653
      inf   0.7524   0.7543   0.7546   0.7550   0.7544   0.7544   0.7547   0.7547   0.7549
      inf   0.7450   0.7426   0.7391   0.7427   0.7445   0.7445   0.7438   0.7424   0.7437
      inf   0.7380   0.0730  -0.1956  -0.3319  -0.4119  -0.4663  -0.3316  -0.1983  -0.0942
      inf   0.7278   0.5285   0.1106  -0.0989  -0.2241  -0.3081  -0.3277  -0.1957  -0.0931
      inf   0.7153   0.7096   0.3318   0.1217  -0.0491  -0.1608  -0.2387  -0.1602  -0.0938
      inf   0.7012   0.4309   0.0573  -0.1314  -0.2411  -0.3187  -0.3108  -0.1857  -0.0878
      inf   0.6769   0.6901   0.6928   0.6492   0.3786   0.2020   0.0724  -0.0238  -0.0904
      inf   0.6308   0.6391   0.6502   0.6606   0.6599   0.6561   0.6526   0.6558   0.6590
      inf  -0.3488  -0.5015  -0.4377  -0.4947  -0.5293  -0.4006  -0.2503  -0.1801  -0.0859
     -inf  -0.2863  -0.3057  -0.3055  -0.1195  -0.1982  -0.1184  -0.0416  -0.0108  -0.0505
     -inf  -0.3639  -0.3397  -0.0198   0.0344  -0.0207  -0.0781  -0.1269  -0.0324  -0.0035
     -inf   0.1924   0.0962  -0.0519   0.1102   0.1534   0.1468   0.1389   0.0676   0.1245
      inf  -0.1338  -0.3524  -0.3430  -0.3323  -0.3865  -0.3153  -0.1872  -0.1131  -0.0773
      inf   0.0342   0.0679  -0.0960  -0.1685  -0.1858  -0.1547  -0.1485  -0.0869  -0.0347
     -inf   0.0679  -0.0264   0.0713   0.0650   0.1259   0.1169   0.0711   0.1015   0.0907
      inf   0.3513   0.2222   0.1989   0.2342   0.2601   0.1604   0.1236   0.0879   0.0401
        0        0        0        0        0        0        0        0        0        0
        0        0        0        0        0        0        0        0        0        0
        0        0        0        0        0        0        0        0        0        0
        0        0        0        0        0        0        0        0        0        0
        0        0        0        0        0        0        0        0        0        0
        0        0        0        0        0        0        0        0        0        0
        0        0        0        0        0        0        0        0        0        0
        0        0        0        0        0        0        0        0        0        0
        0        0        0        0        0        0        0        0        0        0
        0        0        0        0        0        0        0        0        0        0
        0        0        0        0        0        0        0        0        0        0
        0        0        0        0        0        0        0        0        0        0
        0        0        0        0        0        0        0        0        0        0
        0        0        0        0        0        0        0        0        0        0
        0        0        0        0        0        0        0        0        0        0
        0        0        0        0        0        0        0        0        0        0
        0        0        0        0        0        0        0        0        0        0
        0        0        0        0        0        0        0        0        0        0
        0        0        0        0        0        0        0        0        0        0
        0        0        0        0        0        0        0        0        0        0
        0        0        0        0        0        0        0        0        0        0
        0        0        0        0        0        0        0        0        0        0
        0        0        0        0        0        0        0        0        0        0
        0        0        0        0        0        0        0        0        0        0
        0        0        0        0        0        0        0        0        0        0
        0        0        0        0        0        0        0        0        0        0
        0        0        0        0        0        0        0        0        0        0
        0        0        0        0        0        0        0        0        0        0
        0        0        0        0        0        0        0        0        0        0
        0        0        0        0        0        0        0        0        0        0
        0        0        0        0        0        0        0        0        0        0
        0        0        0        0        0        0        0        0        0        0
        0        0        0        0        0        0        0        0        0        0
        0        0        0        0        0        0        0        0        0        0
        0        0        0        0        0        0        0        0        0        0
        0        0        0        0        0        0        0        0        0        0
        0        0        0        0        0        0        0        0        0        0
        0        0        0        0        0        0        0        0        0        0
        0        0        0        0        0        0        0        0        0        0
        0        0        0        0        0        0        0        0        0        0
        0        0        0        0        0        0        0        0        0        0
        0        0        0        0        0        0        0        0        0        0
        0        0        0        0        0        0        0        0        0        0
        0        0        0        0        0        0        0        0        0        0
        0        0        0        0        0        0        0        0        0        0
        0        0        0        0        0        0        0        0        0        0
        0        0        0        0        0        0        0        0        0        0
        0        0        0        0        0        0        0        0        0        0
        0        0        0        0        0        0        0        0        0        0
        0        0        0        0        0        0        0        0        0        0
        0        0        0        0        0        0        0        0        0        0
        0        0        0        0        0        0        0        0        0        0
        0        0        0        0        0        0        0        0        0        0
        0        0        0        0        0        0        0        0        0        0
        0        0        0        0        0        0        0        0        0        0
        0        0        0        0        0        0        0        0        0        0
        0        0        0        0        0        0        0        0        0        0
        0        0        0        0        0        0        0        0        0        0
        0        0        0        0        0        0        0        0        0        0
        0        0        0        0        0        0        0        0        0        0

        0        0        0        0        0        0        0        0        0        0
        0        0        0        0        0        0        0        0        0        0
        0        0        0        0        0        0        0        0        0        0
        0        0        0        0        0        0        0        0        0        0
        0        0        0        0        0        0        0        0        0        0
        0        0        0        0        0        0        0        0        0        0
        0        0        0        0        0        0        0        0        0        0
        0        0        0        0        0        0        0        0        0        0
        0        0        0        0        0        0        0        0        0        0
        0        0        0        0        0        0        0        0        0        0
        0        0        0        0        0        0        0        0        0        0
        0        0        0        0        0        0        0        0        0        0
        0        0        0        0        0        0        0        0        0        0
        0        0        0        0        0        0        0        0        0        0
        0        0        0        0        0        0        0        0        0        0
        0        0        0        0        0        0        0        0        0        0
        0        0        0        0        0        0        0        0        0        0
        0        0        0        0        0        0        0        0        0        0
        0        0        0        0        0        0        0        0        0        0
        0        0        0        0        0        0        0        0        0        0
        0        0        0        0        0        0        0        0        0        0
        0        0        0        0        0        0        0        0        0        0
        0        0        0        0        0        0        0        0        0        0
        0        0        0        0        0        0        0        0        0        0
        0        0        0        0        0        0        0        0        0        0
        0        0        0        0        0        0        0        0        0        0
        0        0        0        0        0        0        0        0        0        0
        0        0        0        0        0        0        0        0        0        0
        0        0        0        0        0        0        0        0        0        0
        0        0        0        0        0        0        0        0        0        0
      inf   0.8360   0.8366   0.8360   0.8360   0.8364   0.8363   0.8364   0.8362   0.8361
      inf   0.8310   0.8315   0.8313   0.8315   0.8322   0.8319   0.8319   0.8319   0.8320
      inf   0.8288   0.8280   0.8290   0.8288   0.8287   0.8289   0.8286   0.8289   0.8288
      inf   0.8254   0.8238   0.8244   0.8241   0.8240   0.8243   0.8241   0.8243   0.8242
      inf   0.8192   0.8187   0.8200   0.8199   0.8195   0.8194   0.8193   0.8197   0.8197
      inf   0.8130   0.8113   0.8136   0.8122   0.8131   0.8130   0.8127   0.8131   0.8127
      inf   0.8088   0.8087   0.8100   0.8089   0.8091   0.8090   0.8091   0.8095   0.8092
      inf   0.8062   0.8041   0.8034   0.8025   0.8026   0.8032   0.8030   0.8029   0.8027
      inf   0.7998   0.7990   0.7993   0.7998   0.7998   0.7998   0.7996   0.7995   0.7998
      inf   0.7927   0.7919   0.7936   0.7921   0.7924   0.7925   0.7925   0.7929   0.7923
      inf   0.7862   0.7863   0.7871   0.7873   0.7871   0.7871   0.7870   0.7873   0.7872
      inf   0.7796   0.7759   0.7760   0.7772   0.7770   0.7777   0.7770   0.7768   0.7771
      inf   0.7733   0.7738   0.7703   0.7705   0.7701   0.7708   0.7714   0.7702   0.7705
      inf   0.7710   0.7651   0.7652   0.7660   0.7647   0.7659   0.7650   0.7650   0.7653
      inf   0.7524   0.7543   0.7546   0.7550   0.7544   0.7544   0.7547   0.7547   0.7549
      inf   0.7450   0.7426   0.7391   0.7427   0.7445   0.7445   0.7438   0.7424   0.7437
      inf   0.7380   0.7293   0.7305   0.7331   0.7328   0.7337   0.7319   0.7323   0.7330
      inf   0.7278   0.7169   0.7197   0.7216   0.7222   0.7232   0.7206   0.7217   0.7223
      inf   0.7153   0.7096   0.6990   0.6916   0.6997   0.7030   0.7034   0.7018   0.6967
      inf   0.7012   0.6959   0.6954   0.6960   0.6928   0.6951   0.6936   0.6937   0.6939
      inf   0.6785   0.6909   0.6933   0.6913   0.6938   0.6919   0.6938   0.6943   0.6928
      inf   0.6309   0.6431   0.6529   0.6627   0.6622   0.6580   0.6554   0.6583   0.6612
      inf   0.6434   0.6489   0.6337   0.6417   0.6470   0.6470   0.6476   0.6423   0.6451
      inf   0.6264   0.6199   0.6265   0.6252   0.6234   0.6230   0.6221   0.6232   0.6242
      inf   0.6124   0.5926   0.6017   0.6015   0.5943   0.5975   0.5939   0.5982   0.6001
      inf   0.5799   0.5477   0.5511   0.5625   0.5670   0.5684   0.5598   0.5615   0.5635
      inf   0.5714   0.5720   0.5688   0.5668   0.5741   0.5746   0.5758   0.5722   0.5715
      inf   0.5143   0.5197   0.5229   0.5239   0.5205   0.5149   0.5177   0.5187   0.5192
      inf   0.4615   0.5066   0.5036   0.5089   0.5058   0.4978   0.5041   0.5055   0.5063
      inf   0.5005   0.4592   0.4669   0.4648   0.4665   0.4700   0.4632   0.4667   0.4660
        0        0        0        0        0        0        0        0        0        0
        0        0        0        0        0        0        0        0        0        0
        0        0        0        0        0        0        0        0        0        0
        0        0        0        0        0        0        0        0        0        0
        0        0        0        0        0        0        0        0        0        0
        0        0        0        0        0        0        0        0        0        0
        0        0        0        0        0        0        0        0        0        0
        0        0        0        0        0        0        0        0        0        0
        0        0        0        0        0        0        0        0        0        0
        0        0        0        0        0        0        0        0        0        0
        0        0        0        0        0        0        0        0        0        0
        0        0        0        0        0        0        0        0        0        0
        0        0        0        0        0        0        0        0        0        0
        0        0        0        0        0        0        0        0        0        0
        0        0        0        0        0        0        0        0        0        0
        0        0        0        0        0        0        0        0        0        0
        0        0        0        0        0        0        0        0        0        0
        0        0        0        0        0        0        0        0        0        0
        0        0        0        0        0        0        0        0        0        0
        0        0        0        0        0        0        0        0        0        0
        0        0        0        0        0        0        0        0        0        0
        0        0        0        0        0        0        0        0        0        0
        0        0        0        0        0        0        0        0        0        0
        0        0        0        0        0        0        0        0        0        0
        0        0        0        0        0        0        0        0        0        0
        0        0        0        0        0        0        0        0        0        0
        0        0        0        0        0        0        0        0        0        0
        0        0        0        0        0        0        0        0        0        0
        0        0        0        0        0        0        0        0        0        0
        0        0        0        0        0        0        0        0        0        0
        0        0        0        0        0        0        0        0        0        0
        0        0        0        0        0        0        0        0        0        0
        0        0        0        0        0        0        0        0        0        0
        0        0        0        0        0        0        0        0        0        0
        0        0        0        0        0        0        0        0        0        0
        0        0        0        0        0        0        0        0        0        0
        0        0        0        0        0        0        0        0        0        0
        0        0        0        0        0        0        0        0        0        0
        0        0        0        0        0        0        0        0        0        0
        0        0        0        0        0        0        0        0        0        0
        0        0        0        0        0        0        0        0        0        0
        0        0        0        0        0        0        0        0        0        0
        0        0        0        0        0        0        0        0        0        0
        0        0        0        0        0        0        0        0        0        0
        0        0        0        0        0        0        0        0        0        0
        0        0        0        0        0        0        0        0        0        0
        0        0        0        0        0        0        0        0        0        0
        0        0        0        0        0        0        0        0        0        0
        0        0        0        0        0        0        0        0        0        0
        0        0        0        0        0        0        0        0        0        0
        0        0        0        0        0        0        0        0        0        0
        0        0        0        0        0        0        0        0        0        0
        0        0        0        0        0        0        0        0        0        0
        0        0        0        0        0        0        0        0        0        0
        0        0        0        0        0        0        0        0        0        0
        0        0        0        0        0        0        0        0        0        0
        0        0        0        0        0        0        0        0        0        0
        0        0        0        0        0        0        0        0        0        0
        0        0        0        0        0        0        0        0        0        0
        0        0        0        0        0        0        0        0        0        0

        0        0        0        0        0        0        0        0        0        0
        0        0        0        0        0        0        0        0        0        0
        0        0        0        0        0        0        0        0        0        0
        0        0        0        0        0        0        0        0        0        0
        0        0        0        0        0        0        0        0        0        0
        0        0        0        0        0        0        0        0        0        0
        0        0        0        0        0        0        0        0        0        0
        0        0        0        0        0        0        0        0        0        0
        0        0        0        0        0        0        0        0        0        0
        0        0        0        0        0        0        0        0        0        0
        0        0        0        0        0        0        0        0        0        0
        0        0        0        0        0        0        0        0        0        0
        0        0        0        0        0        0        0        0        0        0
        0        0        0        0        0        0        0        0        0        0
        0        0        0        0        0        0        0        0        0        0
        0        0        0        0        0        0        0        0        0        0
        0        0        0        0        0        0        0        0        0        0
        0        0        0        0        0        0        0        0        0        0
        0        0        0        0        0        0        0        0        0        0
        0        0        0        0        0        0        0        0        0        0
        0        0        0        0        0        0        0        0        0        0
        0        0        0        0        0        0        0        0        0        0
        0        0        0        0        0        0        0        0        0        0
        0        0        0        0        0        0        0        0        0        0
        0        0        0        0        0        0        0        0        0        0
        0        0        0        0        0        0        0        0        0        0
        0        0        0        0        0        0        0        0        0        0
        0        0        0        0        0        0        0        0        0        0
        0        0        0        0        0        0        0        0        0        0
        0        0        0        0        0        0        0        0        0        0
      nan   1.1723   1.1404   1.1346   1.1327   1.1244   1.1306   1.1275   1.1284   1.1281
      nan   1.1926   1.1502   1.1597   1.1510   1.1395   1.1506   1.1464   1.1481   1.1457
      nan   1.1582   1.1639   1.1509   1.1557   1.1529   1.1537   1.1542   1.1530   1.1536
      nan   1.1295   1.1506   1.1590   1.1645   1.1720   1.1657   1.1671   1.1653   1.1678
      nan   1.2213   1.2133   1.2022   1.2093   1.2183   1.2185   1.2173   1.2128   1.2150
      nan   1.2675   1.2841   1.2628   1.2762   1.2691   1.2696   1.2709   1.2671   1.2723
      nan   1.2618   1.2781   1.2539   1.2818   1.2803   1.2785   1.2797   1.2718   1.2812
      nan   1.2512   1.2837   1.3064   1.3229   1.3195   1.3075   1.3087   1.3122   1.3184
      nan   1.2704   1.2897   1.3015   1.3060   1.2981   1.2978   1.2953   1.3032   1.3013
      nan   1.3174   1.3531   1.3504   1.3661   1.3689   1.3625   1.3631   1.3631   1.3679
      nan   1.3553   1.3452   1.3625   1.3542   1.3673   1.3641   1.3593   1.3603   1.3595
      nan   1.3526   1.4024   1.4378   1.4175   1.4336   1.4194   1.4206   1.4322   1.4244
      nan   1.4463   1.4224   1.4876   1.4817   1.4982   1.4918   1.4761   1.4955   1.4921
      nan   1.4050   1.4821   1.4890   1.4738   1.5170   1.4990   1.5061   1.5061   1.4980
      nan   1.6197   1.5852   1.5699   1.5581   1.5591   1.5693   1.5646   1.5630   1.5576
      nan   1.6421   1.6414   1.6440   1.6049   1.5821   1.5913   1.6008   1.6080   1.5938
      nan   1.6266   1.7001   1.7072   1.6678   1.6543   1.6504   1.6684   1.6680   1.6606
      nan   1.7203   1.7618   1.7119   1.6959   1.6855   1.6911   1.7077   1.6954   1.6908
      nan   1.6304   1.7407   1.8198   1.9291   1.8770   1.8371   1.8381   1.8435   1.8965
      nan   1.7676   1.8566   1.8757   1.8718   1.8759   1.8498   1.8708   1.8755   1.8739
      nan   1.9137   1.8278   1.8103   1.8586   1.8468   1.8639   1.8306   1.8321   1.8507
      nan   2.0503   2.0582   1.9891   1.9243   1.9628   1.9870   2.0082   1.9796   1.9550
      nan   1.9810   1.9911   2.1178   2.0284   1.9999   1.9919   2.0017   2.0430   2.0126
      nan   2.0439   2.1344   2.0633   2.0656   2.1029   2.1141   2.1213   2.1003   2.0961
      nan   2.1530   2.1815   2.1183   2.1127   2.1504   2.1554   2.1616   2.1385   2.1251
      nan   2.2466   2.3051   2.2750   2.2583   2.2557   2.2649   2.2824   2.2705   2.2623
      nan   2.0959   2.0614   2.0857   2.1088   2.1194   2.1169   2.0971   2.1055   2.1133
      nan   2.3054   2.2355   2.2171   2.2064   2.1877   2.2238   2.2192   2.2077   2.2053
      nan   2.3277   2.3278   2.2274   2.2487   2.1996   2.2269   2.2432   2.2151   2.2246
      nan   2.2087   2.1307   2.1632   2.1641   2.1752   2.1774   2.1505   2.1637   2.1652
        0        0        0        0        0        0        0        0        0        0
        0        0        0        0        0        0        0        0        0        0
        0        0        0        0        0        0        0        0        0        0
        0        0        0        0        0        0        0        0        0        0
        0        0        0        0        0        0        0        0        0        0
        0        0        0        0        0        0        0        0        0        0
        0        0        0        0        0        0        0        0        0        0
        0        0        0        0        0        0        0        0        0        0
        0        0        0        0        0        0        0        0        0        0
        0        0        0        0        0        0        0        0        0        0
        0        0        0        0        0        0        0        0        0        0
        0        0        0        0        0        0        0        0        0        0
        0        0        0        0        0        0        0        0        0        0
        0        0        0        0        0        0        0        0        0        0
        0        0        0        0        0        0        0        0        0        0
        0        0        0        0        0        0        0        0        0        0
        0        0        0        0        0        0        0        0        0        0
        0        0        0        0        0        0        0        0        0        0
        0        0        0        0        0        0        0        0        0        0
        0        0        0        0        0        0        0        0        0        0
        0        0        0        0        0        0        0        0        0        0
        0        0        0        0        0        0        0        0        0        0
        0        0        0        0        0        0        0        0        0        0
        0        0        0        0        0        0        0        0        0        0
        0        0        0        0        0        0        0        0        0        0
        0        0        0        0        0        0        0        0        0        0
        0        0        0        0        0        0        0        0        0        0
        0        0        0        0        0        0        0        0        0        0
        0        0        0        0        0        0        0        0        0        0
        0        0        0        0        0        0        0        0        0        0
        0        0        0        0        0        0        0        0        0        0
        0        0        0        0        0        0        0        0        0        0
        0        0        0        0        0        0        0        0        0        0
        0        0        0        0        0        0        0        0        0        0
        0        0        0        0        0        0        0        0        0        0
        0        0        0        0        0        0        0        0        0        0
        0        0        0        0        0        0        0        0        0        0
        0        0        0        0        0        0        0        0        0        0
        0        0        0        0        0        0        0        0        0        0
        0        0        0        0        0        0        0        0        0        0
        0        0        0        0        0        0        0        0        0        0
        0        0        0        0        0        0        0        0        0        0
        0        0        0        0        0        0        0        0        0        0
        0        0        0        0        0        0        0        0        0        0
        0        0        0        0        0        0        0        0        0        0
        0        0        0        0        0        0        0        0        0        0
        0        0        0        0        0        0        0        0        0        0
        0        0        0        0        0        0        0        0        0        0
        0        0        0        0        0        0        0        0        0        0
        0        0        0        0        0        0        0        0        0        0
        0        0        0        0        0        0        0        0        0        0
        0        0        0        0        0        0        0        0        0        0
        0        0        0        0        0        0        0        0        0        0
        0        0        0        0        0        0        0        0        0        0
        0        0        0        0        0        0        0        0        0        0
        0        0        0        0        0        0        0        0        0        0
        0        0        0        0        0        0        0        0        0        0
        0        0        0        0        0        0        0        0        0        0
        0        0        0        0        0        0        0        0        0        0
        0        0        0        0        0        0        0        0        0        0

            0            0            0            0            0            0            0            0            0            0
            0            0            0            0            0            0            0            0            0            0
            0            0            0            0            0            0            0            0            0            0
            0            0            0            0            0            0            0            0            0            0
            0            0            0            0            0            0            0            0            0            0
            0            0            0            0            0            0            0            0            0            0
            0            0            0            0            0            0            0            0            0            0
            0            0            0            0            0            0            0            0            0            0
            0            0            0            0            0            0            0            0            0            0
            0            0            0            0            0            0            0            0            0            0
            0            0            0            0            0            0            0            0            0            0
            0            0            0            0            0            0            0            0            0            0
            0            0            0            0            0            0            0            0            0            0
            0            0            0            0            0            0            0            0            0            0
            0            0            0            0            0            0            0            0            0            0
            0            0            0            0            0            0            0            0            0            0
            0            0            0            0            0            0            0            0            0            0
            0            0            0            0            0            0            0            0            0            0
            0            0            0            0            0            0            0            0            0            0
            0            0            0            0            0            0            0            0            0            0
            0            0            0            0            0            0            0            0            0            0
            0            0            0            0            0            0            0            0            0            0
            0            0            0            0            0            0            0            0            0            0
            0            0            0            0            0            0            0            0            0            0
            0            0            0            0            0            0            0            0            0            0
            0            0            0            0            0            0            0            0            0            0
            0            0            0            0            0            0            0            0            0            0
            0            0            0            0            0            0            0            0            0            0
            0            0            0            0            0            0            0            0            0            0
            0            0            0            0            0            0            0            0            0            0
          nan   1.9066e+00   1.7629e+00   1.7445e+00   1.7214e+00   1.6928e+00   1.7191e+00   1.7126e+00   1.7161e+00   1.7104e+00
          nan   2.1982e+00   1.9497e+00   2.0184e+00   1.9416e+00   1.8584e+00   1.9243e+00   1.8971e+00   1.9208e+00   1.8984e+00
          nan   1.8576e+00   1.8463e+00   1.7548e+00   1.7954e+00   1.7993e+00   1.7995e+00   1.8044e+00   1.7805e+00   1.7916e+00
          nan   1.8983e+00   1.9934e+00   2.0178e+00   2.0313e+00   2.0782e+00   2.0490e+00   2.0534e+00   2.0476e+00   2.0497e+00
          nan   2.6493e+00   2.4816e+00   2.3175e+00   2.2700e+00   2.2933e+00   2.3531e+00   2.3395e+00   2.2992e+00   2.2857e+00
          nan   2.8340e+00   3.5379e+00   3.0838e+00   3.2766e+00   3.0780e+00   3.0373e+00   3.1946e+00   3.0817e+00   3.1665e+00
          nan   3.0937e+00   2.8579e+00   2.6170e+00   3.1842e+00   3.0860e+00   3.0928e+00   3.0213e+00   2.9116e+00   3.1202e+00
          nan   2.6960e+00   3.1082e+00   3.3840e+00   3.5634e+00   3.4684e+00   3.3484e+00   3.3704e+00   3.4340e+00   3.4780e+00
          nan   3.1028e+00   3.0497e+00   3.1106e+00   3.0723e+00   3.0229e+00   3.0452e+00   3.0254e+00   3.0689e+00   3.0371e+00
          nan   3.0255e+00   3.4144e+00   3.2846e+00   3.6063e+00   3.6430e+00   3.5418e+00   3.5649e+00   3.5135e+00   3.6297e+00
          nan   3.7100e+00   3.5490e+00   3.6228e+00   3.5380e+00   3.6983e+00   3.6835e+00   3.6426e+00   3.6233e+00   3.6254e+00
          nan   3.9060e+00   5.0308e+00   5.1853e+00   4.9102e+00   4.9532e+00   4.7704e+00   4.9267e+00   5.0187e+00   4.9144e+00
          nan   5.0520e+00   4.6618e+00   8.2368e+00   7.8274e+00   7.4644e+00   7.0571e+00   6.6615e+00   7.7573e+00   7.5986e+00
          nan   4.1963e+00   5.9503e+00   5.8099e+00   5.4769e+00   6.2803e+00   5.9406e+00   6.1254e+00   6.0945e+00   5.9152e+00
          nan   8.3345e+00   7.8061e+00   6.9954e+00   6.8817e+00   6.9477e+00   7.1817e+00   7.1833e+00   6.9662e+00   6.9032e+00
          nan   8.5590e+00   9.8657e+00   1.0966e+01   9.7017e+00   8.9145e+00   8.8482e+00   9.1904e+00   9.6992e+00   9.2780e+00
          nan   8.5117e+00   8.6555e+02   8.1378e+02   7.0237e+02   6.0499e+02   5.2947e+02   7.0032e+02   8.1501e+02   8.6546e+02
          nan   9.8171e+00   3.9272e+02   8.2767e+02   8.3547e+02   7.7182e+02   7.0162e+02   6.7665e+02   7.8984e+02   8.3885e+02
          nan   9.4483e+00   1.3016e+01   6.2880e+02   7.7292e+02   8.0734e+02   7.7467e+02   7.2474e+02   7.7206e+02   7.9176e+02
          nan   1.3351e+01   4.9918e+02   7.9317e+02   7.7075e+02   6.9916e+02   6.3275e+02   6.3853e+02   7.3919e+02   7.8195e+02
          nan   3.0787e+01   2.1801e+01   1.8445e+01   1.0949e+02   5.5868e+02   7.2005e+02   7.7992e+02   7.8777e+02   7.7340e+02
          nan   3.4596e+01   4.2858e+01   3.4347e+01   2.9129e+01   3.1850e+01   3.2616e+01   3.6274e+01   3.3657e+01   3.1526e+01
          nan   5.0222e+02   3.0146e+02   3.7600e+02   3.0147e+02   2.5246e+02   4.4382e+02   6.0029e+02   6.4107e+02   6.8475e+02
          nan   5.3192e+02   5.0536e+02   5.1238e+02   6.3665e+02   5.9489e+02   6.3484e+02   6.5321e+02   6.5626e+02   6.5426e+02
          nan   4.2147e+02   4.2122e+02   6.1341e+02   6.1200e+02   6.0277e+02   5.9886e+02   5.7812e+02   6.0792e+02   6.1180e+02
          nan   5.2723e+02   5.2312e+02   5.3604e+02   5.3620e+02   5.2434e+02   5.3095e+02   5.2208e+02   5.4749e+02   5.3227e+02
          nan   5.2439e+02   3.5684e+02   3.6397e+02   3.7309e+02   3.2347e+02   4.0289e+02   5.0562e+02   5.3578e+02   5.4571e+02
          nan   4.7931e+02   4.7813e+02   4.7660e+02   4.4702e+02   4.3181e+02   4.4192e+02   4.4818e+02   4.7271e+02   4.8321e+02
          nan   3.9172e+02   4.5715e+02   4.4502e+02   4.5521e+02   4.3225e+02   4.2512e+02   4.4704e+02   4.4036e+02   4.4531e+02
          nan   2.5575e+02   3.1355e+02   3.4196e+02   3.1679e+02   3.0023e+02   3.6983e+02   3.7566e+02   3.9306e+02   4.0225e+02
            0            0            0            0            0            0            0            0            0            0
            0            0            0            0            0            0            0            0            0            0
            0            0            0            0            0            0            0            0            0            0
            0            0            0            0            0            0            0            0            0            0
            0            0            0            0            0            0            0            0            0            0
            0            0            0            0            0            0            0            0            0            0
            0            0            0            0            0            0            0            0            0            0
            0            0            0            0            0            0            0            0            0            0
            0            0            0            0            0            0            0            0            0            0
            0            0            0            0            0            0            0            0            0            0
            0            0            0            0            0            0            0            0            0            0
            0            0            0            0            0            0            0            0            0            0
            0            0            0            0            0            0            0            0            0            0
            0            0            0            0            0            0            0            0            0            0
            0            0            0            0            0            0            0            0            0            0
            0            0            0            0            0            0            0            0            0            0
            0            0            0            0            0            0            0            0            0            0
            0            0            0            0            0            0            0            0            0            0
            0            0            0            0            0            0            0            0            0            0
            0            0            0            0            0            0            0            0            0            0
            0            0            0            0            0            0            0            0            0            0
            0            0            0            0            0            0            0            0            0            0
            0            0            0            0            0            0            0            0            0            0
            0            0            0            0            0            0            0            0            0            0
            0            0            0            0            0            0            0            0            0            0
            0            0            0            0            0            0            0            0            0            0
            0            0            0            0            0            0            0            0            0            0
            0            0            0            0            0            0            0            0            0            0
            0            0            0            0            0            0            0            0            0            0
            0            0            0            0            0            0            0            0            0            0
            0            0            0            0            0            0            0            0            0            0
            0            0            0            0            0            0            0            0            0            0
            0            0            0            0            0            0            0            0            0            0
            0            0            0            0            0            0            0            0            0            0
            0            0            0            0            0            0            0            0            0            0
            0            0            0            0            0            0            0            0            0            0
            0            0            0            0            0            0            0            0            0            0
            0            0            0            0            0            0            0            0            0            0
            0            0            0            0            0            0            0            0            0            0
            0            0            0            0            0            0            0            0            0            0
            0            0            0            0            0            0            0            0            0            0
            0            0            0            0            0            0            0            0            0            0
            0            0            0            0            0            0            0            0            0            0
            0            0            0            0            0            0            0            0            0            0
            0            0            0            0            0            0            0            0            0            0
            0            0            0            0            0            0            0            0            0            0
            0            0            0            0            0            0            0            0            0            0
            0            0            0            0            0            0            0            0            0            0
            0            0            0            0            0            0            0            0            0            0
            0            0            0            0            0            0            0            0            0            0
            0            0            0            0            0            0            0            0            0            0
            0            0            0            0            0            0            0            0            0            0
            0            0            0            0            0            0            0            0            0            0
            0            0            0            0            0            0            0            0            0            0
            0            0            0            0            0            0            0            0            0            0
            0            0            0            0            0            0            0            0            0            0
            0            0            0            0            0            0            0            0            0            0
            0            0            0            0            0            0            0            0            0            0
            0            0            0            0            0            0            0            0            0            0
            0            0            0            0            0            0            0            0            0            0

         0         0         0         0         0         0         0         0         0         0
         0         0         0         0         0         0         0         0         0         0
         0         0         0         0         0         0         0         0         0         0
         0         0         0         0         0         0         0         0         0         0
         0         0         0         0         0         0         0         0         0         0
         0         0         0         0         0         0         0         0         0         0
         0         0         0         0         0         0         0         0         0         0
         0         0         0         0         0         0         0         0         0         0
         0         0         0         0         0         0         0         0         0         0
         0         0         0         0         0         0         0         0         0         0
         0         0         0         0         0         0         0         0         0         0
         0         0         0         0         0         0         0         0         0         0
         0         0         0         0         0         0         0         0         0         0
         0         0         0         0         0         0         0         0         0         0
         0         0         0         0         0         0         0         0         0         0
         0         0         0         0         0         0         0         0         0         0
         0         0         0         0         0         0         0         0         0         0
         0         0         0         0         0         0         0         0         0         0
         0         0         0         0         0         0         0         0         0         0
         0         0         0         0         0         0         0         0         0         0
         0         0         0         0         0         0         0         0         0         0
         0         0         0         0         0         0         0         0         0         0
         0         0         0         0         0         0         0         0         0         0
         0         0         0         0         0         0         0         0         0         0
         0         0         0         0         0         0         0         0         0         0
         0         0         0         0         0         0         0         0         0         0
         0         0         0         0         0         0         0         0         0         0
         0         0         0         0         0         0         0         0         0         0
         0         0         0         0         0         0         0         0         0         0
         0         0         0         0         0         0         0         0         0         0
       nan    1.9066    1.7629    1.7445    1.7214    1.6928    1.7191    1.7126    1.7161    1.7104
       nan    2.1982    1.9497    2.0184    1.9416    1.8584    1.9243    1.8971    1.9208    1.8984
       nan    1.8576    1.8463    1.7548    1.7954    1.7993    1.7995    1.8044    1.7805    1.7916
       nan    1.8983    1.9934    2.0178    2.0313    2.0782    2.0490    2.0534    2.0476    2.0497
       nan    2.6493    2.4816    2.3175    2.2700    2.2933    2.3531    2.3395    2.2992    2.2857
       nan    2.8340    3.5379    3.0838    3.2766    3.0780    3.0373    3.1946    3.0817    3.1665
       nan    3.0937    2.8579    2.6170    3.1842    3.0860    3.0928    3.0213    2.9116    3.1202
       nan    2.6960    3.1082    3.3840    3.5634    3.4684    3.3484    3.3704    3.4340    3.4780
       nan    3.1028    3.0497    3.1106    3.0723    3.0229    3.0452    3.0254    3.0689    3.0371
       nan    3.0255    3.4144    3.2846    3.6063    3.6430    3.5418    3.5649    3.5135    3.6297
       nan    3.7100    3.5490    3.6228    3.5380    3.6983    3.6835    3.6426    3.6233    3.6254
       nan    3.9060    5.0308    5.1853    4.9102    4.9532    4.7704    4.9267    5.0187    4.9144
       nan    5.0520    4.6618    8.2368    7.8274    7.4644    7.0571    6.6615    7.7573    7.5986
       nan    4.1963    5.9503    5.8099    5.4769    6.2803    5.9406    6.1254    6.0945    5.9152
       nan    8.3345    7.8061    6.9954    6.8817    6.9477    7.1817    7.1833    6.9662    6.9032
       nan    8.5590    9.8657   10.9658    9.7017    8.9145    8.8482    9.1904    9.6992    9.2780
       nan    8.5117   15.5721   14.1719   12.7012   11.9554   11.3952   13.0015   12.7290   12.2896
       nan    9.8171   14.8989   13.1851   12.4833   12.4661   12.0180   13.1572   12.6743   12.4572
       nan    9.4483   13.0163   20.4911   28.0373   24.4067   21.9958   21.1726   21.7305   25.9162
       nan   13.3514   20.5170   22.9856   21.7547   22.7802   20.8637   22.1307   22.8546   22.3171
       nan   27.2438   19.9956   17.2369   19.3416   17.8103   19.4281   18.0984   17.4612   18.4425
       nan   34.4393   34.4965   28.6817   24.8142   27.1059   28.6371   30.4649   28.5508   26.9659
       nan   36.5402   31.3945   41.4656   35.3428   32.0957   32.7447   31.9371   35.6769   33.5535
       nan   38.5901   43.1425   36.7561   38.1506   39.5672   40.2549   40.8442   39.1198   39.0871
       nan   36.8032   47.2321   39.8726   40.1497   43.2303   42.2873   44.3802   41.9885   40.7883
       nan   53.6027   63.0123   59.7172   54.7394   52.8071   53.7168   56.6604   55.8058   54.2568
       nan   37.1996   36.2801   38.8899   40.2021   38.9101   38.5387   37.4550   38.9038   39.4080
       nan   64.4112   59.8885   60.2648   59.2596   59.4344   61.8881   60.6285   60.7423   60.4314
       nan   64.1491   54.7807   54.2627   54.7571   54.9857   57.0357   55.4494   54.8301   55.1809
       nan   56.3801   60.1596   62.1023   63.9570   64.9442   63.7405   63.1409   63.4439   64.2033
         0         0         0         0         0         0         0         0         0         0
         0         0         0         0         0         0         0         0         0         0
         0         0         0         0         0         0         0         0         0         0
         0         0         0         0         0         0         0         0         0         0
         0         0         0         0         0         0         0         0         0         0
         0         0         0         0         0         0         0         0         0         0
         0         0         0         0         0         0         0         0         0         0
         0         0         0         0         0         0         0         0         0         0
         0         0         0         0         0         0         0         0         0         0
         0         0         0         0         0         0         0         0         0         0
         0         0         0         0         0         0         0         0         0         0
         0         0         0         0         0         0         0         0         0         0
         0         0         0         0         0         0         0         0         0         0
         0         0         0         0         0         0         0         0         0         0
         0         0         0         0         0         0         0         0         0         0
         0         0         0         0         0         0         0         0         0         0
         0         0         0         0         0         0         0         0         0         0
         0         0         0         0         0         0         0         0         0         0
         0         0         0         0         0         0         0         0         0         0
         0         0         0         0         0         0         0         0         0         0
         0         0         0         0         0         0         0         0         0         0
         0         0         0         0         0         0         0         0         0         0
         0         0         0         0         0         0         0         0         0         0
         0         0         0         0         0         0         0         0         0         0
         0         0         0         0         0         0         0         0         0         0
         0         0         0         0         0         0         0         0         0         0
         0         0         0         0         0         0         0         0         0         0
         0         0         0         0         0         0         0         0         0         0
         0         0         0         0         0         0         0         0         0         0
         0         0         0         0         0         0         0         0         0         0
         0         0         0         0         0         0         0         0         0         0
         0         0         0         0         0         0         0         0         0         0
         0         0         0         0         0         0         0         0         0         0
         0         0         0         0         0         0         0         0         0         0
         0         0         0         0         0         0         0         0         0         0
         0         0         0         0         0         0         0         0         0         0
         0         0         0         0         0         0         0         0         0         0
         0         0         0         0         0         0         0         0         0         0
         0         0         0         0         0         0         0         0         0         0
         0         0         0         0         0         0         0         0         0         0
         0         0         0         0         0         0         0         0         0         0
         0         0         0         0         0         0         0         0         0         0
         0         0         0         0         0         0         0         0         0         0
         0         0         0         0         0         0         0         0         0         0
         0         0         0         0         0         0         0         0         0         0
         0         0         0         0         0         0         0         0         0         0
         0         0         0         0         0         0         0         0         0         0
         0         0         0         0         0         0         0         0         0         0
         0         0         0         0         0         0         0         0         0         0
         0         0         0         0         0         0         0         0         0         0
         0         0         0         0         0         0         0         0         0         0
         0         0         0         0         0         0         0         0         0         0
         0         0         0         0         0         0         0         0         0         0
         0         0         0         0         0         0         0         0         0         0
         0         0         0         0         0         0         0         0         0         0
         0         0         0         0         0         0         0         0         0         0
         0         0         0         0         0         0         0         0         0         0
         0         0         0         0         0         0         0         0         0         0
         0         0         0         0         0         0         0         0         0         0
         0         0         0         0         0         0         0         0         0         0

        0        0        0        0        0        0        0        0        0        0
        0        0        0        0        0        0        0        0        0        0
        0        0        0        0        0        0        0        0        0        0
        0        0        0        0        0        0        0        0        0        0
        0        0        0        0        0        0        0        0        0        0
        0        0        0        0        0        0        0        0        0        0
        0        0        0        0        0        0        0        0        0        0
        0        0        0        0        0        0        0        0        0        0
        0        0        0        0        0        0        0        0        0        0
        0        0        0        0        0        0        0        0        0        0
        0        0        0        0        0        0        0        0        0        0
        0        0        0        0        0        0        0        0        0        0
        0        0        0        0        0        0        0        0        0        0
        0        0        0        0        0        0        0        0        0        0
        0        0        0        0        0        0        0        0        0        0
        0        0        0        0        0        0        0        0        0        0
        0        0        0        0        0        0        0        0        0        0
        0        0        0        0        0        0        0        0        0        0
        0        0        0        0        0        0        0        0        0        0
        0        0        0        0        0        0        0        0        0        0
        0        0        0        0        0        0        0        0        0        0
        0        0        0        0        0        0        0        0        0        0
        0        0        0        0        0        0        0        0        0        0
        0        0        0        0        0        0        0        0        0        0
        0        0        0        0        0        0        0        0        0        0
        0        0        0        0        0        0        0        0        0        0
        0        0        0        0        0        0        0        0        0        0
        0        0        0        0        0        0        0        0        0        0
        0        0        0        0        0        0        0        0        0        0
        0        0        0        0        0        0        0        0        0        0
      inf   0.2540   0.1904   0.1695   0.1589   0.1525   0.1483   0.1452   0.1430   0.1413
      inf   0.2581   0.1937   0.1723   0.1616   0.1550   0.1507   0.1477   0.1454   0.1436
      inf   0.2625   0.1971   0.1750   0.1641   0.1576   0.1531   0.1501   0.1477   0.1459
      inf   0.2665   0.2002   0.1778   0.1668   0.1602   0.1556   0.1525   0.1501   0.1483
      inf   0.2721   0.2040   0.1810   0.1697   0.1630   0.1585   0.1552   0.1527   0.1508
      inf   0.2761   0.2073   0.1839   0.1727   0.1657   0.1612   0.1579   0.1554   0.1535
      inf   0.2809   0.2107   0.1871   0.1755   0.1685   0.1638   0.1605   0.1579   0.1560
      inf   0.2856   0.2142   0.1905   0.1787   0.1715   0.1667   0.1633   0.1608   0.1588
      inf   0.2901   0.2176   0.1934   0.1812   0.1740   0.1692   0.1657   0.1632   0.1611
      inf   0.2953   0.2215   0.1967   0.1846   0.1772   0.1723   0.1688   0.1661   0.1641
      inf   0.3006   0.2254   0.2002   0.1877   0.1802   0.1752   0.1717   0.1689   0.1669
      inf   0.3065   0.2301   0.2045   0.1915   0.1839   0.1787   0.1752   0.1724   0.1703
      inf   0.3114   0.2335   0.2076   0.1946   0.1869   0.1816   0.1779   0.1752   0.1730
      inf   0.3161   0.2375   0.2111   0.1978   0.1900   0.1846   0.1809   0.1781   0.1759
      inf   0.3226   0.2420   0.2152   0.2017   0.1937   0.1883   0.1845   0.1816   0.1794
      inf   0.3280   0.2464   0.2195   0.2056   0.1972   0.1917   0.1879   0.1851   0.1827
      inf   0.3350   0.2519   0.2239   0.2097   0.2013   0.1956   0.1918   0.1887   0.1863
      inf   0.3405   0.2565   0.2278   0.2134   0.2048   0.1991   0.1953   0.1921   0.1897
      inf   0.3451   0.2601   0.2322   0.2183   0.2089   0.2030   0.1990   0.1961   0.1940
      inf   0.3558   0.2667   0.2368   0.2218   0.2132   0.2071   0.2030   0.1997   0.1972
      inf   0.3594   0.2692   0.2394   0.2246   0.2155   0.2096   0.2052   0.2020   0.1996
      inf   0.3713   0.2782   0.2470   0.2308   0.2215   0.2157   0.2115   0.2081   0.2053
      inf   0.3748   0.2815   0.2515   0.2354   0.2257   0.2193   0.2149   0.2120   0.2092
      inf   0.3853   0.2892   0.2568   0.2407   0.2311   0.2246   0.2201   0.2167   0.2139
      inf   0.3935   0.2960   0.2627   0.2461   0.2366   0.2298   0.2254   0.2215   0.2187
      inf   0.4002   0.3021   0.2688   0.2515   0.2411   0.2343   0.2301   0.2264   0.2236
      inf   0.4045   0.3043   0.2711   0.2545   0.2437   0.2371   0.2322   0.2289   0.2262
      inf   0.4168   0.3128   0.2777   0.2606   0.2505   0.2439   0.2388   0.2349   0.2321
      inf   0.4316   0.3207   0.2850   0.2666   0.2560   0.2496   0.2440   0.2400   0.2370
      inf   0.4355   0.3285   0.2910   0.2729   0.2616   0.2541   0.2494   0.2451   0.2421
        0        0        0        0        0        0        0        0        0        0
        0        0        0        0        0        0        0        0        0        0
        0        0        0        0        0        0        0        0        0        0
        0        0        0        0        0        0        0        0        0        0
        0        0        0        0        0        0        0        0        0        0
        0        0        0        0        0        0        0        0        0        0
        0        0        0        0        0        0        0        0        0        0
        0        0        0        0        0        0        0        0        0        0
        0        0        0        0        0        0        0        0        0        0
        0        0        0        0        0        0        0        0        0        0
        0        0        0        0        0        0        0        0        0        0
        0        0        0        0        0        0        0        0        0        0
        0        0        0        0        0        0        0        0        0        0
        0        0        0        0        0        0        0        0        0        0
        0        0        0        0        0        0        0        0        0        0
        0        0        0        0        0        0        0        0        0        0
        0        0        0        0        0        0        0        0        0        0
        0        0        0        0        0        0        0        0        0        0
        0        0        0        0        0        0        0        0        0        0
        0        0        0        0        0        0        0        0        0        0
        0        0        0        0        0        0        0        0        0        0
        0        0        0        0        0        0        0        0        0        0
        0        0        0        0        0        0        0        0        0        0
        0        0        0        0        0        0        0        0        0        0
        0        0        0        0        0        0        0        0        0        0
        0        0        0        0        0        0        0        0        0        0
        0        0        0        0        0        0        0        0        0        0
        0        0        0        0        0        0        0        0        0        0
        0        0        0        0        0        0        0        0        0        0
        0        0        0        0        0        0        0        0        0        0
        0        0        0        0        0        0        0        0        0        0
        0        0        0        0        0        0        0        0        0        0
        0        0        0        0        0        0        0        0        0        0
        0        0        0        0        0        0        0        0        0        0
        0        0        0        0        0        0        0        0        0        0
        0        0        0        0        0        0        0        0        0        0
        0        0        0        0        0        0        0        0        0        0
        0        0        0        0        0        0        0        0        0        0
        0        0        0        0        0        0        0        0        0        0
        0        0        0        0        0        0        0        0        0        0
        0        0        0        0        0        0        0        0        0        0
        0        0        0        0        0        0        0        0        0        0
        0        0        0        0        0        0        0        0        0        0
        0        0        0        0        0        0        0        0        0        0
        0        0        0        0        0        0        0        0        0        0
        0        0        0        0        0        0        0        0        0        0
        0        0        0        0        0        0        0        0        0        0
        0        0        0        0        0        0        0        0        0        0
        0        0        0        0        0        0        0        0        0        0
        0        0        0        0        0        0        0        0        0        0
        0        0        0        0        0        0        0        0        0        0
        0        0        0        0        0        0        0        0        0        0
        0        0        0        0        0        0        0        0        0        0
        0        0        0        0        0        0        0        0        0        0
        0        0        0        0        0        0        0        0        0        0
        0        0        0        0        0        0        0        0        0        0
        0        0        0        0        0        0        0        0        0        0
        0        0        0        0        0        0        0        0        0        0
        0        0        0        0        0        0        0        0        0        0
        0        0        0        0        0        0        0        0        0        0

