   2.0000
   2.0050
   2.0100
   2.0150
   2.0200
   2.0250
   2.0300
   2.0350
   2.0400
   2.0450
   2.0500
   2.0550
   2.0600
   2.0650
   2.0700
   2.0750
   2.0800
   2.0850
   2.0900
   2.0950
   2.1000
   2.1050
   2.1100
   2.1150
   2.1200
   2.1250
   2.1300
   2.1350
   2.1400
   2.1450
   2.1500
   2.1550
   2.1600
   2.1650
   2.1700
   2.1750
   2.1800
   2.1850
   2.1900
   2.1950
   2.2000
   2.2050
   2.2100
   2.2150
   2.2200
   2.2250
   2.2300
   2.2350
   2.2400
   2.2450
   2.2500
   2.2550
   2.2600
   2.2650
   2.2700
   2.2750
   2.2800
   2.2850
   2.2900
   2.2950
   2.3000
   2.3050
   2.3100
   2.3150
   2.3200
   2.3250
   2.3300
   2.3350
   2.3400
   2.3450
   2.3500
   2.3550
   2.3600
   2.3650
   2.3700
   2.3750
   2.3800
   2.3850
   2.3900
   2.3950
   2.4000
   2.4050
   2.4100
   2.4150
   2.4200
   2.4250
   2.4300
   2.4350
   2.4400
   2.4450
   2.4500
   2.4550
   2.4600
   2.4650
   2.4700
   2.4750
   2.4800
   2.4850
   2.4900
   2.4950
   2.5000
   2.5050
   2.5100
   2.5150
   2.5200
   2.5250
   2.5300
   2.5350
   2.5400
   2.5450
   2.5500
   2.5550
   2.5600
   2.5650
   2.5700
   2.5750
   2.5800
   2.5850
   2.5900
   2.5950

        0        0        0        0        0        0        0        0        0        0
        0        0        0        0        0        0        0        0        0        0
        0        0        0        0        0        0        0        0        0        0
        0        0        0        0        0        0        0        0        0        0
        0        0        0        0        0        0        0        0        0        0
        0        0        0        0        0        0        0        0        0        0
        0        0        0        0        0        0        0        0        0        0
        0        0        0        0        0        0        0        0        0        0
        0        0        0        0        0        0        0        0        0        0
        0        0        0        0        0        0        0        0        0        0
        0        0        0        0        0        0        0        0        0        0
        0        0        0        0        0        0        0        0        0        0
        0        0        0        0        0        0        0        0        0        0
        0        0        0        0        0        0        0        0        0        0
        0        0        0        0        0        0        0        0        0        0
        0        0        0        0        0        0        0        0        0        0
        0        0        0        0        0        0        0        0        0        0
        0        0        0        0        0        0        0        0        0        0
        0        0        0        0        0        0        0        0        0        0
        0        0        0        0        0        0        0        0        0        0
        0        0        0        0        0        0        0        0        0        0
        0        0        0        0        0        0        0        0        0        0
        0        0        0        0        0        0        0        0        0        0
        0        0        0        0        0        0        0        0        0        0
        0        0        0        0        0        0        0        0        0        0
        0        0        0        0        0        0        0        0        0        0
        0        0        0        0        0        0        0        0        0        0
        0        0        0        0        0        0        0        0        0        0
        0        0        0        0        0        0        0        0        0        0
        0        0        0        0        0        0        0        0        0        0
        0        0        0        0        0        0        0        0        0        0
        0        0        0        0        0        0        0        0        0        0
        0        0        0        0        0        0        0        0        0        0
        0        0        0        0        0        0        0        0        0        0
        0        0        0        0        0        0        0        0        0        0
        0        0        0        0        0        0        0        0        0        0
        0        0        0        0        0        0        0        0        0        0
        0        0        0        0        0        0        0        0        0        0
        0        0        0        0        0        0        0        0        0        0
        0        0        0        0        0        0        0        0        0        0
        0        0        0        0        0        0        0        0        0        0
        0        0        0        0        0        0        0        0        0        0
        0        0        0        0        0        0        0        0        0        0
        0        0        0        0        0        0        0        0        0        0
        0        0        0        0        0        0        0        0        0        0
        0        0        0        0        0        0        0        0        0        0
        0        0        0        0        0        0        0        0        0        0
        0        0        0        0        0        0        0        0        0        0
        0        0        0        0        0        0        0        0        0        0
        0        0        0        0        0        0        0        0        0        0
        0        0        0        0        0        0        0        0        0        0
        0        0        0        0        0        0        0        0        0        0
        0        0        0        0        0        0        0        0        0        0
        0        0        0        0        0        0        0        0        0        0
        0        0        0        0        0        0        0        0        0        0
        0        0        0        0        0        0        0        0        0        0
        0        0        0        0        0        0        0        0        0        0
        0        0        0        0        0        0        0        0        0        0
        0        0        0        0        0        0        0        0        0        0
        0        0        0        0        0        0        0        0        0        0
     -inf  -4.0000  -3.0000  -2.6667  -2.5000  -2.4000  -2.3333  -2.2857  -2.2500  -2.2222
     -inf  -4.0000  -3.0000  -2.6667  -2.5000  -2.4000  -2.3331  -2.2854  -2.2495  -2.2217
     -inf  -4.0000  -3.0000  -2.6667  -2.5000  -2.4000  -2.3333  -2.2857  -2.2500  -2.2222
     -inf  -4.0000  -3.0000  -2.6667  -2.5000  -2.4000  -2.3333  -2.2857  -2.2500  -2.2222
     -inf  -4.0000  -3.0000  -2.6667  -2.5000  -2.4000  -2.3333  -2.2857  -2.2500  -2.2221
     -inf  -4.0000  -3.0000  -2.6667  -2.5000  -2.4000  -2.3333  -2.2857  -2.2500  -2.2222
     -inf  -4.0000  -2.9994  -2.6658  -2.4987  -2.3985  -2.3317  -2.2839  -2.2481  -2.2203
     -inf  -4.0000  -3.0000  -2.6667  -2.5000  -2.4000  -2.3333  -2.2857  -2.2500  -2.2222
     -inf  -4.0000  -3.0000  -2.6667  -2.5000  -2.4000  -2.3333  -2.2857  -2.2500  -2.2222
     -inf  -4.0000  -3.0000  -2.6662  -2.4994  -2.3993  -2.3325  -2.2848  -2.2491  -2.2212
     -inf  -4.0000  -3.0000  -2.6667  -2.5000  -2.4000  -2.3333  -2.2857  -2.2500  -2.2222
     -inf  -4.0000  -3.0000  -2.6667  -2.5000  -2.4000  -2.3333  -2.2857  -2.2500  -2.2222
     -inf  -3.9975  -2.9981  -2.6650  -2.4984  -2.3985  -2.3319  -2.2843  -2.2484  -2.2204
     -inf  -3.9975  -2.9981  -2.6650  -2.4981  -2.3980  -2.3312  -2.2836  -2.2478  -2.2200
     -inf  -4.0000  -3.0000  -2.6667  -2.5000  -2.4000  -2.3333  -2.2857  -2.2500  -2.2222
     -inf  -4.0000  -3.0000  -2.6667  -2.5000  -2.4000  -2.3333  -2.2857  -2.2500  -2.2222
     -inf  -4.0000  -3.0000  -2.6667  -2.5000  -2.4000  -2.3333  -2.2857  -2.2500  -2.2222
     -inf  -4.0000  -3.0000  -2.6667  -2.5000  -2.4000  -2.3333  -2.2857  -2.2500  -2.2222
     -inf  -4.0000  -3.0000  -2.6667  -2.5000  -2.4000  -2.3333  -2.2857  -2.2500  -2.2222
     -inf  -4.0000  -2.9994  -2.6658  -2.4991  -2.3990  -2.3323  -2.2846  -2.2489  -2.2211
     -inf  -4.0000  -3.0000  -2.6667  -2.5000  -2.4000  -2.3333  -2.2857  -2.2500  -2.2222
     -inf  -3.9975  -2.9981  -2.6650  -2.4984  -2.3985  -2.3319  -2.2843  -2.2486  -2.2208
     -inf  -4.0000  -3.0000  -2.6667  -2.5000  -2.4000  -2.3333  -2.2857  -2.2500  -2.2222
     -inf  -4.0000  -3.0000  -2.6667  -2.5000  -2.3998  -2.3329  -2.2852  -2.2494  -2.2215
     -inf  -4.0000  -3.0000  -2.6667  -2.5000  -2.4000  -2.3333  -2.2857  -2.2498  -2.2219
     -inf  -4.0000  -3.0000  -2.6667  -2.5000  -2.4000  -2.3331  -2.2854  -2.2495  -2.2217
     -inf  -4.0000  -3.0000  -2.6667  -2.5000  -2.4000  -2.3333  -2.2857  -2.2500  -2.2222
     -inf  -3.9975  -2.9981  -2.6650  -2.4984  -2.3985  -2.3319  -2.2843  -2.2486  -2.2208
     -inf  -4.0000  -3.0000  -2.6667  -2.5000  -2.4000  -2.3333  -2.2857  -2.2500  -2.2222
        0        0        0        0        0        0        0        0        0        0
        0        0        0        0        0        0        0        0        0        0
        0        0        0        0        0        0        0        0        0        0
        0        0        0        0        0        0        0        0        0        0
        0        0        0        0        0        0        0        0        0        0
        0        0        0        0        0        0        0        0        0        0
        0        0        0        0        0        0        0        0        0        0
        0        0        0        0        0        0        0        0        0        0
        0        0        0        0        0        0        0        0        0        0
        0        0        0        0        0        0        0        0        0        0
        0        0        0        0        0        0        0        0        0        0
        0        0        0        0        0        0        0        0        0        0
        0        0        0        0        0        0        0        0        0        0
        0        0        0        0        0        0        0        0        0        0
        0        0        0        0        0        0        0        0        0        0
        0        0        0        0        0        0        0        0        0        0
        0        0        0        0        0        0        0        0        0        0
        0        0        0        0        0        0        0        0        0        0
        0        0        0        0        0        0        0        0        0        0
        0        0        0        0        0        0        0        0        0        0
        0        0        0        0        0        0        0        0        0        0
        0        0        0        0        0        0        0        0        0        0
        0        0        0        0        0        0        0        0        0        0
        0        0        0        0        0        0        0        0        0        0
        0        0        0        0        0        0        0        0        0        0
        0        0        0        0        0        0        0        0        0        0
        0        0        0        0        0        0        0        0        0        0
        0        0        0        0        0        0        0        0        0        0
        0        0        0        0        0        0        0        0        0        0
        0        0        0        0        0        0        0        0        0        0
        0        0        0        0        0        0        0        0        0        0

        0        0        0        0        0        0        0        0        0        0
        0        0        0        0        0        0        0        0        0        0
        0        0        0        0        0        0        0        0        0        0
        0        0        0        0        0        0        0        0        0        0
        0        0        0        0        0        0        0        0        0        0
        0        0        0        0        0        0        0        0        0        0
        0        0        0        0        0        0        0        0        0        0
        0        0        0        0        0        0        0        0        0        0
        0        0        0        0        0        0        0        0        0        0
        0        0        0        0        0        0        0        0        0        0
        0        0        0        0        0        0        0        0        0        0
        0        0        0        0        0        0        0        0        0        0
        0        0        0        0        0        0        0        0        0        0
        0        0        0        0        0        0        0        0        0        0
        0        0        0        0        0        0        0        0        0        0
        0        0        0        0        0        0        0        0        0        0
        0        0        0        0        0        0        0        0        0        0
        0        0        0        0        0        0        0        0        0        0
        0        0        0        0        0        0        0        0        0        0
        0        0        0        0        0        0        0        0        0        0
        0        0        0        0        0        0        0        0        0        0
        0        0        0        0        0        0        0        0        0        0
        0        0        0        0        0        0        0        0        0        0
        0        0        0        0        0        0        0        0        0        0
        0        0        0        0        0        0        0        0        0        0
        0        0        0        0        0        0        0        0        0        0
        0        0        0        0        0        0        0        0        0        0
        0        0        0        0        0        0        0        0        0        0
        0        0        0        0        0        0        0        0        0        0
        0        0        0        0        0        0        0        0        0        0
        0        0        0        0        0        0        0        0        0        0
        0        0        0        0        0        0        0        0        0        0
        0        0        0        0        0        0        0        0        0        0
        0        0        0        0        0        0        0        0        0        0
        0        0        0        0        0        0        0        0        0        0
        0        0        0        0        0        0        0        0        0        0
        0        0        0        0        0        0        0        0        0        0
        0        0        0        0        0        0        0        0        0        0
        0        0        0        0        0        0        0        0        0        0
        0        0        0        0        0        0        0        0        0        0
        0        0        0        0        0        0        0        0        0        0
        0        0        0        0        0        0        0        0        0        0
        0        0        0        0        0        0        0        0        0        0
        0        0        0        0        0        0        0        0        0        0
        0        0        0        0        0        0        0        0        0        0
        0        0        0        0        0        0        0        0        0        0
        0        0        0        0        0        0        0        0        0        0
        0        0        0        0        0        0        0        0        0        0
        0        0        0        0        0        0        0        0        0        0
        0        0        0        0        0        0        0        0        0        0
        0        0        0        0        0        0        0        0        0        0
        0        0        0        0        0        0        0        0        0        0
        0        0        0        0        0        0        0        0        0        0
        0        0        0        0        0        0        0        0        0        0
        0        0        0        0        0        0        0        0        0        0
        0        0        0        0        0        0        0        0        0        0
        0        0        0        0        0        0        0        0        0        0
        0        0        0        0        0        0        0        0        0        0
        0        0        0        0        0        0        0        0        0        0
        0        0        0        0        0        0        0        0        0        0
      inf   2.0000   1.5000   1.3333   1.2500   1.2000   1.1667   1.1429   1.1250   1.1111
      inf   2.0000   1.5000   1.3333   1.2500   1.2000   1.1666   1.1428   1.1249   1.1110
      inf   2.0000   1.5000   1.3333   1.2500   1.2000   1.1667   1.1429   1.1250   1.1111
      inf   2.0000   1.5000   1.3333   1.2500   1.2000   1.1667   1.1429   1.1250   1.1111
      inf   2.0000   1.5000   1.3333   1.2500   1.2000   1.1667   1.1429   1.1250   1.1111
      inf   2.0000   1.5000   1.3333   1.2500   1.2000   1.1667   1.1429   1.1250   1.1111
      inf   2.0000   1.4998   1.3331   1.2497   1.1996   1.1663   1.1424   1.1245   1.1106
      inf   2.0000   1.5000   1.3333   1.2500   1.2000   1.1667   1.1429   1.1250   1.1111
      inf   2.0000   1.5000   1.3333   1.2500   1.2000   1.1667   1.1429   1.1250   1.1111
      inf   2.0000   1.5000   1.3332   1.2498   1.1998   1.1665   1.1426   1.1248   1.1109
      inf   2.0000   1.5000   1.3333   1.2500   1.2000   1.1667   1.1429   1.1250   1.1111
      inf   2.0000   1.5000   1.3333   1.2500   1.2000   1.1667   1.1429   1.1250   1.1111
      inf   1.9994   1.4995   1.3329   1.2496   1.1996   1.1663   1.1425   1.1246   1.1107
      inf   1.9994   1.4995   1.3329   1.2495   1.1995   1.1661   1.1423   1.1245   1.1106
      inf   2.0000   1.5000   1.3333   1.2500   1.2000   1.1667   1.1429   1.1250   1.1111
      inf   2.0000   1.5000   1.3333   1.2500   1.2000   1.1667   1.1429   1.1250   1.1111
      inf   2.0000   1.5000   1.3333   1.2500   1.2000   1.1667   1.1429   1.1250   1.1111
      inf   2.0000   1.5000   1.3333   1.2500   1.2000   1.1667   1.1429   1.1250   1.1111
      inf   2.0000   1.5000   1.3333   1.2500   1.2000   1.1667   1.1429   1.1250   1.1111
      inf   2.0000   1.4998   1.3331   1.2498   1.1997   1.1664   1.1426   1.1247   1.1108
      inf   2.0000   1.5000   1.3333   1.2500   1.2000   1.1667   1.1429   1.1250   1.1111
      inf   1.9994   1.4995   1.3329   1.2496   1.1996   1.1663   1.1425   1.1246   1.1108
      inf   2.0000   1.5000   1.3333   1.2500   1.2000   1.1667   1.1429   1.1250   1.1111
      inf   2.0000   1.5000   1.3333   1.2500   1.1999   1.1666   1.1427   1.1248   1.1109
      inf   2.0000   1.5000   1.3333   1.2500   1.2000   1.1667   1.1429   1.1250   1.1110
      inf   2.0000   1.5000   1.3333   1.2500   1.2000   1.1666   1.1428   1.1249   1.1110
      inf   2.0000   1.5000   1.3333   1.2500   1.2000   1.1667   1.1429   1.1250   1.1111
      inf   1.9994   1.4995   1.3329   1.2496   1.1996   1.1663   1.1425   1.1246   1.1108
      inf   2.0000   1.5000   1.3333   1.2500   1.2000   1.1667   1.1429   1.1250   1.1111
        0        0        0        0        0        0        0        0        0        0
        0        0        0        0        0        0        0        0        0        0
        0        0        0        0        0        0        0        0        0        0
        0        0        0        0        0        0        0        0        0        0
        0        0        0        0        0        0        0        0        0        0
        0        0        0        0        0        0        0        0        0        0
        0        0        0        0        0        0        0        0        0        0
        0        0        0        0        0        0        0        0        0        0
        0        0        0        0        0        0        0        0        0        0
        0        0        0        0        0        0        0        0        0        0
        0        0        0        0        0        0        0        0        0        0
        0        0        0        0        0        0        0        0        0        0
        0        0        0        0        0        0        0        0        0        0
        0        0        0        0        0        0        0        0        0        0
        0        0        0        0        0        0        0        0        0        0
        0        0        0        0        0        0        0        0        0        0
        0        0        0        0        0        0        0        0        0        0
        0        0        0        0        0        0        0        0        0        0
        0        0        0        0        0        0        0        0        0        0
        0        0        0        0        0        0        0        0        0        0
        0        0        0        0        0        0        0        0        0        0
        0        0        0        0        0        0        0        0        0        0
        0        0        0        0        0        0        0        0        0        0
        0        0        0        0        0        0        0        0        0        0
        0        0        0        0        0        0        0        0        0        0
        0        0        0        0        0        0        0        0        0        0
        0        0        0        0        0        0        0        0        0        0
        0        0        0        0        0        0        0        0        0        0
        0        0        0        0        0        0        0        0        0        0
        0        0        0        0        0        0        0        0        0        0
        0        0        0        0        0        0        0        0        0        0

        0        0        0        0        0        0        0        0        0        0
        0        0        0        0        0        0        0        0        0        0
        0        0        0        0        0        0        0        0        0        0
        0        0        0        0        0        0        0        0        0        0
        0        0        0        0        0        0        0        0        0        0
        0        0        0        0        0        0        0        0        0        0
        0        0        0        0        0        0        0        0        0        0
        0        0        0        0        0        0        0        0        0        0
        0        0        0        0        0        0        0        0        0        0
        0        0        0        0        0        0        0        0        0        0
        0        0        0        0        0        0        0        0        0        0
        0        0        0        0        0        0        0        0        0        0
        0        0        0        0        0        0        0        0        0        0
        0        0        0        0        0        0        0        0        0        0
        0        0        0        0        0        0        0        0        0        0
        0        0        0        0        0        0        0        0        0        0
        0        0        0        0        0        0        0        0        0        0
        0        0        0        0        0        0        0        0        0        0
        0        0        0        0        0        0        0        0        0        0
        0        0        0        0        0        0        0        0        0        0
        0        0        0        0        0        0        0        0        0        0
        0        0        0        0        0        0        0        0        0        0
        0        0        0        0        0        0        0        0        0        0
        0        0        0        0        0        0        0        0        0        0
        0        0        0        0        0        0        0        0        0        0
        0        0        0        0        0        0        0        0        0        0
        0        0        0        0        0        0        0        0        0        0
        0        0        0        0        0        0        0        0        0        0
        0        0        0        0        0        0        0        0        0        0
        0        0        0        0        0        0        0        0        0        0
        0        0        0        0        0        0        0        0        0        0
        0        0        0        0        0        0        0        0        0        0
        0        0        0        0        0        0        0        0        0        0
        0        0        0        0        0        0        0        0        0        0
        0        0        0        0        0        0        0        0        0        0
        0        0        0        0        0        0        0        0        0        0
        0        0        0        0        0        0        0        0        0        0
        0        0        0        0        0        0        0        0        0        0
        0        0        0        0        0        0        0        0        0        0
        0        0        0        0        0        0        0        0        0        0
        0        0        0        0        0        0        0        0        0        0
        0        0        0        0        0        0        0        0        0        0
        0        0        0        0        0        0        0        0        0        0
        0        0        0        0        0        0        0        0        0        0
        0        0        0        0        0        0        0        0        0        0
        0        0        0        0        0        0        0        0        0        0
        0        0        0        0        0        0        0        0        0        0
        0        0        0        0        0        0        0        0        0        0
        0        0        0        0        0        0        0        0        0        0
        0        0        0        0        0        0        0        0        0        0
        0        0        0        0        0        0        0        0        0        0
        0        0        0        0        0        0        0        0        0        0
        0        0        0        0        0        0        0        0        0        0
        0        0        0        0        0        0        0        0        0        0
        0        0        0        0        0        0        0        0        0        0
        0        0        0        0        0        0        0        0        0        0
        0        0        0        0        0        0        0        0        0        0
        0        0        0        0        0        0        0        0        0        0
        0        0        0        0        0        0        0        0        0        0
        0        0        0        0        0        0        0        0        0        0
      inf   2.0000   1.5000   1.3333   1.2500   1.2000   1.1667   1.1429   1.1250   1.1111
      inf   2.0000   1.5000   1.3333   1.2500   1.2000   1.1666   1.1428   1.1249   1.1110
      inf   2.0000   1.5000   1.3333   1.2500   1.2000   1.1667   1.1429   1.1250   1.1111
      inf   2.0000   1.5000   1.3333   1.2500   1.2000   1.1667   1.1429   1.1250   1.1111
      inf   2.0000   1.5000   1.3333   1.2500   1.2000   1.1667   1.1429   1.1250   1.1111
      inf   2.0000   1.5000   1.3333   1.2500   1.2000   1.1667   1.1429   1.1250   1.1111
      inf   2.0000   1.4998   1.3331   1.2497   1.1996   1.1663   1.1424   1.1245   1.1106
      inf   2.0000   1.5000   1.3333   1.2500   1.2000   1.1667   1.1429   1.1250   1.1111
      inf   2.0000   1.5000   1.3333   1.2500   1.2000   1.1667   1.1429   1.1250   1.1111
      inf   2.0000   1.5000   1.3332   1.2498   1.1998   1.1665   1.1426   1.1248   1.1109
      inf   2.0000   1.5000   1.3333   1.2500   1.2000   1.1667   1.1429   1.1250   1.1111
      inf   2.0000   1.5000   1.3333   1.2500   1.2000   1.1667   1.1429   1.1250   1.1111
      inf   1.9994   1.4995   1.3329   1.2496   1.1996   1.1663   1.1425   1.1246   1.1107
      inf   1.9994   1.4995   1.3329   1.2495   1.1995   1.1661   1.1423   1.1245   1.1106
      inf   2.0000   1.5000   1.3333   1.2500   1.2000   1.1667   1.1429   1.1250   1.1111
      inf   2.0000   1.5000   1.3333   1.2500   1.2000   1.1667   1.1429   1.1250   1.1111
      inf   2.0000   1.5000   1.3333   1.2500   1.2000   1.1667   1.1429   1.1250   1.1111
      inf   2.0000   1.5000   1.3333   1.2500   1.2000   1.1667   1.1429   1.1250   1.1111
      inf   2.0000   1.5000   1.3333   1.2500   1.2000   1.1667   1.1429   1.1250   1.1111
      inf   2.0000   1.4998   1.3331   1.2498   1.1997   1.1664   1.1426   1.1247   1.1108
      inf   2.0000   1.5000   1.3333   1.2500   1.2000   1.1667   1.1429   1.1250   1.1111
      inf   1.9994   1.4995   1.3329   1.2496   1.1996   1.1663   1.1425   1.1246   1.1108
      inf   2.0000   1.5000   1.3333   1.2500   1.2000   1.1667   1.1429   1.1250   1.1111
      inf   2.0000   1.5000   1.3333   1.2500   1.1999   1.1666   1.1427   1.1248   1.1109
      inf   2.0000   1.5000   1.3333   1.2500   1.2000   1.1667   1.1429   1.1250   1.1110
      inf   2.0000   1.5000   1.3333   1.2500   1.2000   1.1666   1.1428   1.1249   1.1110
      inf   2.0000   1.5000   1.3333   1.2500   1.2000   1.1667   1.1429   1.1250   1.1111
      inf   1.9994   1.4995   1.3329   1.2496   1.1996   1.1663   1.1425   1.1246   1.1108
      inf   2.0000   1.5000   1.3333   1.2500   1.2000   1.1667   1.1429   1.1250   1.1111
        0        0        0        0        0        0        0        0        0        0
        0        0        0        0        0        0        0        0        0        0
        0        0        0        0        0        0        0        0        0        0
        0        0        0        0        0        0        0        0        0        0
        0        0        0        0        0        0        0        0        0        0
        0        0        0        0        0        0        0        0        0        0
        0        0        0        0        0        0        0        0        0        0
        0        0        0        0        0        0        0        0        0        0
        0        0        0        0        0        0        0        0        0        0
        0        0        0        0        0        0        0        0        0        0
        0        0        0        0        0        0        0        0        0        0
        0        0        0        0        0        0        0        0        0        0
        0        0        0        0        0        0        0        0        0        0
        0        0        0        0        0        0        0        0        0        0
        0        0        0        0        0        0        0        0        0        0
        0        0        0        0        0        0        0        0        0        0
        0        0        0        0        0        0        0        0        0        0
        0        0        0        0        0        0        0        0        0        0
        0        0        0        0        0        0        0        0        0        0
        0        0        0        0        0        0        0        0        0        0
        0        0        0        0        0        0        0        0        0        0
        0        0        0        0        0        0        0        0        0        0
        0        0        0        0        0        0        0        0        0        0
        0        0        0        0        0        0        0        0        0        0
        0        0        0        0        0        0        0        0        0        0
        0        0        0        0        0        0        0        0        0        0
        0        0        0        0        0        0        0        0        0        0
        0        0        0        0        0        0        0        0        0        0
        0        0        0        0        0        0        0        0        0        0
        0        0        0        0        0        0        0        0        0        0
        0        0        0        0        0        0        0        0        0        0

            0            0            0            0            0            0            0            0            0            0
            0            0            0            0            0            0            0            0            0            0
            0            0            0            0            0            0            0            0            0            0
            0            0            0            0            0            0            0            0            0            0
            0            0            0            0            0            0            0            0            0            0
            0            0            0            0            0            0            0            0            0            0
            0            0            0            0            0            0            0            0            0            0
            0            0            0            0            0            0            0            0            0            0
            0            0            0            0            0            0            0            0            0            0
            0            0            0            0            0            0            0            0            0            0
            0            0            0            0            0            0            0            0            0            0
            0            0            0            0            0            0            0            0            0            0
            0            0            0            0            0            0            0            0            0            0
            0            0            0            0            0            0            0            0            0            0
            0            0            0            0            0            0            0            0            0            0
            0            0            0            0            0            0            0            0            0            0
            0            0            0            0            0            0            0            0            0            0
            0            0            0            0            0            0            0            0            0            0
            0            0            0            0            0            0            0            0            0            0
            0            0            0            0            0            0            0            0            0            0
            0            0            0            0            0            0            0            0            0            0
            0            0            0            0            0            0            0            0            0            0
            0            0            0            0            0            0            0            0            0            0
            0            0            0            0            0            0            0            0            0            0
            0            0            0            0            0            0            0            0            0            0
            0            0            0            0            0            0            0            0            0            0
            0            0            0            0            0            0            0            0            0            0
            0            0            0            0            0            0            0            0            0            0
            0            0            0            0            0            0            0            0            0            0
            0            0            0            0            0            0            0            0            0            0
            0            0            0            0            0            0            0            0            0            0
            0            0            0            0            0            0            0            0            0            0
            0            0            0            0            0            0            0            0            0            0
            0            0            0            0            0            0            0            0            0            0
            0            0            0            0            0            0            0            0            0            0
            0            0            0            0            0            0            0            0            0            0
            0            0            0            0            0            0            0            0            0            0
            0            0            0            0            0            0            0            0            0            0
            0            0            0            0            0            0            0            0            0            0
            0            0            0            0            0            0            0            0            0            0
            0            0            0            0            0            0            0            0            0            0
            0            0            0            0            0            0            0            0            0            0
            0            0            0            0            0            0            0            0            0            0
            0            0            0            0            0            0            0            0            0            0
            0            0            0            0            0            0            0            0            0            0
            0            0            0            0            0            0            0            0            0            0
            0            0            0            0            0            0            0            0            0            0
            0            0            0            0            0            0            0            0            0            0
            0            0            0            0            0            0            0            0            0            0
            0            0            0            0            0            0            0            0            0            0
            0            0            0            0            0            0            0            0            0            0
            0            0            0            0            0            0            0            0            0            0
            0            0            0            0            0            0            0            0            0            0
            0            0            0            0            0            0            0            0            0            0
            0            0            0            0            0            0            0            0            0            0
            0            0            0            0            0            0            0            0            0            0
            0            0            0            0            0            0            0            0            0            0
            0            0            0            0            0            0            0            0            0            0
            0            0            0            0            0            0            0            0            0            0
            0            0            0            0            0            0            0            0            0            0
          nan  -9.6786e+03  -3.6295e+03  -2.1508e+03  -1.5123e+03  -1.1614e+03  -9.4098e+02  -7.9009e+02  -6.8053e+02  -5.9745e+02
          nan  -9.6367e+03  -3.6138e+03  -2.1415e+03  -1.5057e+03  -1.1564e+03  -9.3673e+02  -7.8642e+02  -6.7730e+02  -5.9456e+02
          nan  -9.5950e+03  -3.5981e+03  -2.1322e+03  -1.4992e+03  -1.1514e+03  -9.3285e+02  -7.8327e+02  -6.7465e+02  -5.9229e+02
          nan  -9.5536e+03  -3.5826e+03  -2.1230e+03  -1.4928e+03  -1.1464e+03  -9.2882e+02  -7.7989e+02  -6.7174e+02  -5.8973e+02
          nan  -9.5125e+03  -3.5672e+03  -2.1139e+03  -1.4863e+03  -1.1415e+03  -9.2482e+02  -7.7653e+02  -6.6885e+02  -5.8712e+02
          nan  -9.4716e+03  -3.5519e+03  -2.1048e+03  -1.4799e+03  -1.1366e+03  -9.2085e+02  -7.7319e+02  -6.6597e+02  -5.8467e+02
          nan  -9.4310e+03  -3.5352e+03  -2.0945e+03  -1.4721e+03  -1.1303e+03  -9.1559e+02  -7.6867e+02  -6.6201e+02  -5.8114e+02
          nan  -9.3907e+03  -3.5215e+03  -2.0868e+03  -1.4673e+03  -1.1269e+03  -9.1298e+02  -7.6658e+02  -6.6028e+02  -5.7967e+02
          nan  -9.3506e+03  -3.5065e+03  -2.0779e+03  -1.4610e+03  -1.1221e+03  -9.0908e+02  -7.6331e+02  -6.5746e+02  -5.7720e+02
          nan  -9.3107e+03  -3.4915e+03  -2.0684e+03  -1.4541e+03  -1.1166e+03  -9.0456e+02  -7.5947e+02  -6.5412e+02  -5.7423e+02
          nan  -9.2712e+03  -3.4767e+03  -2.0603e+03  -1.4486e+03  -1.1125e+03  -9.0136e+02  -7.5683e+02  -6.5188e+02  -5.7229e+02
          nan  -9.2318e+03  -3.4619e+03  -2.0515e+03  -1.4425e+03  -1.1078e+03  -8.9754e+02  -7.5362e+02  -6.4911e+02  -5.6987e+02
          nan  -9.1813e+03  -3.4430e+03  -2.0403e+03  -1.4346e+03  -1.1018e+03  -8.9262e+02  -7.4949e+02  -6.4547e+02  -5.6653e+02
          nan  -9.1425e+03  -3.4284e+03  -2.0317e+03  -1.4282e+03  -1.0966e+03  -8.8838e+02  -7.4586e+02  -6.4238e+02  -5.6393e+02
          nan  -9.1153e+03  -3.4183e+03  -2.0256e+03  -1.4243e+03  -1.0938e+03  -8.8621e+02  -7.4411e+02  -6.4092e+02  -5.6268e+02
          nan  -9.0770e+03  -3.4039e+03  -2.0171e+03  -1.4183e+03  -1.0892e+03  -8.8249e+02  -7.4098e+02  -6.3823e+02  -5.6031e+02
          nan  -9.0389e+03  -3.3896e+03  -2.0086e+03  -1.4123e+03  -1.0847e+03  -8.7878e+02  -7.3787e+02  -6.3555e+02  -5.5796e+02
          nan  -9.0011e+03  -3.3754e+03  -2.0002e+03  -1.4064e+03  -1.0801e+03  -8.7510e+02  -7.3478e+02  -6.3289e+02  -5.5562e+02
          nan  -8.9634e+03  -3.3613e+03  -1.9919e+03  -1.4005e+03  -1.0756e+03  -8.7144e+02  -7.3171e+02  -6.3024e+02  -5.5330e+02
          nan  -8.9260e+03  -3.3459e+03  -1.9823e+03  -1.3936e+03  -1.0702e+03  -8.6703e+02  -7.2797e+02  -6.2700e+02  -5.5044e+02
          nan  -8.8889e+03  -3.3333e+03  -1.9753e+03  -1.3889e+03  -1.0667e+03  -8.6420e+02  -7.2562e+02  -6.2500e+02  -5.4870e+02
          nan  -8.8409e+03  -3.3153e+03  -1.9646e+03  -1.3814e+03  -1.0609e+03  -8.5953e+02  -7.2171e+02  -6.2163e+02  -5.4573e+02
          nan  -8.8153e+03  -3.3057e+03  -1.9590e+03  -1.3774e+03  -1.0578e+03  -8.5704e+02  -7.1961e+02  -6.1982e+02  -5.4415e+02
          nan  -8.7788e+03  -3.2921e+03  -1.9508e+03  -1.3717e+03  -1.0532e+03  -8.5319e+02  -7.1630e+02  -6.1692e+02  -5.4156e+02
          nan  -8.7426e+03  -3.2785e+03  -1.9428e+03  -1.3660e+03  -1.0491e+03  -8.4997e+02  -7.1368e+02  -6.1463e+02  -5.3953e+02
          nan  -8.7066e+03  -3.2650e+03  -1.9348e+03  -1.3604e+03  -1.0448e+03  -8.4632e+02  -7.1052e+02  -6.1192e+02  -5.3717e+02
          nan  -8.6708e+03  -3.2515e+03  -1.9268e+03  -1.3548e+03  -1.0405e+03  -8.4299e+02  -7.0782e+02  -6.0966e+02  -5.3523e+02
          nan  -8.6244e+03  -3.2342e+03  -1.9165e+03  -1.3476e+03  -1.0349e+03  -8.3848e+02  -7.0403e+02  -6.0640e+02  -5.3237e+02
          nan  -8.5998e+03  -3.2249e+03  -1.9111e+03  -1.3437e+03  -1.0320e+03  -8.3610e+02  -7.0203e+02  -6.0468e+02  -5.3085e+02
            0            0            0            0            0            0            0            0            0            0
            0            0            0            0            0            0            0            0            0            0
            0            0            0            0            0            0            0            0            0            0
            0            0            0            0            0            0            0            0            0            0
            0            0            0            0            0            0            0            0            0            0
            0            0            0            0            0            0            0            0            0            0
            0            0            0            0            0            0            0            0            0            0
            0            0            0            0            0            0            0            0            0            0
            0            0            0            0            0            0            0            0            0            0
            0            0            0            0            0            0            0            0            0            0
            0            0            0            0            0            0            0            0            0            0
            0            0            0            0            0            0            0            0            0            0
            0            0            0            0            0            0            0            0            0            0
            0            0            0            0            0            0            0            0            0            0
            0            0            0            0            0            0            0            0            0            0
            0            0            0            0            0            0            0            0            0            0
            0            0            0            0            0            0            0            0            0            0
            0            0            0            0            0            0            0            0            0            0
            0            0            0            0            0            0            0            0            0            0
            0            0            0            0            0            0            0            0            0            0
            0            0            0            0            0            0            0            0            0            0
            0            0            0            0            0            0            0            0            0            0
            0            0            0            0            0            0            0            0            0            0
            0            0            0            0            0            0            0            0            0            0
            0            0            0            0            0            0            0            0            0            0
            0            0            0            0            0            0            0            0            0            0
            0            0            0            0            0            0            0            0            0            0
            0            0            0            0            0            0            0            0            0            0
            0            0            0            0            0            0            0            0            0            0
            0            0            0            0            0            0            0            0            0            0
            0            0            0            0            0            0            0            0            0            0

            0            0            0            0            0            0            0            0            0            0
            0            0            0            0            0            0            0            0            0            0
            0            0            0            0            0            0            0            0            0            0
            0            0            0            0            0            0            0            0            0            0
            0            0            0            0            0            0            0            0            0            0
            0            0            0            0            0            0            0            0            0            0
            0            0            0            0            0            0            0            0            0            0
            0            0            0            0            0            0            0            0            0            0
            0            0            0            0            0            0            0            0            0            0
            0            0            0            0            0            0            0            0            0            0
            0            0            0            0            0            0            0            0            0            0
            0            0            0            0            0            0            0            0            0            0
            0            0            0            0            0            0            0            0            0            0
            0            0            0            0            0            0            0            0            0            0
            0            0            0            0            0            0            0            0            0            0
            0            0            0            0            0            0            0            0            0            0
            0            0            0            0            0            0            0            0            0            0
            0            0            0            0            0            0            0            0            0            0
            0            0            0            0            0            0            0            0            0            0
            0            0            0            0            0            0            0            0            0            0
            0            0            0            0            0            0            0            0            0            0
            0            0            0            0            0            0            0            0            0            0
            0            0            0            0            0            0            0            0            0            0
            0            0            0            0            0            0            0            0            0            0
            0            0            0            0            0            0            0            0            0            0
            0            0            0            0            0            0            0            0            0            0
            0            0            0            0            0            0            0            0            0            0
            0            0            0            0            0            0            0            0            0            0
            0            0            0            0            0            0            0            0            0            0
            0            0            0            0            0            0            0            0            0            0
            0            0            0            0            0            0            0            0            0            0
            0            0            0            0            0            0            0            0            0            0
            0            0            0            0            0            0            0            0            0            0
            0            0            0            0            0            0            0            0            0            0
            0            0            0            0            0            0            0            0            0            0
            0            0            0            0            0            0            0            0            0            0
            0            0            0            0            0            0            0            0            0            0
            0            0            0            0            0            0            0            0            0            0
            0            0            0            0            0            0            0            0            0            0
            0            0            0            0            0            0            0            0            0            0
            0            0            0            0            0            0            0            0            0            0
            0            0            0            0            0            0            0            0            0            0
            0            0            0            0            0            0            0            0            0            0
            0            0            0            0            0            0            0            0            0            0
            0            0            0            0            0            0            0            0            0            0
            0            0            0            0            0            0            0            0            0            0
            0            0            0            0            0            0            0            0            0            0
            0            0            0            0            0            0            0            0            0            0
            0            0            0            0            0            0            0            0            0            0
            0            0            0            0            0            0            0            0            0            0
            0            0            0            0            0            0            0            0            0            0
            0            0            0            0            0            0            0            0            0            0
            0            0            0            0            0            0            0            0            0            0
            0            0            0            0            0            0            0            0            0            0
            0            0            0            0            0            0            0            0            0            0
            0            0            0            0            0            0            0            0            0            0
            0            0            0            0            0            0            0            0            0            0
            0            0            0            0            0            0            0            0            0            0
            0            0            0            0            0            0            0            0            0            0
            0            0            0            0            0            0            0            0            0            0
          nan  -5.5652e+03  -2.0870e+03  -1.2367e+03  -8.6957e+02  -6.6783e+02  -5.4106e+02  -4.5430e+02  -3.9130e+02  -3.4353e+02
          nan  -5.5531e+03  -2.0824e+03  -1.2340e+03  -8.6768e+02  -6.6638e+02  -5.3984e+02  -4.5325e+02  -3.9037e+02  -3.4270e+02
          nan  -5.5411e+03  -2.0779e+03  -1.2314e+03  -8.6580e+02  -6.6494e+02  -5.3872e+02  -4.5234e+02  -3.8961e+02  -3.4204e+02
          nan  -5.5292e+03  -2.0734e+03  -1.2287e+03  -8.6393e+02  -6.6350e+02  -5.3756e+02  -4.5136e+02  -3.8877e+02  -3.4131e+02
          nan  -5.5172e+03  -2.0690e+03  -1.2261e+03  -8.6207e+02  -6.6207e+02  -5.3640e+02  -4.5039e+02  -3.8793e+02  -3.4055e+02
          nan  -5.5054e+03  -2.0645e+03  -1.2234e+03  -8.6022e+02  -6.6065e+02  -5.3524e+02  -4.4942e+02  -3.8710e+02  -3.3984e+02
          nan  -5.4936e+03  -2.0597e+03  -1.2204e+03  -8.5794e+02  -6.5882e+02  -5.3371e+02  -4.4810e+02  -3.8594e+02  -3.3881e+02
          nan  -5.4818e+03  -2.0557e+03  -1.2182e+03  -8.5653e+02  -6.5782e+02  -5.3295e+02  -4.4749e+02  -3.8544e+02  -3.3838e+02
          nan  -5.4701e+03  -2.0513e+03  -1.2156e+03  -8.5470e+02  -6.5641e+02  -5.3181e+02  -4.4654e+02  -3.8462e+02  -3.3766e+02
          nan  -5.4584e+03  -2.0469e+03  -1.2128e+03  -8.5267e+02  -6.5481e+02  -5.3049e+02  -4.4541e+02  -3.8364e+02  -3.3679e+02
          nan  -5.4468e+03  -2.0426e+03  -1.2104e+03  -8.5106e+02  -6.5362e+02  -5.2955e+02  -4.4464e+02  -3.8298e+02  -3.3622e+02
          nan  -5.4352e+03  -2.0382e+03  -1.2078e+03  -8.4926e+02  -6.5223e+02  -5.2843e+02  -4.4369e+02  -3.8217e+02  -3.3551e+02
          nan  -5.4203e+03  -2.0326e+03  -1.2045e+03  -8.4693e+02  -6.5044e+02  -5.2698e+02  -4.4248e+02  -3.8109e+02  -3.3453e+02
          nan  -5.4089e+03  -2.0283e+03  -1.2020e+03  -8.4503e+02  -6.4893e+02  -5.2572e+02  -4.4140e+02  -3.8018e+02  -3.3376e+02
          nan  -5.4008e+03  -2.0253e+03  -1.2002e+03  -8.4388e+02  -6.4810e+02  -5.2508e+02  -4.4089e+02  -3.7975e+02  -3.3339e+02
          nan  -5.3895e+03  -2.0211e+03  -1.1977e+03  -8.4211e+02  -6.4674e+02  -5.2398e+02  -4.3996e+02  -3.7895e+02  -3.3268e+02
          nan  -5.3782e+03  -2.0168e+03  -1.1951e+03  -8.4034e+02  -6.4538e+02  -5.2288e+02  -4.3903e+02  -3.7815e+02  -3.3198e+02
          nan  -5.3669e+03  -2.0126e+03  -1.1926e+03  -8.3857e+02  -6.4403e+02  -5.2178e+02  -4.3811e+02  -3.7736e+02  -3.3129e+02
          nan  -5.3556e+03  -2.0084e+03  -1.1901e+03  -8.3682e+02  -6.4268e+02  -5.2069e+02  -4.3720e+02  -3.7657e+02  -3.3060e+02
          nan  -5.3445e+03  -2.0038e+03  -1.1873e+03  -8.3476e+02  -6.4107e+02  -5.1937e+02  -4.3608e+02  -3.7560e+02  -3.2974e+02
          nan  -5.3333e+03  -2.0000e+03  -1.1852e+03  -8.3333e+02  -6.4000e+02  -5.1852e+02  -4.3537e+02  -3.7500e+02  -3.2922e+02
          nan  -5.3189e+03  -1.9946e+03  -1.1820e+03  -8.3108e+02  -6.3827e+02  -5.1712e+02  -4.3420e+02  -3.7399e+02  -3.2833e+02
          nan  -5.3112e+03  -1.9917e+03  -1.1803e+03  -8.2988e+02  -6.3734e+02  -5.1637e+02  -4.3357e+02  -3.7344e+02  -3.2785e+02
          nan  -5.3002e+03  -1.9876e+03  -1.1778e+03  -8.2816e+02  -6.3596e+02  -5.1521e+02  -4.3257e+02  -3.7257e+02  -3.2707e+02
          nan  -5.2893e+03  -1.9835e+03  -1.1754e+03  -8.2645e+02  -6.3471e+02  -5.1423e+02  -4.3178e+02  -3.7187e+02  -3.2646e+02
          nan  -5.2784e+03  -1.9794e+03  -1.1730e+03  -8.2474e+02  -6.3340e+02  -5.1313e+02  -4.3082e+02  -3.7106e+02  -3.2574e+02
          nan  -5.2675e+03  -1.9753e+03  -1.1706e+03  -8.2305e+02  -6.3210e+02  -5.1212e+02  -4.3000e+02  -3.7037e+02  -3.2515e+02
          nan  -5.2534e+03  -1.9700e+03  -1.1674e+03  -8.2084e+02  -6.3041e+02  -5.1075e+02  -4.2885e+02  -3.6938e+02  -3.2428e+02
          nan  -5.2459e+03  -1.9672e+03  -1.1658e+03  -8.1967e+02  -6.2951e+02  -5.1002e+02  -4.2824e+02  -3.6885e+02  -3.2382e+02
            0            0            0            0            0            0            0            0            0            0
            0            0            0            0            0            0            0            0            0            0
            0            0            0            0            0            0            0            0            0            0
            0            0            0            0            0            0            0            0            0            0
            0            0            0            0            0            0            0            0            0            0
            0            0            0            0            0            0            0            0            0            0
            0            0            0            0            0            0            0            0            0            0
            0            0            0            0            0            0            0            0            0            0
            0            0            0            0            0            0            0            0            0            0
            0            0            0            0            0            0            0            0            0            0
            0            0            0            0            0            0            0            0            0            0
            0            0            0            0            0            0            0            0            0            0
            0            0            0            0            0            0            0            0            0            0
            0            0            0            0            0            0            0            0            0            0
            0            0            0            0            0            0            0            0            0            0
            0            0            0            0            0            0            0            0            0            0
            0            0            0            0            0            0            0            0            0            0
            0            0            0            0            0            0            0            0            0            0
            0            0            0            0            0            0            0            0            0            0
            0            0            0            0            0            0            0            0            0            0
            0            0            0            0            0            0            0            0            0            0
            0            0            0            0            0            0            0            0            0            0
            0            0            0            0            0            0            0            0            0            0
            0            0            0            0            0            0            0            0            0            0
            0            0            0            0            0            0            0            0            0            0
            0            0            0            0            0            0            0            0            0            0
            0            0            0            0            0            0            0            0            0            0
            0            0            0            0            0            0            0            0            0            0
            0            0            0            0            0            0            0            0            0            0
            0            0            0            0            0            0            0            0            0            0
            0            0            0            0            0            0            0            0            0            0

            0            0            0            0            0            0            0            0            0            0
            0            0            0            0            0            0            0            0            0            0
            0            0            0            0            0            0            0            0            0            0
            0            0            0            0            0            0            0            0            0            0
            0            0            0            0            0            0            0            0            0            0
            0            0            0            0            0            0            0            0            0            0
            0            0            0            0            0            0            0            0            0            0
            0            0            0            0            0            0            0            0            0            0
            0            0            0            0            0            0            0            0            0            0
            0            0            0            0            0            0            0            0            0            0
            0            0            0            0            0            0            0            0            0            0
            0            0            0            0            0            0            0            0            0            0
            0            0            0            0            0            0            0            0            0            0
            0            0            0            0            0            0            0            0            0            0
            0            0            0            0            0            0            0            0            0            0
            0            0            0            0            0            0            0            0            0            0
            0            0            0            0            0            0            0            0            0            0
            0            0            0            0            0            0            0            0            0            0
            0            0            0            0            0            0            0            0            0            0
            0            0            0            0            0            0            0            0            0            0
            0            0            0            0            0            0            0            0            0            0
            0            0            0            0            0            0            0            0            0            0
            0            0            0            0            0            0            0            0            0            0
            0            0            0            0            0            0            0            0            0            0
            0            0            0            0            0            0            0            0            0            0
            0            0            0            0            0            0            0            0            0            0
            0            0            0            0            0            0            0            0            0            0
            0            0            0            0            0            0            0            0            0            0
            0            0            0            0            0            0            0            0            0            0
            0            0            0            0            0            0            0            0            0            0
            0            0            0            0            0            0            0            0            0            0
            0            0            0            0            0            0            0            0            0            0
            0            0            0            0            0            0            0            0            0            0
            0            0            0            0            0            0            0            0            0            0
            0            0            0            0            0            0            0            0            0            0
            0            0            0            0            0            0            0            0            0            0
            0            0            0            0            0            0            0            0            0            0
            0            0            0            0            0            0            0            0            0            0
            0            0            0            0            0            0            0            0            0            0
            0            0            0            0            0            0            0            0            0            0
            0            0            0            0            0            0            0            0            0            0
            0            0            0            0            0            0            0            0            0            0
            0            0            0            0            0            0            0            0            0            0
            0            0            0            0            0            0            0            0            0            0
            0            0            0            0            0            0            0            0            0            0
            0            0            0            0            0            0            0            0            0            0
            0            0            0            0            0            0            0            0            0            0
            0            0            0            0            0            0            0            0            0            0
            0            0            0            0            0            0            0            0            0            0
            0            0            0            0            0            0            0            0            0            0
            0            0            0            0            0            0            0            0            0            0
            0            0            0            0            0            0            0            0            0            0
            0            0            0            0            0            0            0            0            0            0
            0            0            0            0            0            0            0            0            0            0
            0            0            0            0            0            0            0            0            0            0
            0            0            0            0            0            0            0            0            0            0
            0            0            0            0            0            0            0            0            0            0
            0            0            0            0            0            0            0            0            0            0
            0            0            0            0            0            0            0            0            0            0
            0            0            0            0            0            0            0            0            0            0
          nan  -5.5652e+03  -2.0870e+03  -1.2367e+03  -8.6957e+02  -6.6783e+02  -5.4106e+02  -4.5430e+02  -3.9130e+02  -3.4353e+02
          nan  -5.5531e+03  -2.0824e+03  -1.2340e+03  -8.6768e+02  -6.6638e+02  -5.3984e+02  -4.5325e+02  -3.9037e+02  -3.4270e+02
          nan  -5.5411e+03  -2.0779e+03  -1.2314e+03  -8.6580e+02  -6.6494e+02  -5.3872e+02  -4.5234e+02  -3.8961e+02  -3.4204e+02
          nan  -5.5292e+03  -2.0734e+03  -1.2287e+03  -8.6393e+02  -6.6350e+02  -5.3756e+02  -4.5136e+02  -3.8877e+02  -3.4131e+02
          nan  -5.5172e+03  -2.0690e+03  -1.2261e+03  -8.6207e+02  -6.6207e+02  -5.3640e+02  -4.5039e+02  -3.8793e+02  -3.4055e+02
          nan  -5.5054e+03  -2.0645e+03  -1.2234e+03  -8.6022e+02  -6.6065e+02  -5.3524e+02  -4.4942e+02  -3.8710e+02  -3.3984e+02
          nan  -5.4936e+03  -2.0597e+03  -1.2204e+03  -8.5794e+02  -6.5882e+02  -5.3371e+02  -4.4810e+02  -3.8594e+02  -3.3881e+02
          nan  -5.4818e+03  -2.0557e+03  -1.2182e+03  -8.5653e+02  -6.5782e+02  -5.3295e+02  -4.4749e+02  -3.8544e+02  -3.3838e+02
          nan  -5.4701e+03  -2.0513e+03  -1.2156e+03  -8.5470e+02  -6.5641e+02  -5.3181e+02  -4.4654e+02  -3.8462e+02  -3.3766e+02
          nan  -5.4584e+03  -2.0469e+03  -1.2128e+03  -8.5267e+02  -6.5481e+02  -5.3049e+02  -4.4541e+02  -3.8364e+02  -3.3679e+02
          nan  -5.4468e+03  -2.0426e+03  -1.2104e+03  -8.5106e+02  -6.5362e+02  -5.2955e+02  -4.4464e+02  -3.8298e+02  -3.3622e+02
          nan  -5.4352e+03  -2.0382e+03  -1.2078e+03  -8.4926e+02  -6.5223e+02  -5.2843e+02  -4.4369e+02  -3.8217e+02  -3.3551e+02
          nan  -5.4203e+03  -2.0326e+03  -1.2045e+03  -8.4693e+02  -6.5044e+02  -5.2698e+02  -4.4248e+02  -3.8109e+02  -3.3453e+02
          nan  -5.4089e+03  -2.0283e+03  -1.2020e+03  -8.4503e+02  -6.4893e+02  -5.2572e+02  -4.4140e+02  -3.8018e+02  -3.3376e+02
          nan  -5.4008e+03  -2.0253e+03  -1.2002e+03  -8.4388e+02  -6.4810e+02  -5.2508e+02  -4.4089e+02  -3.7975e+02  -3.3339e+02
          nan  -5.3895e+03  -2.0211e+03  -1.1977e+03  -8.4211e+02  -6.4674e+02  -5.2398e+02  -4.3996e+02  -3.7895e+02  -3.3268e+02
          nan  -5.3782e+03  -2.0168e+03  -1.1951e+03  -8.4034e+02  -6.4538e+02  -5.2288e+02  -4.3903e+02  -3.7815e+02  -3.3198e+02
          nan  -5.3669e+03  -2.0126e+03  -1.1926e+03  -8.3857e+02  -6.4403e+02  -5.2178e+02  -4.3811e+02  -3.7736e+02  -3.3129e+02
          nan  -5.3556e+03  -2.0084e+03  -1.1901e+03  -8.3682e+02  -6.4268e+02  -5.2069e+02  -4.3720e+02  -3.7657e+02  -3.3060e+02
          nan  -5.3445e+03  -2.0038e+03  -1.1873e+03  -8.3476e+02  -6.4107e+02  -5.1937e+02  -4.3608e+02  -3.7560e+02  -3.2974e+02
          nan  -5.3333e+03  -2.0000e+03  -1.1852e+03  -8.3333e+02  -6.4000e+02  -5.1852e+02  -4.3537e+02  -3.7500e+02  -3.2922e+02
          nan  -5.3189e+03  -1.9946e+03  -1.1820e+03  -8.3108e+02  -6.3827e+02  -5.1712e+02  -4.3420e+02  -3.7399e+02  -3.2833e+02
          nan  -5.3112e+03  -1.9917e+03  -1.1803e+03  -8.2988e+02  -6.3734e+02  -5.1637e+02  -4.3357e+02  -3.7344e+02  -3.2785e+02
          nan  -5.3002e+03  -1.9876e+03  -1.1778e+03  -8.2816e+02  -6.3596e+02  -5.1521e+02  -4.3257e+02  -3.7257e+02  -3.2707e+02
          nan  -5.2893e+03  -1.9835e+03  -1.1754e+03  -8.2645e+02  -6.3471e+02  -5.1423e+02  -4.3178e+02  -3.7187e+02  -3.2646e+02
          nan  -5.2784e+03  -1.9794e+03  -1.1730e+03  -8.2474e+02  -6.3340e+02  -5.1313e+02  -4.3082e+02  -3.7106e+02  -3.2574e+02
          nan  -5.2675e+03  -1.9753e+03  -1.1706e+03  -8.2305e+02  -6.3210e+02  -5.1212e+02  -4.3000e+02  -3.7037e+02  -3.2515e+02
          nan  -5.2534e+03  -1.9700e+03  -1.1674e+03  -8.2084e+02  -6.3041e+02  -5.1075e+02  -4.2885e+02  -3.6938e+02  -3.2428e+02
          nan  -5.2459e+03  -1.9672e+03  -1.1658e+03  -8.1967e+02  -6.2951e+02  -5.1002e+02  -4.2824e+02  -3.6885e+02  -3.2382e+02
            0            0            0            0            0            0            0            0            0            0
            0            0            0            0            0            0            0            0            0            0
            0            0            0            0            0            0            0            0            0            0
            0            0            0            0            0            0            0            0            0            0
            0            0            0            0            0            0            0            0            0            0
            0            0            0            0            0            0            0            0            0            0
            0            0            0            0            0            0            0            0            0            0
            0            0            0            0            0            0            0            0            0            0
            0            0            0            0            0            0            0            0            0            0
            0            0            0            0            0            0            0            0            0            0
            0            0            0            0            0            0            0            0            0            0
            0            0            0            0            0            0            0            0            0            0
            0            0            0            0            0            0            0            0            0            0
            0            0            0            0            0            0            0            0            0            0
            0            0            0            0            0            0            0            0            0            0
            0            0            0            0            0            0            0            0            0            0
            0            0            0            0            0            0            0            0            0            0
            0            0            0            0            0            0            0            0            0            0
            0            0            0            0            0            0            0            0            0            0
            0            0            0            0            0            0            0            0            0            0
            0            0            0            0            0            0            0            0            0            0
            0            0            0            0            0            0            0            0            0            0
            0            0            0            0            0            0            0            0            0            0
            0            0            0            0            0            0            0            0            0            0
            0            0            0            0            0            0            0            0            0            0
            0            0            0            0            0            0            0            0            0            0
            0            0            0            0            0            0            0            0            0            0
            0            0            0            0            0            0            0            0            0            0
            0            0            0            0            0            0            0            0            0            0
            0            0            0            0            0            0            0            0            0            0
            0            0            0            0            0            0            0            0            0            0

        0        0        0        0        0        0        0        0        0        0
        0        0        0        0        0        0        0        0        0        0
        0        0        0        0        0        0        0        0        0        0
        0        0        0        0        0        0        0        0        0        0
        0        0        0        0        0        0        0        0        0        0
        0        0        0        0        0        0        0        0        0        0
        0        0        0        0        0        0        0        0        0        0
        0        0        0        0        0        0        0        0        0        0
        0        0        0        0        0        0        0        0        0        0
        0        0        0        0        0        0        0        0        0        0
        0        0        0        0        0        0        0        0        0        0
        0        0        0        0        0        0        0        0        0        0
        0        0        0        0        0        0        0        0        0        0
        0        0        0        0        0        0        0        0        0        0
        0        0        0        0        0        0        0        0        0        0
        0        0        0        0        0        0        0        0        0        0
        0        0        0        0        0        0        0        0        0        0
        0        0        0        0        0        0        0        0        0        0
        0        0        0        0        0        0        0        0        0        0
        0        0        0        0        0        0        0        0        0        0
        0        0        0        0        0        0        0        0        0        0
        0        0        0        0        0        0        0        0        0        0
        0        0        0        0        0        0        0        0        0        0
        0        0        0        0        0        0        0        0        0        0
        0        0        0        0        0        0        0        0        0        0
        0        0        0        0        0        0        0        0        0        0
        0        0        0        0        0        0        0        0        0        0
        0        0        0        0        0        0        0        0        0        0
        0        0        0        0        0        0        0        0        0        0
        0        0        0        0        0        0        0        0        0        0
        0        0        0        0        0        0        0        0        0        0
        0        0        0        0        0        0        0        0        0        0
        0        0        0        0        0        0        0        0        0        0
        0        0        0        0        0        0        0        0        0        0
        0        0        0        0        0        0        0        0        0        0
        0        0        0        0        0        0        0        0        0        0
        0        0        0        0        0        0        0        0        0        0
        0        0        0        0        0        0        0        0        0        0
        0        0        0        0        0        0        0        0        0        0
        0        0        0        0        0        0        0        0        0        0
        0        0        0        0        0        0        0        0        0        0
        0        0        0        0        0        0        0        0        0        0
        0        0        0        0        0        0        0        0        0        0
        0        0        0        0        0        0        0        0        0        0
        0        0        0        0        0        0        0        0        0        0
        0        0        0        0        0        0        0        0        0        0
        0        0        0        0        0        0        0        0        0        0
        0        0        0        0        0        0        0        0        0        0
        0        0        0        0        0        0        0        0        0        0
        0        0        0        0        0        0        0        0        0        0
        0        0        0        0        0        0        0        0        0        0
        0        0        0        0        0        0        0        0        0        0
        0        0        0        0        0        0        0        0        0        0
        0        0        0        0        0        0        0        0        0        0
        0        0        0        0        0        0        0        0        0        0
        0        0        0        0        0        0        0        0        0        0
        0        0        0        0        0        0        0        0        0        0
        0        0        0        0        0        0        0        0        0        0
        0        0        0        0        0        0        0        0        0        0
        0        0        0        0        0        0        0        0        0        0
      nan        0        0        0        0        0        0        0        0        0
      nan        0        0        0        0        0   0.1667   0.1429   0.1250   0.1111
      nan        0        0        0        0        0        0        0        0        0
      nan        0        0        0        0        0        0        0        0        0
      nan        0        0        0        0        0        0        0        0   0.1111
      nan        0        0        0        0        0        0        0        0        0
      nan        0   0.5000   0.3333   0.5000   0.4000   0.3333   0.2857   0.2500   0.2222
      nan        0        0        0        0        0        0        0        0        0
      nan        0        0        0        0        0        0        0        0        0
      nan        0        0   0.3333   0.2500   0.2000   0.1667   0.1429   0.1250   0.1111
      nan        0        0        0        0        0        0        0        0        0
      nan        0        0        0        0        0        0        0        0        0
      inf   1.0000   0.5000   0.3333   0.2500   0.2000   0.1667   0.1429   0.2500   0.3333
      inf   1.0000   0.5000   0.3333   0.5000   0.4000   0.3333   0.2857   0.2500   0.2222
      nan        0        0        0        0        0        0        0        0        0
      nan        0        0        0        0        0        0        0        0        0
      nan        0        0        0        0        0        0        0        0        0
      nan        0        0        0        0        0        0        0        0        0
      nan        0        0        0        0        0        0        0        0        0
      nan        0   0.5000   0.3333   0.2500   0.2000   0.1667   0.1429   0.1250   0.1111
      nan        0        0        0        0        0        0        0        0        0
      inf   1.0000   0.5000   0.3333   0.2500   0.2000   0.1667   0.1429   0.1250   0.1111
      nan        0        0        0        0        0        0        0        0        0
      nan        0        0        0        0   0.2000   0.1667   0.1429   0.1250   0.1111
      nan        0        0        0        0        0        0        0   0.1250   0.1111
      nan        0        0        0        0        0   0.1667   0.1429   0.1250   0.1111
      nan        0        0        0        0        0        0        0        0        0
      inf   1.0000   0.5000   0.3333   0.2500   0.2000   0.1667   0.1429   0.1250   0.1111
      nan        0        0        0        0        0        0        0        0        0
        0        0        0        0        0        0        0        0        0        0
        0        0        0        0        0        0        0        0        0        0
        0        0        0        0        0        0        0        0        0        0
        0        0        0        0        0        0        0        0        0        0
        0        0        0        0        0        0        0        0        0        0
        0        0        0        0        0        0        0        0        0        0
        0        0        0        0        0        0        0        0        0        0
        0        0        0        0        0        0        0        0        0        0
        0        0        0        0        0        0        0        0        0        0
        0        0        0        0        0        0        0        0        0        0
        0        0        0        0        0        0        0        0        0        0
        0        0        0        0        0        0        0        0        0        0
        0        0        0        0        0        0        0        0        0        0
        0        0        0        0        0        0        0        0        0        0
        0        0        0        0        0        0        0        0        0        0
        0        0        0        0        0        0        0        0        0        0
        0        0        0        0        0        0        0        0        0        0
        0        0        0        0        0        0        0        0        0        0
        0        0        0        0        0        0        0        0        0        0
        0        0        0        0        0        0        0        0        0        0
        0        0        0        0        0        0        0        0        0        0
        0        0        0        0        0        0        0        0        0        0
        0        0        0        0        0        0        0        0        0        0
        0        0        0        0        0        0        0        0        0        0
        0        0        0        0        0        0        0        0        0        0
        0        0        0        0        0        0        0        0        0        0
        0        0        0        0        0        0        0        0        0        0
        0        0        0        0        0        0        0        0        0        0
        0        0        0        0        0        0        0        0        0        0
        0        0        0        0        0        0        0        0        0        0
        0        0        0        0        0        0        0        0        0        0

