   2.0000
   2.0050
   2.0100
   2.0150
   2.0200
   2.0250
   2.0300
   2.0350
   2.0400
   2.0450
   2.0500
   2.0550
   2.0600
   2.0650
   2.0700
   2.0750
   2.0800
   2.0850
   2.0900
   2.0950
   2.1000
   2.1050
   2.1100
   2.1150
   2.1200
   2.1250
   2.1300
   2.1350
   2.1400
   2.1450
   2.1500
   2.1550
   2.1600
   2.1650
   2.1700
   2.1750
   2.1800
   2.1850
   2.1900
   2.1950
   2.2000
   2.2050
   2.2100
   2.2150
   2.2200
   2.2250
   2.2300
   2.2350
   2.2400
   2.2450
   2.2500
   2.2550
   2.2600
   2.2650
   2.2700
   2.2750
   2.2800
   2.2850
   2.2900
   2.2950
   2.3000
   2.3050
   2.3100
   2.3150
   2.3200
   2.3250
   2.3300
   2.3350
   2.3400
   2.3450
   2.3500
   2.3550
   2.3600
   2.3650
   2.3700
   2.3750
   2.3800
   2.3850
   2.3900
   2.3950
   2.4000
   2.4050
   2.4100
   2.4150
   2.4200
   2.4250
   2.4300
   2.4350
   2.4400
   2.4450
   2.4500
   2.4550
   2.4600
   2.4650
   2.4700
   2.4750
   2.4800
   2.4850
   2.4900
   2.4950
   2.5000
   2.5050
   2.5100
   2.5150
   2.5200
   2.5250
   2.5300
   2.5350
   2.5400
   2.5450
   2.5500
   2.5550
   2.5600
   2.5650
   2.5700
   2.5750
   2.5800
   2.5850
   2.5900
   2.5950

     -inf  -4.0000  -3.0000  -2.6667  -2.5000  -2.4000  -2.3333  -2.2857  -2.2500  -2.2222
     -inf  -4.0000  -3.0000  -2.6667  -2.5000  -2.4000  -2.3331  -2.2854  -2.2495  -2.2217
     -inf  -4.0000  -3.0000  -2.6667  -2.5000  -2.4000  -2.3333  -2.2857  -2.2500  -2.2222
     -inf  -4.0000  -3.0000  -2.6667  -2.5000  -2.4000  -2.3333  -2.2857  -2.2500  -2.2222
     -inf  -4.0000  -3.0000  -2.6667  -2.5000  -2.4000  -2.3333  -2.2857  -2.2500  -2.2221
     -inf  -4.0000  -3.0000  -2.6667  -2.5000  -2.4000  -2.3333  -2.2857  -2.2500  -2.2222
     -inf  -4.0000  -2.9994  -2.6658  -2.4991  -2.3990  -2.3323  -2.2846  -2.2489  -2.2211
     -inf  -4.0000  -3.0000  -2.6667  -2.5000  -2.4000  -2.3333  -2.2857  -2.2500  -2.2222
     -inf  -4.0000  -3.0000  -2.6667  -2.5000  -2.4000  -2.3333  -2.2857  -2.2500  -2.2222
     -inf  -4.0000  -3.0000  -2.6662  -2.4994  -2.3993  -2.3325  -2.2848  -2.2491  -2.2212
     -inf  -4.0000  -3.0000  -2.6667  -2.5000  -2.4000  -2.3333  -2.2857  -2.2500  -2.2222
     -inf  -4.0000  -3.0000  -2.6667  -2.5000  -2.4000  -2.3333  -2.2857  -2.2500  -2.2222
     -inf  -4.0000  -3.0000  -2.6667  -2.5000  -2.4000  -2.3333  -2.2857  -2.2498  -2.2218
     -inf  -4.0000  -3.0000  -2.6667  -2.4997  -2.3995  -2.3327  -2.2850  -2.2492  -2.2214
     -inf  -4.0000  -3.0000  -2.6667  -2.5000  -2.4000  -2.3333  -2.2857  -2.2500  -2.2222
     -inf  -4.0000  -3.0000  -2.6667  -2.5000  -2.4000  -2.3333  -2.2857  -2.2500  -2.2222
     -inf  -4.0000  -3.0000  -2.6667  -2.5000  -2.4000  -2.3333  -2.2857  -2.2500  -2.2222
     -inf  -4.0000  -3.0000  -2.6667  -2.5000  -2.4000  -2.3333  -2.2857  -2.2500  -2.2222
     -inf  -4.0000  -3.0000  -2.6667  -2.5000  -2.4000  -2.3333  -2.2857  -2.2500  -2.2222
     -inf  -4.0000  -3.0000  -2.6667  -2.5000  -2.4000  -2.3333  -2.2857  -2.2500  -2.2222
     -inf  -4.0000  -3.0000  -2.6667  -2.5000  -2.4000  -2.3333  -2.2857  -2.2500  -2.2222
     -inf  -4.0000  -3.0000  -2.6667  -2.5000  -2.4000  -2.3333  -2.2857  -2.2500  -2.2222
     -inf  -4.0000  -3.0000  -2.6667  -2.5000  -2.4000  -2.3333  -2.2857  -2.2500  -2.2222
     -inf  -4.0000  -3.0000  -2.6667  -2.5000  -2.3998  -2.3329  -2.2852  -2.2494  -2.2215
     -inf  -4.0000  -3.0000  -2.6667  -2.5000  -2.4000  -2.3333  -2.2857  -2.2498  -2.2219
     -inf  -4.0000  -3.0000  -2.6667  -2.5000  -2.4000  -2.3331  -2.2854  -2.2495  -2.2217
     -inf  -4.0000  -3.0000  -2.6667  -2.5000  -2.4000  -2.3333  -2.2857  -2.2500  -2.2222
     -inf  -3.9975  -2.9981  -2.6650  -2.4984  -2.3985  -2.3319  -2.2843  -2.2486  -2.2208
     -inf  -4.0000  -3.0000  -2.6667  -2.5000  -2.4000  -2.3333  -2.2857  -2.2500  -2.2222
        0        0        0        0        0        0        0        0        0        0
        0        0        0        0        0        0        0        0        0        0
        0        0        0        0        0        0        0        0        0        0
        0        0        0        0        0        0        0        0        0        0
        0        0        0        0        0        0        0        0        0        0
        0        0        0        0        0        0        0        0        0        0
        0        0        0        0        0        0        0        0        0        0
        0        0        0        0        0        0        0        0        0        0
        0        0        0        0        0        0        0        0        0        0
        0        0        0        0        0        0        0        0        0        0
        0        0        0        0        0        0        0        0        0        0
        0        0        0        0        0        0        0        0        0        0
        0        0        0        0        0        0        0        0        0        0
        0        0        0        0        0        0        0        0        0        0
        0        0        0        0        0        0        0        0        0        0
        0        0        0        0        0        0        0        0        0        0
        0        0        0        0        0        0        0        0        0        0
        0        0        0        0        0        0        0        0        0        0
        0        0        0        0        0        0        0        0        0        0
        0        0        0        0        0        0        0        0        0        0
        0        0        0        0        0        0        0        0        0        0
        0        0        0        0        0        0        0        0        0        0
        0        0        0        0        0        0        0        0        0        0
        0        0        0        0        0        0        0        0        0        0
        0        0        0        0        0        0        0        0        0        0
        0        0        0        0        0        0        0        0        0        0
        0        0        0        0        0        0        0        0        0        0
        0        0        0        0        0        0        0        0        0        0
        0        0        0        0        0        0        0        0        0        0
        0        0        0        0        0        0        0        0        0        0
        0        0        0        0        0        0        0        0        0        0
        0        0        0        0        0        0        0        0        0        0
        0        0        0        0        0        0        0        0        0        0
        0        0        0        0        0        0        0        0        0        0
        0        0        0        0        0        0        0        0        0        0
        0        0        0        0        0        0        0        0        0        0
        0        0        0        0        0        0        0        0        0        0
        0        0        0        0        0        0        0        0        0        0
        0        0        0        0        0        0        0        0        0        0
        0        0        0        0        0        0        0        0        0        0
        0        0        0        0        0        0        0        0        0        0
        0        0        0        0        0        0        0        0        0        0
        0        0        0        0        0        0        0        0        0        0
        0        0        0        0        0        0        0        0        0        0
        0        0        0        0        0        0        0        0        0        0
        0        0        0        0        0        0        0        0        0        0
        0        0        0        0        0        0        0        0        0        0
        0        0        0        0        0        0        0        0        0        0
        0        0        0        0        0        0        0        0        0        0
        0        0        0        0        0        0        0        0        0        0
        0        0        0        0        0        0        0        0        0        0
        0        0        0        0        0        0        0        0        0        0
        0        0        0        0        0        0        0        0        0        0
        0        0        0        0        0        0        0        0        0        0
        0        0        0        0        0        0        0        0        0        0
        0        0        0        0        0        0        0        0        0        0
        0        0        0        0        0        0        0        0        0        0
        0        0        0        0        0        0        0        0        0        0
        0        0        0        0        0        0        0        0        0        0
        0        0        0        0        0        0        0        0        0        0
        0        0        0        0        0        0        0        0        0        0
        0        0        0        0        0        0        0        0        0        0
        0        0        0        0        0        0        0        0        0        0
        0        0        0        0        0        0        0        0        0        0
        0        0        0        0        0        0        0        0        0        0
        0        0        0        0        0        0        0        0        0        0
        0        0        0        0        0        0        0        0        0        0
        0        0        0        0        0        0        0        0        0        0
        0        0        0        0        0        0        0        0        0        0
        0        0        0        0        0        0        0        0        0        0
        0        0        0        0        0        0        0        0        0        0
        0        0        0        0        0        0        0        0        0        0
        0        0        0        0        0        0        0        0        0        0
        0        0        0        0        0        0        0        0        0        0
        0        0        0        0        0        0        0        0        0        0
        0        0        0        0        0        0        0        0        0        0
        0        0        0        0        0        0        0        0        0        0
        0        0        0        0        0        0        0        0        0        0
        0        0        0        0        0        0        0        0        0        0
        0        0        0        0        0        0        0        0        0        0
        0        0        0        0        0        0        0        0        0        0
        0        0        0        0        0        0        0        0        0        0
        0        0        0        0        0        0        0        0        0        0
        0        0        0        0        0        0        0        0        0        0
        0        0        0        0        0        0        0        0        0        0
        0        0        0        0        0        0        0        0        0        0
        0        0        0        0        0        0        0        0        0        0
        0        0        0        0        0        0        0        0        0        0
        0        0        0        0        0        0        0        0        0        0
        0        0        0        0        0        0        0        0        0        0
        0        0        0        0        0        0        0        0        0        0

      inf   2.0000   1.5000   1.3333   1.2500   1.2000   1.1667   1.1429   1.1250   1.1111
      inf   2.0000   1.5000   1.3333   1.2500   1.2000   1.1666   1.1428   1.1249   1.1110
      inf   2.0000   1.5000   1.3333   1.2500   1.2000   1.1667   1.1429   1.1250   1.1111
      inf   2.0000   1.5000   1.3333   1.2500   1.2000   1.1667   1.1429   1.1250   1.1111
      inf   2.0000   1.5000   1.3333   1.2500   1.2000   1.1667   1.1429   1.1250   1.1111
      inf   2.0000   1.5000   1.3333   1.2500   1.2000   1.1667   1.1429   1.1250   1.1111
      inf   2.0000   1.4998   1.3331   1.2498   1.1997   1.1664   1.1426   1.1247   1.1108
      inf   2.0000   1.5000   1.3333   1.2500   1.2000   1.1667   1.1429   1.1250   1.1111
      inf   2.0000   1.5000   1.3333   1.2500   1.2000   1.1667   1.1429   1.1250   1.1111
      inf   2.0000   1.5000   1.3332   1.2498   1.1998   1.1665   1.1426   1.1248   1.1109
      inf   2.0000   1.5000   1.3333   1.2500   1.2000   1.1667   1.1429   1.1250   1.1111
      inf   2.0000   1.5000   1.3333   1.2500   1.2000   1.1667   1.1429   1.1250   1.1111
      inf   2.0000   1.5000   1.3333   1.2500   1.2000   1.1667   1.1429   1.1250   1.1110
      inf   2.0000   1.5000   1.3333   1.2499   1.1999   1.1665   1.1427   1.1248   1.1109
      inf   2.0000   1.5000   1.3333   1.2500   1.2000   1.1667   1.1429   1.1250   1.1111
      inf   2.0000   1.5000   1.3333   1.2500   1.2000   1.1667   1.1429   1.1250   1.1111
      inf   2.0000   1.5000   1.3333   1.2500   1.2000   1.1667   1.1429   1.1250   1.1111
      inf   2.0000   1.5000   1.3333   1.2500   1.2000   1.1667   1.1429   1.1250   1.1111
      inf   2.0000   1.5000   1.3333   1.2500   1.2000   1.1667   1.1429   1.1250   1.1111
      inf   2.0000   1.5000   1.3333   1.2500   1.2000   1.1667   1.1429   1.1250   1.1111
      inf   2.0000   1.5000   1.3333   1.2500   1.2000   1.1667   1.1429   1.1250   1.1111
      inf   2.0000   1.5000   1.3333   1.2500   1.2000   1.1667   1.1429   1.1250   1.1111
      inf   2.0000   1.5000   1.3333   1.2500   1.2000   1.1667   1.1429   1.1250   1.1111
      inf   2.0000   1.5000   1.3333   1.2500   1.1999   1.1666   1.1427   1.1248   1.1109
      inf   2.0000   1.5000   1.3333   1.2500   1.2000   1.1667   1.1429   1.1250   1.1110
      inf   2.0000   1.5000   1.3333   1.2500   1.2000   1.1666   1.1428   1.1249   1.1110
      inf   2.0000   1.5000   1.3333   1.2500   1.2000   1.1667   1.1429   1.1250   1.1111
      inf   1.9994   1.4995   1.3329   1.2496   1.1996   1.1663   1.1425   1.1246   1.1108
      inf   2.0000   1.5000   1.3333   1.2500   1.2000   1.1667   1.1429   1.1250   1.1111
        0        0        0        0        0        0        0        0        0        0
        0        0        0        0        0        0        0        0        0        0
        0        0        0        0        0        0        0        0        0        0
        0        0        0        0        0        0        0        0        0        0
        0        0        0        0        0        0        0        0        0        0
        0        0        0        0        0        0        0        0        0        0
        0        0        0        0        0        0        0        0        0        0
        0        0        0        0        0        0        0        0        0        0
        0        0        0        0        0        0        0        0        0        0
        0        0        0        0        0        0        0        0        0        0
        0        0        0        0        0        0        0        0        0        0
        0        0        0        0        0        0        0        0        0        0
        0        0        0        0        0        0        0        0        0        0
        0        0        0        0        0        0        0        0        0        0
        0        0        0        0        0        0        0        0        0        0
        0        0        0        0        0        0        0        0        0        0
        0        0        0        0        0        0        0        0        0        0
        0        0        0        0        0        0        0        0        0        0
        0        0        0        0        0        0        0        0        0        0
        0        0        0        0        0        0        0        0        0        0
        0        0        0        0        0        0        0        0        0        0
        0        0        0        0        0        0        0        0        0        0
        0        0        0        0        0        0        0        0        0        0
        0        0        0        0        0        0        0        0        0        0
        0        0        0        0        0        0        0        0        0        0
        0        0        0        0        0        0        0        0        0        0
        0        0        0        0        0        0        0        0        0        0
        0        0        0        0        0        0        0        0        0        0
        0        0        0        0        0        0        0        0        0        0
        0        0        0        0        0        0        0        0        0        0
        0        0        0        0        0        0        0        0        0        0
        0        0        0        0        0        0        0        0        0        0
        0        0        0        0        0        0        0        0        0        0
        0        0        0        0        0        0        0        0        0        0
        0        0        0        0        0        0        0        0        0        0
        0        0        0        0        0        0        0        0        0        0
        0        0        0        0        0        0        0        0        0        0
        0        0        0        0        0        0        0        0        0        0
        0        0        0        0        0        0        0        0        0        0
        0        0        0        0        0        0        0        0        0        0
        0        0        0        0        0        0        0        0        0        0
        0        0        0        0        0        0        0        0        0        0
        0        0        0        0        0        0        0        0        0        0
        0        0        0        0        0        0        0        0        0        0
        0        0        0        0        0        0        0        0        0        0
        0        0        0        0        0        0        0        0        0        0
        0        0        0        0        0        0        0        0        0        0
        0        0        0        0        0        0        0        0        0        0
        0        0        0        0        0        0        0        0        0        0
        0        0        0        0        0        0        0        0        0        0
        0        0        0        0        0        0        0        0        0        0
        0        0        0        0        0        0        0        0        0        0
        0        0        0        0        0        0        0        0        0        0
        0        0        0        0        0        0        0        0        0        0
        0        0        0        0        0        0        0        0        0        0
        0        0        0        0        0        0        0        0        0        0
        0        0        0        0        0        0        0        0        0        0
        0        0        0        0        0        0        0        0        0        0
        0        0        0        0        0        0        0        0        0        0
        0        0        0        0        0        0        0        0        0        0
        0        0        0        0        0        0        0        0        0        0
        0        0        0        0        0        0        0        0        0        0
        0        0        0        0        0        0        0        0        0        0
        0        0        0        0        0        0        0        0        0        0
        0        0        0        0        0        0        0        0        0        0
        0        0        0        0        0        0        0        0        0        0
        0        0        0        0        0        0        0        0        0        0
        0        0        0        0        0        0        0        0        0        0
        0        0        0        0        0        0        0        0        0        0
        0        0        0        0        0        0        0        0        0        0
        0        0        0        0        0        0        0        0        0        0
        0        0        0        0        0        0        0        0        0        0
        0        0        0        0        0        0        0        0        0        0
        0        0        0        0        0        0        0        0        0        0
        0        0        0        0        0        0        0        0        0        0
        0        0        0        0        0        0        0        0        0        0
        0        0        0        0        0        0        0        0        0        0
        0        0        0        0        0        0        0        0        0        0
        0        0        0        0        0        0        0        0        0        0
        0        0        0        0        0        0        0        0        0        0
        0        0        0        0        0        0        0        0        0        0
        0        0        0        0        0        0        0        0        0        0
        0        0        0        0        0        0        0        0        0        0
        0        0        0        0        0        0        0        0        0        0
        0        0        0        0        0        0        0        0        0        0
        0        0        0        0        0        0        0        0        0        0
        0        0        0        0        0        0        0        0        0        0
        0        0        0        0        0        0        0        0        0        0
        0        0        0        0        0        0        0        0        0        0
        0        0        0        0        0        0        0        0        0        0
        0        0        0        0        0        0        0        0        0        0

      inf   2.0000   1.5000   1.3333   1.2500   1.2000   1.1667   1.1429   1.1250   1.1111
      inf   2.0000   1.5000   1.3333   1.2500   1.2000   1.1666   1.1428   1.1249   1.1110
      inf   2.0000   1.5000   1.3333   1.2500   1.2000   1.1667   1.1429   1.1250   1.1111
      inf   2.0000   1.5000   1.3333   1.2500   1.2000   1.1667   1.1429   1.1250   1.1111
      inf   2.0000   1.5000   1.3333   1.2500   1.2000   1.1667   1.1429   1.1250   1.1111
      inf   2.0000   1.5000   1.3333   1.2500   1.2000   1.1667   1.1429   1.1250   1.1111
      inf   2.0000   1.4998   1.3331   1.2498   1.1997   1.1664   1.1426   1.1247   1.1108
      inf   2.0000   1.5000   1.3333   1.2500   1.2000   1.1667   1.1429   1.1250   1.1111
      inf   2.0000   1.5000   1.3333   1.2500   1.2000   1.1667   1.1429   1.1250   1.1111
      inf   2.0000   1.5000   1.3332   1.2498   1.1998   1.1665   1.1426   1.1248   1.1109
      inf   2.0000   1.5000   1.3333   1.2500   1.2000   1.1667   1.1429   1.1250   1.1111
      inf   2.0000   1.5000   1.3333   1.2500   1.2000   1.1667   1.1429   1.1250   1.1111
      inf   2.0000   1.5000   1.3333   1.2500   1.2000   1.1667   1.1429   1.1250   1.1110
      inf   2.0000   1.5000   1.3333   1.2499   1.1999   1.1665   1.1427   1.1248   1.1109
      inf   2.0000   1.5000   1.3333   1.2500   1.2000   1.1667   1.1429   1.1250   1.1111
      inf   2.0000   1.5000   1.3333   1.2500   1.2000   1.1667   1.1429   1.1250   1.1111
      inf   2.0000   1.5000   1.3333   1.2500   1.2000   1.1667   1.1429   1.1250   1.1111
      inf   2.0000   1.5000   1.3333   1.2500   1.2000   1.1667   1.1429   1.1250   1.1111
      inf   2.0000   1.5000   1.3333   1.2500   1.2000   1.1667   1.1429   1.1250   1.1111
      inf   2.0000   1.5000   1.3333   1.2500   1.2000   1.1667   1.1429   1.1250   1.1111
      inf   2.0000   1.5000   1.3333   1.2500   1.2000   1.1667   1.1429   1.1250   1.1111
      inf   2.0000   1.5000   1.3333   1.2500   1.2000   1.1667   1.1429   1.1250   1.1111
      inf   2.0000   1.5000   1.3333   1.2500   1.2000   1.1667   1.1429   1.1250   1.1111
      inf   2.0000   1.5000   1.3333   1.2500   1.1999   1.1666   1.1427   1.1248   1.1109
      inf   2.0000   1.5000   1.3333   1.2500   1.2000   1.1667   1.1429   1.1250   1.1110
      inf   2.0000   1.5000   1.3333   1.2500   1.2000   1.1666   1.1428   1.1249   1.1110
      inf   2.0000   1.5000   1.3333   1.2500   1.2000   1.1667   1.1429   1.1250   1.1111
      inf   1.9994   1.4995   1.3329   1.2496   1.1996   1.1663   1.1425   1.1246   1.1108
      inf   2.0000   1.5000   1.3333   1.2500   1.2000   1.1667   1.1429   1.1250   1.1111
        0        0        0        0        0        0        0        0        0        0
        0        0        0        0        0        0        0        0        0        0
        0        0        0        0        0        0        0        0        0        0
        0        0        0        0        0        0        0        0        0        0
        0        0        0        0        0        0        0        0        0        0
        0        0        0        0        0        0        0        0        0        0
        0        0        0        0        0        0        0        0        0        0
        0        0        0        0        0        0        0        0        0        0
        0        0        0        0        0        0        0        0        0        0
        0        0        0        0        0        0        0        0        0        0
        0        0        0        0        0        0        0        0        0        0
        0        0        0        0        0        0        0        0        0        0
        0        0        0        0        0        0        0        0        0        0
        0        0        0        0        0        0        0        0        0        0
        0        0        0        0        0        0        0        0        0        0
        0        0        0        0        0        0        0        0        0        0
        0        0        0        0        0        0        0        0        0        0
        0        0        0        0        0        0        0        0        0        0
        0        0        0        0        0        0        0        0        0        0
        0        0        0        0        0        0        0        0        0        0
        0        0        0        0        0        0        0        0        0        0
        0        0        0        0        0        0        0        0        0        0
        0        0        0        0        0        0        0        0        0        0
        0        0        0        0        0        0        0        0        0        0
        0        0        0        0        0        0        0        0        0        0
        0        0        0        0        0        0        0        0        0        0
        0        0        0        0        0        0        0        0        0        0
        0        0        0        0        0        0        0        0        0        0
        0        0        0        0        0        0        0        0        0        0
        0        0        0        0        0        0        0        0        0        0
        0        0        0        0        0        0        0        0        0        0
        0        0        0        0        0        0        0        0        0        0
        0        0        0        0        0        0        0        0        0        0
        0        0        0        0        0        0        0        0        0        0
        0        0        0        0        0        0        0        0        0        0
        0        0        0        0        0        0        0        0        0        0
        0        0        0        0        0        0        0        0        0        0
        0        0        0        0        0        0        0        0        0        0
        0        0        0        0        0        0        0        0        0        0
        0        0        0        0        0        0        0        0        0        0
        0        0        0        0        0        0        0        0        0        0
        0        0        0        0        0        0        0        0        0        0
        0        0        0        0        0        0        0        0        0        0
        0        0        0        0        0        0        0        0        0        0
        0        0        0        0        0        0        0        0        0        0
        0        0        0        0        0        0        0        0        0        0
        0        0        0        0        0        0        0        0        0        0
        0        0        0        0        0        0        0        0        0        0
        0        0        0        0        0        0        0        0        0        0
        0        0        0        0        0        0        0        0        0        0
        0        0        0        0        0        0        0        0        0        0
        0        0        0        0        0        0        0        0        0        0
        0        0        0        0        0        0        0        0        0        0
        0        0        0        0        0        0        0        0        0        0
        0        0        0        0        0        0        0        0        0        0
        0        0        0        0        0        0        0        0        0        0
        0        0        0        0        0        0        0        0        0        0
        0        0        0        0        0        0        0        0        0        0
        0        0        0        0        0        0        0        0        0        0
        0        0        0        0        0        0        0        0        0        0
        0        0        0        0        0        0        0        0        0        0
        0        0        0        0        0        0        0        0        0        0
        0        0        0        0        0        0        0        0        0        0
        0        0        0        0        0        0        0        0        0        0
        0        0        0        0        0        0        0        0        0        0
        0        0        0        0        0        0        0        0        0        0
        0        0        0        0        0        0        0        0        0        0
        0        0        0        0        0        0        0        0        0        0
        0        0        0        0        0        0        0        0        0        0
        0        0        0        0        0        0        0        0        0        0
        0        0        0        0        0        0        0        0        0        0
        0        0        0        0        0        0        0        0        0        0
        0        0        0        0        0        0        0        0        0        0
        0        0        0        0        0        0        0        0        0        0
        0        0        0        0        0        0        0        0        0        0
        0        0        0        0        0        0        0        0        0        0
        0        0        0        0        0        0        0        0        0        0
        0        0        0        0        0        0        0        0        0        0
        0        0        0        0        0        0        0        0        0        0
        0        0        0        0        0        0        0        0        0        0
        0        0        0        0        0        0        0        0        0        0
        0        0        0        0        0        0        0        0        0        0
        0        0        0        0        0        0        0        0        0        0
        0        0        0        0        0        0        0        0        0        0
        0        0        0        0        0        0        0        0        0        0
        0        0        0        0        0        0        0        0        0        0
        0        0        0        0        0        0        0        0        0        0
        0        0        0        0        0        0        0        0        0        0
        0        0        0        0        0        0        0        0        0        0
        0        0        0        0        0        0        0        0        0        0
        0        0        0        0        0        0        0        0        0        0

          nan  -1.2800e+04  -4.8000e+03  -2.8444e+03  -2.0000e+03  -1.5360e+03  -1.2444e+03  -1.0449e+03  -9.0000e+02  -7.9012e+02
          nan  -1.2736e+04  -4.7761e+03  -2.8303e+03  -1.9900e+03  -1.5283e+03  -1.2380e+03  -1.0394e+03  -8.9514e+02  -7.8579e+02
          nan  -1.2673e+04  -4.7524e+03  -2.8162e+03  -1.9801e+03  -1.5208e+03  -1.2321e+03  -1.0345e+03  -8.9107e+02  -7.8228e+02
          nan  -1.2610e+04  -4.7288e+03  -2.8023e+03  -1.9703e+03  -1.5132e+03  -1.2260e+03  -1.0294e+03  -8.8665e+02  -7.7840e+02
          nan  -1.2548e+04  -4.7054e+03  -2.7884e+03  -1.9606e+03  -1.5057e+03  -1.2199e+03  -1.0243e+03  -8.8227e+02  -7.7446e+02
          nan  -1.2486e+04  -4.6822e+03  -2.7746e+03  -1.9509e+03  -1.4983e+03  -1.2139e+03  -1.0193e+03  -8.7791e+02  -7.7073e+02
          nan  -1.2424e+04  -4.6572e+03  -2.7593e+03  -1.9399e+03  -1.4897e+03  -1.2069e+03  -1.0133e+03  -8.7275e+02  -7.6618e+02
          nan  -1.2363e+04  -4.6363e+03  -2.7474e+03  -1.9318e+03  -1.4836e+03  -1.2020e+03  -1.0093e+03  -8.6931e+02  -7.6318e+02
          nan  -1.2303e+04  -4.6136e+03  -2.7340e+03  -1.9223e+03  -1.4764e+03  -1.1961e+03  -1.0043e+03  -8.6505e+02  -7.5944e+02
          nan  -1.2243e+04  -4.5911e+03  -2.7198e+03  -1.9120e+03  -1.4682e+03  -1.1894e+03  -9.9864e+02  -8.6011e+02  -7.5507e+02
          nan  -1.2183e+04  -4.5687e+03  -2.7074e+03  -1.9036e+03  -1.4620e+03  -1.1845e+03  -9.9455e+02  -8.5663e+02  -7.5205e+02
          nan  -1.2124e+04  -4.5465e+03  -2.6942e+03  -1.8944e+03  -1.4549e+03  -1.1787e+03  -9.8972e+02  -8.5247e+02  -7.4840e+02
          nan  -1.2065e+04  -4.5245e+03  -2.6812e+03  -1.8852e+03  -1.4478e+03  -1.1730e+03  -9.8492e+02  -8.4822e+02  -7.4449e+02
          nan  -1.2007e+04  -4.5026e+03  -2.6682e+03  -1.8756e+03  -1.4402e+03  -1.1667e+03  -9.7954e+02  -8.4365e+02  -7.4061e+02
          nan  -1.1949e+04  -4.4809e+03  -2.6553e+03  -1.8670e+03  -1.4339e+03  -1.1617e+03  -9.7542e+02  -8.4016e+02  -7.3759e+02
          nan  -1.1891e+04  -4.4593e+03  -2.6425e+03  -1.8580e+03  -1.4270e+03  -1.1561e+03  -9.7073e+02  -8.3612e+02  -7.3404e+02
          nan  -1.1834e+04  -4.4379e+03  -2.6298e+03  -1.8491e+03  -1.4201e+03  -1.1506e+03  -9.6607e+02  -8.3210e+02  -7.3051e+02
          nan  -1.1778e+04  -4.4166e+03  -2.6173e+03  -1.8403e+03  -1.4133e+03  -1.1450e+03  -9.6144e+02  -8.2811e+02  -7.2701e+02
          nan  -1.1721e+04  -4.3955e+03  -2.6047e+03  -1.8315e+03  -1.4066e+03  -1.1396e+03  -9.5684e+02  -8.2416e+02  -7.2354e+02
          nan  -1.1665e+04  -4.3745e+03  -2.5923e+03  -1.8227e+03  -1.3999e+03  -1.1341e+03  -9.5228e+02  -8.2023e+02  -7.2009e+02
          nan  -1.1610e+04  -4.3537e+03  -2.5800e+03  -1.8141e+03  -1.3932e+03  -1.1287e+03  -9.4775e+02  -8.1633e+02  -7.1667e+02
          nan  -1.1555e+04  -4.3331e+03  -2.5678e+03  -1.8055e+03  -1.3866e+03  -1.1234e+03  -9.4326e+02  -8.1245e+02  -7.1326e+02
          nan  -1.1500e+04  -4.3126e+03  -2.5556e+03  -1.7969e+03  -1.3800e+03  -1.1181e+03  -9.3879e+02  -8.0861e+02  -7.0989e+02
          nan  -1.1446e+04  -4.2922e+03  -2.5435e+03  -1.7884e+03  -1.3732e+03  -1.1124e+03  -9.3392e+02  -8.0434e+02  -7.0609e+02
          nan  -1.1392e+04  -4.2720e+03  -2.5315e+03  -1.7800e+03  -1.3670e+03  -1.1076e+03  -9.2996e+02  -8.0089e+02  -7.0303e+02
          nan  -1.1338e+04  -4.2519e+03  -2.5196e+03  -1.7716e+03  -1.3606e+03  -1.1021e+03  -9.2529e+02  -7.9690e+02  -6.9955e+02
          nan  -1.1285e+04  -4.2320e+03  -2.5078e+03  -1.7633e+03  -1.3542e+03  -1.0972e+03  -9.2124e+02  -7.9349e+02  -6.9662e+02
          nan  -1.1218e+04  -4.2069e+03  -2.4930e+03  -1.7529e+03  -1.3462e+03  -1.0907e+03  -9.1579e+02  -7.8879e+02  -6.9249e+02
          nan  -1.1180e+04  -4.1925e+03  -2.4844e+03  -1.7469e+03  -1.3416e+03  -1.0869e+03  -9.1265e+02  -7.8609e+02  -6.9012e+02
            0            0            0            0            0            0            0            0            0            0
            0            0            0            0            0            0            0            0            0            0
            0            0            0            0            0            0            0            0            0            0
            0            0            0            0            0            0            0            0            0            0
            0            0            0            0            0            0            0            0            0            0
            0            0            0            0            0            0            0            0            0            0
            0            0            0            0            0            0            0            0            0            0
            0            0            0            0            0            0            0            0            0            0
            0            0            0            0            0            0            0            0            0            0
            0            0            0            0            0            0            0            0            0            0
            0            0            0            0            0            0            0            0            0            0
            0            0            0            0            0            0            0            0            0            0
            0            0            0            0            0            0            0            0            0            0
            0            0            0            0            0            0            0            0            0            0
            0            0            0            0            0            0            0            0            0            0
            0            0            0            0            0            0            0            0            0            0
            0            0            0            0            0            0            0            0            0            0
            0            0            0            0            0            0            0            0            0            0
            0            0            0            0            0            0            0            0            0            0
            0            0            0            0            0            0            0            0            0            0
            0            0            0            0            0            0            0            0            0            0
            0            0            0            0            0            0            0            0            0            0
            0            0            0            0            0            0            0            0            0            0
            0            0            0            0            0            0            0            0            0            0
            0            0            0            0            0            0            0            0            0            0
            0            0            0            0            0            0            0            0            0            0
            0            0            0            0            0            0            0            0            0            0
            0            0            0            0            0            0            0            0            0            0
            0            0            0            0            0            0            0            0            0            0
            0            0            0            0            0            0            0            0            0            0
            0            0            0            0            0            0            0            0            0            0
            0            0            0            0            0            0            0            0            0            0
            0            0            0            0            0            0            0            0            0            0
            0            0            0            0            0            0            0            0            0            0
            0            0            0            0            0            0            0            0            0            0
            0            0            0            0            0            0            0            0            0            0
            0            0            0            0            0            0            0            0            0            0
            0            0            0            0            0            0            0            0            0            0
            0            0            0            0            0            0            0            0            0            0
            0            0            0            0            0            0            0            0            0            0
            0            0            0            0            0            0            0            0            0            0
            0            0            0            0            0            0            0            0            0            0
            0            0            0            0            0            0            0            0            0            0
            0            0            0            0            0            0            0            0            0            0
            0            0            0            0            0            0            0            0            0            0
            0            0            0            0            0            0            0            0            0            0
            0            0            0            0            0            0            0            0            0            0
            0            0            0            0            0            0            0            0            0            0
            0            0            0            0            0            0            0            0            0            0
            0            0            0            0            0            0            0            0            0            0
            0            0            0            0            0            0            0            0            0            0
            0            0            0            0            0            0            0            0            0            0
            0            0            0            0            0            0            0            0            0            0
            0            0            0            0            0            0            0            0            0            0
            0            0            0            0            0            0            0            0            0            0
            0            0            0            0            0            0            0            0            0            0
            0            0            0            0            0            0            0            0            0            0
            0            0            0            0            0            0            0            0            0            0
            0            0            0            0            0            0            0            0            0            0
            0            0            0            0            0            0            0            0            0            0
            0            0            0            0            0            0            0            0            0            0
            0            0            0            0            0            0            0            0            0            0
            0            0            0            0            0            0            0            0            0            0
            0            0            0            0            0            0            0            0            0            0
            0            0            0            0            0            0            0            0            0            0
            0            0            0            0            0            0            0            0            0            0
            0            0            0            0            0            0            0            0            0            0
            0            0            0            0            0            0            0            0            0            0
            0            0            0            0            0            0            0            0            0            0
            0            0            0            0            0            0            0            0            0            0
            0            0            0            0            0            0            0            0            0            0
            0            0            0            0            0            0            0            0            0            0
            0            0            0            0            0            0            0            0            0            0
            0            0            0            0            0            0            0            0            0            0
            0            0            0            0            0            0            0            0            0            0
            0            0            0            0            0            0            0            0            0            0
            0            0            0            0            0            0            0            0            0            0
            0            0            0            0            0            0            0            0            0            0
            0            0            0            0            0            0            0            0            0            0
            0            0            0            0            0            0            0            0            0            0
            0            0            0            0            0            0            0            0            0            0
            0            0            0            0            0            0            0            0            0            0
            0            0            0            0            0            0            0            0            0            0
            0            0            0            0            0            0            0            0            0            0
            0            0            0            0            0            0            0            0            0            0
            0            0            0            0            0            0            0            0            0            0
            0            0            0            0            0            0            0            0            0            0
            0            0            0            0            0            0            0            0            0            0
            0            0            0            0            0            0            0            0            0            0
            0            0            0            0            0            0            0            0            0            0
            0            0            0            0            0            0            0            0            0            0

          nan  -6.4000e+03  -2.4000e+03  -1.4222e+03  -1.0000e+03  -7.6800e+02  -6.2222e+02  -5.2245e+02  -4.5000e+02  -3.9506e+02
          nan  -6.3840e+03  -2.3940e+03  -1.4187e+03  -9.9751e+02  -7.6608e+02  -6.2062e+02  -5.2106e+02  -4.4878e+02  -3.9398e+02
          nan  -6.3682e+03  -2.3881e+03  -1.4151e+03  -9.9502e+02  -7.6418e+02  -6.1913e+02  -5.1985e+02  -4.4776e+02  -3.9310e+02
          nan  -6.3524e+03  -2.3821e+03  -1.4116e+03  -9.9256e+02  -7.6228e+02  -6.1759e+02  -5.1856e+02  -4.4665e+02  -3.9212e+02
          nan  -6.3366e+03  -2.3762e+03  -1.4081e+03  -9.9010e+02  -7.6040e+02  -6.1606e+02  -5.1728e+02  -4.4554e+02  -3.9113e+02
          nan  -6.3210e+03  -2.3704e+03  -1.4047e+03  -9.8765e+02  -7.5852e+02  -6.1454e+02  -5.1600e+02  -4.4444e+02  -3.9018e+02
          nan  -6.3054e+03  -2.3640e+03  -1.4008e+03  -9.8485e+02  -7.5633e+02  -6.1275e+02  -5.1449e+02  -4.4313e+02  -3.8903e+02
          nan  -6.2899e+03  -2.3587e+03  -1.3978e+03  -9.8280e+02  -7.5479e+02  -6.1152e+02  -5.1346e+02  -4.4226e+02  -3.8827e+02
          nan  -6.2745e+03  -2.3529e+03  -1.3943e+03  -9.8039e+02  -7.5294e+02  -6.1002e+02  -5.1220e+02  -4.4118e+02  -3.8732e+02
          nan  -6.2592e+03  -2.3472e+03  -1.3907e+03  -9.7775e+02  -7.5087e+02  -6.0831e+02  -5.1075e+02  -4.3991e+02  -3.8620e+02
          nan  -6.2439e+03  -2.3415e+03  -1.3875e+03  -9.7561e+02  -7.4927e+02  -6.0705e+02  -5.0971e+02  -4.3902e+02  -3.8543e+02
          nan  -6.2287e+03  -2.3358e+03  -1.3842e+03  -9.7324e+02  -7.4745e+02  -6.0557e+02  -5.0847e+02  -4.3796e+02  -3.8449e+02
          nan  -6.2136e+03  -2.3301e+03  -1.3808e+03  -9.7087e+02  -7.4563e+02  -6.0410e+02  -5.0723e+02  -4.3686e+02  -3.8348e+02
          nan  -6.1985e+03  -2.3245e+03  -1.3775e+03  -9.6840e+02  -7.4367e+02  -6.0248e+02  -5.0585e+02  -4.3568e+02  -3.8248e+02
          nan  -6.1836e+03  -2.3188e+03  -1.3741e+03  -9.6618e+02  -7.4203e+02  -6.0118e+02  -5.0478e+02  -4.3478e+02  -3.8170e+02
          nan  -6.1687e+03  -2.3133e+03  -1.3708e+03  -9.6386e+02  -7.4024e+02  -5.9973e+02  -5.0357e+02  -4.3373e+02  -3.8078e+02
          nan  -6.1538e+03  -2.3077e+03  -1.3675e+03  -9.6154e+02  -7.3846e+02  -5.9829e+02  -5.0235e+02  -4.3269e+02  -3.7987e+02
          nan  -6.1391e+03  -2.3022e+03  -1.3642e+03  -9.5923e+02  -7.3669e+02  -5.9686e+02  -5.0115e+02  -4.3165e+02  -3.7896e+02
          nan  -6.1244e+03  -2.2967e+03  -1.3610e+03  -9.5694e+02  -7.3493e+02  -5.9543e+02  -4.9995e+02  -4.3062e+02  -3.7805e+02
          nan  -6.1098e+03  -2.2912e+03  -1.3577e+03  -9.5465e+02  -7.3317e+02  -5.9401e+02  -4.9876e+02  -4.2959e+02  -3.7715e+02
          nan  -6.0952e+03  -2.2857e+03  -1.3545e+03  -9.5238e+02  -7.3143e+02  -5.9259e+02  -4.9757e+02  -4.2857e+02  -3.7625e+02
          nan  -6.0808e+03  -2.2803e+03  -1.3513e+03  -9.5012e+02  -7.2969e+02  -5.9119e+02  -4.9639e+02  -4.2755e+02  -3.7536e+02
          nan  -6.0664e+03  -2.2749e+03  -1.3481e+03  -9.4787e+02  -7.2796e+02  -5.8978e+02  -4.9521e+02  -4.2654e+02  -3.7447e+02
          nan  -6.0520e+03  -2.2695e+03  -1.3449e+03  -9.4563e+02  -7.2617e+02  -5.8828e+02  -4.9393e+02  -4.2541e+02  -3.7346e+02
          nan  -6.0377e+03  -2.2642e+03  -1.3417e+03  -9.4340e+02  -7.2453e+02  -5.8700e+02  -4.9288e+02  -4.2450e+02  -3.7265e+02
          nan  -6.0235e+03  -2.2588e+03  -1.3386e+03  -9.4118e+02  -7.2282e+02  -5.8557e+02  -4.9164e+02  -4.2344e+02  -3.7173e+02
          nan  -6.0094e+03  -2.2535e+03  -1.3354e+03  -9.3897e+02  -7.2113e+02  -5.8425e+02  -4.9056e+02  -4.2254e+02  -3.7095e+02
          nan  -5.9916e+03  -2.2468e+03  -1.3315e+03  -9.3618e+02  -7.1899e+02  -5.8251e+02  -4.8911e+02  -4.2128e+02  -3.6985e+02
          nan  -5.9813e+03  -2.2430e+03  -1.3292e+03  -9.3458e+02  -7.1776e+02  -5.8152e+02  -4.8827e+02  -4.2056e+02  -3.6922e+02
            0            0            0            0            0            0            0            0            0            0
            0            0            0            0            0            0            0            0            0            0
            0            0            0            0            0            0            0            0            0            0
            0            0            0            0            0            0            0            0            0            0
            0            0            0            0            0            0            0            0            0            0
            0            0            0            0            0            0            0            0            0            0
            0            0            0            0            0            0            0            0            0            0
            0            0            0            0            0            0            0            0            0            0
            0            0            0            0            0            0            0            0            0            0
            0            0            0            0            0            0            0            0            0            0
            0            0            0            0            0            0            0            0            0            0
            0            0            0            0            0            0            0            0            0            0
            0            0            0            0            0            0            0            0            0            0
            0            0            0            0            0            0            0            0            0            0
            0            0            0            0            0            0            0            0            0            0
            0            0            0            0            0            0            0            0            0            0
            0            0            0            0            0            0            0            0            0            0
            0            0            0            0            0            0            0            0            0            0
            0            0            0            0            0            0            0            0            0            0
            0            0            0            0            0            0            0            0            0            0
            0            0            0            0            0            0            0            0            0            0
            0            0            0            0            0            0            0            0            0            0
            0            0            0            0            0            0            0            0            0            0
            0            0            0            0            0            0            0            0            0            0
            0            0            0            0            0            0            0            0            0            0
            0            0            0            0            0            0            0            0            0            0
            0            0            0            0            0            0            0            0            0            0
            0            0            0            0            0            0            0            0            0            0
            0            0            0            0            0            0            0            0            0            0
            0            0            0            0            0            0            0            0            0            0
            0            0            0            0            0            0            0            0            0            0
            0            0            0            0            0            0            0            0            0            0
            0            0            0            0            0            0            0            0            0            0
            0            0            0            0            0            0            0            0            0            0
            0            0            0            0            0            0            0            0            0            0
            0            0            0            0            0            0            0            0            0            0
            0            0            0            0            0            0            0            0            0            0
            0            0            0            0            0            0            0            0            0            0
            0            0            0            0            0            0            0            0            0            0
            0            0            0            0            0            0            0            0            0            0
            0            0            0            0            0            0            0            0            0            0
            0            0            0            0            0            0            0            0            0            0
            0            0            0            0            0            0            0            0            0            0
            0            0            0            0            0            0            0            0            0            0
            0            0            0            0            0            0            0            0            0            0
            0            0            0            0            0            0            0            0            0            0
            0            0            0            0            0            0            0            0            0            0
            0            0            0            0            0            0            0            0            0            0
            0            0            0            0            0            0            0            0            0            0
            0            0            0            0            0            0            0            0            0            0
            0            0            0            0            0            0            0            0            0            0
            0            0            0            0            0            0            0            0            0            0
            0            0            0            0            0            0            0            0            0            0
            0            0            0            0            0            0            0            0            0            0
            0            0            0            0            0            0            0            0            0            0
            0            0            0            0            0            0            0            0            0            0
            0            0            0            0            0            0            0            0            0            0
            0            0            0            0            0            0            0            0            0            0
            0            0            0            0            0            0            0            0            0            0
            0            0            0            0            0            0            0            0            0            0
            0            0            0            0            0            0            0            0            0            0
            0            0            0            0            0            0            0            0            0            0
            0            0            0            0            0            0            0            0            0            0
            0            0            0            0            0            0            0            0            0            0
            0            0            0            0            0            0            0            0            0            0
            0            0            0            0            0            0            0            0            0            0
            0            0            0            0            0            0            0            0            0            0
            0            0            0            0            0            0            0            0            0            0
            0            0            0            0            0            0            0            0            0            0
            0            0            0            0            0            0            0            0            0            0
            0            0            0            0            0            0            0            0            0            0
            0            0            0            0            0            0            0            0            0            0
            0            0            0            0            0            0            0            0            0            0
            0            0            0            0            0            0            0            0            0            0
            0            0            0            0            0            0            0            0            0            0
            0            0            0            0            0            0            0            0            0            0
            0            0            0            0            0            0            0            0            0            0
            0            0            0            0            0            0            0            0            0            0
            0            0            0            0            0            0            0            0            0            0
            0            0            0            0            0            0            0            0            0            0
            0            0            0            0            0            0            0            0            0            0
            0            0            0            0            0            0            0            0            0            0
            0            0            0            0            0            0            0            0            0            0
            0            0            0            0            0            0            0            0            0            0
            0            0            0            0            0            0            0            0            0            0
            0            0            0            0            0            0            0            0            0            0
            0            0            0            0            0            0            0            0            0            0
            0            0            0            0            0            0            0            0            0            0
            0            0            0            0            0            0            0            0            0            0
            0            0            0            0            0            0            0            0            0            0
            0            0            0            0            0            0            0            0            0            0

          nan  -6.4000e+03  -2.4000e+03  -1.4222e+03  -1.0000e+03  -7.6800e+02  -6.2222e+02  -5.2245e+02  -4.5000e+02  -3.9506e+02
          nan  -6.3840e+03  -2.3940e+03  -1.4187e+03  -9.9751e+02  -7.6608e+02  -6.2062e+02  -5.2106e+02  -4.4878e+02  -3.9398e+02
          nan  -6.3682e+03  -2.3881e+03  -1.4151e+03  -9.9502e+02  -7.6418e+02  -6.1913e+02  -5.1985e+02  -4.4776e+02  -3.9310e+02
          nan  -6.3524e+03  -2.3821e+03  -1.4116e+03  -9.9256e+02  -7.6228e+02  -6.1759e+02  -5.1856e+02  -4.4665e+02  -3.9212e+02
          nan  -6.3366e+03  -2.3762e+03  -1.4081e+03  -9.9010e+02  -7.6040e+02  -6.1606e+02  -5.1728e+02  -4.4554e+02  -3.9113e+02
          nan  -6.3210e+03  -2.3704e+03  -1.4047e+03  -9.8765e+02  -7.5852e+02  -6.1454e+02  -5.1600e+02  -4.4444e+02  -3.9018e+02
          nan  -6.3054e+03  -2.3640e+03  -1.4008e+03  -9.8485e+02  -7.5633e+02  -6.1275e+02  -5.1449e+02  -4.4313e+02  -3.8903e+02
          nan  -6.2899e+03  -2.3587e+03  -1.3978e+03  -9.8280e+02  -7.5479e+02  -6.1152e+02  -5.1346e+02  -4.4226e+02  -3.8827e+02
          nan  -6.2745e+03  -2.3529e+03  -1.3943e+03  -9.8039e+02  -7.5294e+02  -6.1002e+02  -5.1220e+02  -4.4118e+02  -3.8732e+02
          nan  -6.2592e+03  -2.3472e+03  -1.3907e+03  -9.7775e+02  -7.5087e+02  -6.0831e+02  -5.1075e+02  -4.3991e+02  -3.8620e+02
          nan  -6.2439e+03  -2.3415e+03  -1.3875e+03  -9.7561e+02  -7.4927e+02  -6.0705e+02  -5.0971e+02  -4.3902e+02  -3.8543e+02
          nan  -6.2287e+03  -2.3358e+03  -1.3842e+03  -9.7324e+02  -7.4745e+02  -6.0557e+02  -5.0847e+02  -4.3796e+02  -3.8449e+02
          nan  -6.2136e+03  -2.3301e+03  -1.3808e+03  -9.7087e+02  -7.4563e+02  -6.0410e+02  -5.0723e+02  -4.3686e+02  -3.8348e+02
          nan  -6.1985e+03  -2.3245e+03  -1.3775e+03  -9.6840e+02  -7.4367e+02  -6.0248e+02  -5.0585e+02  -4.3568e+02  -3.8248e+02
          nan  -6.1836e+03  -2.3188e+03  -1.3741e+03  -9.6618e+02  -7.4203e+02  -6.0118e+02  -5.0478e+02  -4.3478e+02  -3.8170e+02
          nan  -6.1687e+03  -2.3133e+03  -1.3708e+03  -9.6386e+02  -7.4024e+02  -5.9973e+02  -5.0357e+02  -4.3373e+02  -3.8078e+02
          nan  -6.1538e+03  -2.3077e+03  -1.3675e+03  -9.6154e+02  -7.3846e+02  -5.9829e+02  -5.0235e+02  -4.3269e+02  -3.7987e+02
          nan  -6.1391e+03  -2.3022e+03  -1.3642e+03  -9.5923e+02  -7.3669e+02  -5.9686e+02  -5.0115e+02  -4.3165e+02  -3.7896e+02
          nan  -6.1244e+03  -2.2967e+03  -1.3610e+03  -9.5694e+02  -7.3493e+02  -5.9543e+02  -4.9995e+02  -4.3062e+02  -3.7805e+02
          nan  -6.1098e+03  -2.2912e+03  -1.3577e+03  -9.5465e+02  -7.3317e+02  -5.9401e+02  -4.9876e+02  -4.2959e+02  -3.7715e+02
          nan  -6.0952e+03  -2.2857e+03  -1.3545e+03  -9.5238e+02  -7.3143e+02  -5.9259e+02  -4.9757e+02  -4.2857e+02  -3.7625e+02
          nan  -6.0808e+03  -2.2803e+03  -1.3513e+03  -9.5012e+02  -7.2969e+02  -5.9119e+02  -4.9639e+02  -4.2755e+02  -3.7536e+02
          nan  -6.0664e+03  -2.2749e+03  -1.3481e+03  -9.4787e+02  -7.2796e+02  -5.8978e+02  -4.9521e+02  -4.2654e+02  -3.7447e+02
          nan  -6.0520e+03  -2.2695e+03  -1.3449e+03  -9.4563e+02  -7.2617e+02  -5.8828e+02  -4.9393e+02  -4.2541e+02  -3.7346e+02
          nan  -6.0377e+03  -2.2642e+03  -1.3417e+03  -9.4340e+02  -7.2453e+02  -5.8700e+02  -4.9288e+02  -4.2450e+02  -3.7265e+02
          nan  -6.0235e+03  -2.2588e+03  -1.3386e+03  -9.4118e+02  -7.2282e+02  -5.8557e+02  -4.9164e+02  -4.2344e+02  -3.7173e+02
          nan  -6.0094e+03  -2.2535e+03  -1.3354e+03  -9.3897e+02  -7.2113e+02  -5.8425e+02  -4.9056e+02  -4.2254e+02  -3.7095e+02
          nan  -5.9916e+03  -2.2468e+03  -1.3315e+03  -9.3618e+02  -7.1899e+02  -5.8251e+02  -4.8911e+02  -4.2128e+02  -3.6985e+02
          nan  -5.9813e+03  -2.2430e+03  -1.3292e+03  -9.3458e+02  -7.1776e+02  -5.8152e+02  -4.8827e+02  -4.2056e+02  -3.6922e+02
            0            0            0            0            0            0            0            0            0            0
            0            0            0            0            0            0            0            0            0            0
            0            0            0            0            0            0            0            0            0            0
            0            0            0            0            0            0            0            0            0            0
            0            0            0            0            0            0            0            0            0            0
            0            0            0            0            0            0            0            0            0            0
            0            0            0            0            0            0            0            0            0            0
            0            0            0            0            0            0            0            0            0            0
            0            0            0            0            0            0            0            0            0            0
            0            0            0            0            0            0            0            0            0            0
            0            0            0            0            0            0            0            0            0            0
            0            0            0            0            0            0            0            0            0            0
            0            0            0            0            0            0            0            0            0            0
            0            0            0            0            0            0            0            0            0            0
            0            0            0            0            0            0            0            0            0            0
            0            0            0            0            0            0            0            0            0            0
            0            0            0            0            0            0            0            0            0            0
            0            0            0            0            0            0            0            0            0            0
            0            0            0            0            0            0            0            0            0            0
            0            0            0            0            0            0            0            0            0            0
            0            0            0            0            0            0            0            0            0            0
            0            0            0            0            0            0            0            0            0            0
            0            0            0            0            0            0            0            0            0            0
            0            0            0            0            0            0            0            0            0            0
            0            0            0            0            0            0            0            0            0            0
            0            0            0            0            0            0            0            0            0            0
            0            0            0            0            0            0            0            0            0            0
            0            0            0            0            0            0            0            0            0            0
            0            0            0            0            0            0            0            0            0            0
            0            0            0            0            0            0            0            0            0            0
            0            0            0            0            0            0            0            0            0            0
            0            0            0            0            0            0            0            0            0            0
            0            0            0            0            0            0            0            0            0            0
            0            0            0            0            0            0            0            0            0            0
            0            0            0            0            0            0            0            0            0            0
            0            0            0            0            0            0            0            0            0            0
            0            0            0            0            0            0            0            0            0            0
            0            0            0            0            0            0            0            0            0            0
            0            0            0            0            0            0            0            0            0            0
            0            0            0            0            0            0            0            0            0            0
            0            0            0            0            0            0            0            0            0            0
            0            0            0            0            0            0            0            0            0            0
            0            0            0            0            0            0            0            0            0            0
            0            0            0            0            0            0            0            0            0            0
            0            0            0            0            0            0            0            0            0            0
            0            0            0            0            0            0            0            0            0            0
            0            0            0            0            0            0            0            0            0            0
            0            0            0            0            0            0            0            0            0            0
            0            0            0            0            0            0            0            0            0            0
            0            0            0            0            0            0            0            0            0            0
            0            0            0            0            0            0            0            0            0            0
            0            0            0            0            0            0            0            0            0            0
            0            0            0            0            0            0            0            0            0            0
            0            0            0            0            0            0            0            0            0            0
            0            0            0            0            0            0            0            0            0            0
            0            0            0            0            0            0            0            0            0            0
            0            0            0            0            0            0            0            0            0            0
            0            0            0            0            0            0            0            0            0            0
            0            0            0            0            0            0            0            0            0            0
            0            0            0            0            0            0            0            0            0            0
            0            0            0            0            0            0            0            0            0            0
            0            0            0            0            0            0            0            0            0            0
            0            0            0            0            0            0            0            0            0            0
            0            0            0            0            0            0            0            0            0            0
            0            0            0            0            0            0            0            0            0            0
            0            0            0            0            0            0            0            0            0            0
            0            0            0            0            0            0            0            0            0            0
            0            0            0            0            0            0            0            0            0            0
            0            0            0            0            0            0            0            0            0            0
            0            0            0            0            0            0            0            0            0            0
            0            0            0            0            0            0            0            0            0            0
            0            0            0            0            0            0            0            0            0            0
            0            0            0            0            0            0            0            0            0            0
            0            0            0            0            0            0            0            0            0            0
            0            0            0            0            0            0            0            0            0            0
            0            0            0            0            0            0            0            0            0            0
            0            0            0            0            0            0            0            0            0            0
            0            0            0            0            0            0            0            0            0            0
            0            0            0            0            0            0            0            0            0            0
            0            0            0            0            0            0            0            0            0            0
            0            0            0            0            0            0            0            0            0            0
            0            0            0            0            0            0            0            0            0            0
            0            0            0            0            0            0            0            0            0            0
            0            0            0            0            0            0            0            0            0            0
            0            0            0            0            0            0            0            0            0            0
            0            0            0            0            0            0            0            0            0            0
            0            0            0            0            0            0            0            0            0            0
            0            0            0            0            0            0            0            0            0            0
            0            0            0            0            0            0            0            0            0            0
            0            0            0            0            0            0            0            0            0            0
            0            0            0            0            0            0            0            0            0            0

      nan        0        0        0        0        0        0        0        0        0
      nan        0        0        0        0        0   0.1667   0.1429   0.1250   0.1111
      nan        0        0        0        0        0        0        0        0        0
      nan        0        0        0        0        0        0        0        0        0
      nan        0        0        0        0        0        0        0        0   0.1111
      nan        0        0        0        0        0        0        0        0        0
      nan        0   0.5000   0.3333   0.2500   0.2000   0.1667   0.1429   0.1250   0.1111
      nan        0        0        0        0        0        0        0        0        0
      nan        0        0        0        0        0        0        0        0        0
      nan        0        0   0.3333   0.2500   0.2000   0.1667   0.1429   0.1250   0.1111
      nan        0        0        0        0        0        0        0        0        0
      nan        0        0        0        0        0        0        0        0        0
      nan        0        0        0        0        0        0        0   0.1250   0.2222
      nan        0        0        0   0.2500   0.2000   0.1667   0.1429   0.1250   0.1111
      nan        0        0        0        0        0        0        0        0        0
      nan        0        0        0        0        0        0        0        0        0
      nan        0        0        0        0        0        0        0        0        0
      nan        0        0        0        0        0        0        0        0        0
      nan        0        0        0        0        0        0        0        0        0
      nan        0        0        0        0        0        0        0        0        0
      nan        0        0        0        0        0        0        0        0        0
      nan        0        0        0        0        0        0        0        0        0
      nan        0        0        0        0        0        0        0        0        0
      nan        0        0        0        0   0.2000   0.1667   0.1429   0.1250   0.1111
      nan        0        0        0        0        0        0        0   0.1250   0.1111
      nan        0        0        0        0        0   0.1667   0.1429   0.1250   0.1111
      nan        0        0        0        0        0        0        0        0        0
      inf   1.0000   0.5000   0.3333   0.2500   0.2000   0.1667   0.1429   0.1250   0.1111
      nan        0        0        0        0        0        0        0        0        0
        0        0        0        0        0        0        0        0        0        0
        0        0        0        0        0        0        0        0        0        0
        0        0        0        0        0        0        0        0        0        0
        0        0        0        0        0        0        0        0        0        0
        0        0        0        0        0        0        0        0        0        0
        0        0        0        0        0        0        0        0        0        0
        0        0        0        0        0        0        0        0        0        0
        0        0        0        0        0        0        0        0        0        0
        0        0        0        0        0        0        0        0        0        0
        0        0        0        0        0        0        0        0        0        0
        0        0        0        0        0        0        0        0        0        0
        0        0        0        0        0        0        0        0        0        0
        0        0        0        0        0        0        0        0        0        0
        0        0        0        0        0        0        0        0        0        0
        0        0        0        0        0        0        0        0        0        0
        0        0        0        0        0        0        0        0        0        0
        0        0        0        0        0        0        0        0        0        0
        0        0        0        0        0        0        0        0        0        0
        0        0        0        0        0        0        0        0        0        0
        0        0        0        0        0        0        0        0        0        0
        0        0        0        0        0        0        0        0        0        0
        0        0        0        0        0        0        0        0        0        0
        0        0        0        0        0        0        0        0        0        0
        0        0        0        0        0        0        0        0        0        0
        0        0        0        0        0        0        0        0        0        0
        0        0        0        0        0        0        0        0        0        0
        0        0        0        0        0        0        0        0        0        0
        0        0        0        0        0        0        0        0        0        0
        0        0        0        0        0        0        0        0        0        0
        0        0        0        0        0        0        0        0        0        0
        0        0        0        0        0        0        0        0        0        0
        0        0        0        0        0        0        0        0        0        0
        0        0        0        0        0        0        0        0        0        0
        0        0        0        0        0        0        0        0        0        0
        0        0        0        0        0        0        0        0        0        0
        0        0        0        0        0        0        0        0        0        0
        0        0        0        0        0        0        0        0        0        0
        0        0        0        0        0        0        0        0        0        0
        0        0        0        0        0        0        0        0        0        0
        0        0        0        0        0        0        0        0        0        0
        0        0        0        0        0        0        0        0        0        0
        0        0        0        0        0        0        0        0        0        0
        0        0        0        0        0        0        0        0        0        0
        0        0        0        0        0        0        0        0        0        0
        0        0        0        0        0        0        0        0        0        0
        0        0        0        0        0        0        0        0        0        0
        0        0        0        0        0        0        0        0        0        0
        0        0        0        0        0        0        0        0        0        0
        0        0        0        0        0        0        0        0        0        0
        0        0        0        0        0        0        0        0        0        0
        0        0        0        0        0        0        0        0        0        0
        0        0        0        0        0        0        0        0        0        0
        0        0        0        0        0        0        0        0        0        0
        0        0        0        0        0        0        0        0        0        0
        0        0        0        0        0        0        0        0        0        0
        0        0        0        0        0        0        0        0        0        0
        0        0        0        0        0        0        0        0        0        0
        0        0        0        0        0        0        0        0        0        0
        0        0        0        0        0        0        0        0        0        0
        0        0        0        0        0        0        0        0        0        0
        0        0        0        0        0        0        0        0        0        0
        0        0        0        0        0        0        0        0        0        0
        0        0        0        0        0        0        0        0        0        0
        0        0        0        0        0        0        0        0        0        0
        0        0        0        0        0        0        0        0        0        0
        0        0        0        0        0        0        0        0        0        0
        0        0        0        0        0        0        0        0        0        0
        0        0        0        0        0        0        0        0        0        0
        0        0        0        0        0        0        0        0        0        0
        0        0        0        0        0        0        0        0        0        0
        0        0        0        0        0        0        0        0        0        0
        0        0        0        0        0        0        0        0        0        0
        0        0        0        0        0        0        0        0        0        0
        0        0        0        0        0        0        0        0        0        0
        0        0        0        0        0        0        0        0        0        0
        0        0        0        0        0        0        0        0        0        0
        0        0        0        0        0        0        0        0        0        0
        0        0        0        0        0        0        0        0        0        0
        0        0        0        0        0        0        0        0        0        0
        0        0        0        0        0        0        0        0        0        0
        0        0        0        0        0        0        0        0        0        0
        0        0        0        0        0        0        0        0        0        0
        0        0        0        0        0        0        0        0        0        0
        0        0        0        0        0        0        0        0        0        0
        0        0        0        0        0        0        0        0        0        0
        0        0        0        0        0        0        0        0        0        0
        0        0        0        0        0        0        0        0        0        0
        0        0        0        0        0        0        0        0        0        0
        0        0        0        0        0        0        0        0        0        0
        0        0        0        0        0        0        0        0        0        0
        0        0        0        0        0        0        0        0        0        0

