   2.0000
   2.0050
   2.0100
   2.0150
   2.0200
   2.0250
   2.0300
   2.0350
   2.0400
   2.0450
   2.0500
   2.0550
   2.0600
   2.0650
   2.0700
   2.0750
   2.0800
   2.0850
   2.0900
   2.0950
   2.1000
   2.1050
   2.1100
   2.1150
   2.1200
   2.1250
   2.1300
   2.1350
   2.1400
   2.1450
   2.1500
   2.1550
   2.1600
   2.1650
   2.1700
   2.1750
   2.1800
   2.1850
   2.1900
   2.1950
   2.2000
   2.2050
   2.2100
   2.2150
   2.2200
   2.2250
   2.2300
   2.2350
   2.2400
   2.2450
   2.2500
   2.2550
   2.2600
   2.2650
   2.2700
   2.2750
   2.2800
   2.2850
   2.2900
   2.2950
   2.3000
   2.3050
   2.3100
   2.3150
   2.3200
   2.3250
   2.3300
   2.3350
   2.3400
   2.3450
   2.3500
   2.3550
   2.3600
   2.3650
   2.3700
   2.3750
   2.3800
   2.3850
   2.3900
   2.3950
   2.4000
   2.4050
   2.4100
   2.4150
   2.4200
   2.4250
   2.4300
   2.4350
   2.4400
   2.4450
   2.4500
   2.4550
   2.4600
   2.4650
   2.4700
   2.4750
   2.4800
   2.4850
   2.4900
   2.4950
   2.5000
   2.5050
   2.5100
   2.5150
   2.5200
   2.5250
   2.5300
   2.5350
   2.5400
   2.5450
   2.5500
   2.5550
   2.5600
   2.5650
   2.5700
   2.5750
   2.5800
   2.5850
   2.5900
   2.5950

     -inf  -1.7460  -1.7457  -1.7457  -1.7455  -1.7455  -1.7456  -1.7455  -1.7455  -1.7455
     -inf  -1.7423  -1.7418  -1.7419  -1.7417  -1.7418  -1.7419  -1.7418  -1.7418  -1.7417
     -inf  -1.7388  -1.7382  -1.7382  -1.7380  -1.7381  -1.7382  -1.7381  -1.7381  -1.7381
     -inf  -1.7351  -1.7346  -1.7345  -1.7343  -1.7344  -1.7346  -1.7345  -1.7345  -1.7343
     -inf  -1.7315  -1.7311  -1.7308  -1.7305  -1.7305  -1.7307  -1.7307  -1.7306  -1.7305
     -inf  -1.7278  -1.7272  -1.7270  -1.7268  -1.7266  -1.7268  -1.7268  -1.7268  -1.7267
     -inf  -1.7236  -1.7233  -1.7231  -1.7229  -1.7229  -1.7229  -1.7230  -1.7229  -1.7229
     -inf  -1.7192  -1.7193  -1.7189  -1.7190  -1.7189  -1.7189  -1.7190  -1.7189  -1.7189
     -inf  -1.7148  -1.7151  -1.7148  -1.7149  -1.7148  -1.7148  -1.7149  -1.7148  -1.7149
     -inf  -1.7110  -1.7112  -1.7109  -1.7110  -1.7108  -1.7108  -1.7109  -1.7109  -1.7109
     -inf  -1.7063  -1.7069  -1.7068  -1.7067  -1.7066  -1.7065  -1.7066  -1.7067  -1.7067
     -inf  -1.7022  -1.7028  -1.7027  -1.7027  -1.7025  -1.7024  -1.7025  -1.7025  -1.7026
     -inf  -1.6978  -1.6980  -1.6982  -1.6982  -1.6981  -1.6981  -1.6981  -1.6981  -1.6981
     -inf  -1.6942  -1.6943  -1.6942  -1.6940  -1.6939  -1.6940  -1.6940  -1.6940  -1.6939
     -inf  -1.6896  -1.6900  -1.6900  -1.6897  -1.6898  -1.6898  -1.6898  -1.6899  -1.6898
     -inf  -1.6851  -1.6855  -1.6856  -1.6854  -1.6855  -1.6854  -1.6854  -1.6855  -1.6854
     -inf  -1.6803  -1.6808  -1.6809  -1.6809  -1.6809  -1.6808  -1.6808  -1.6809  -1.6809
     -inf  -1.6756  -1.6761  -1.6763  -1.6764  -1.6764  -1.6762  -1.6763  -1.6763  -1.6764
     -inf  -1.6709  -1.6710  -1.6715  -1.6717  -1.6717  -1.6716  -1.6715  -1.6716  -1.6717
     -inf  -1.6659  -1.6663  -1.6666  -1.6668  -1.6669  -1.6668  -1.6668  -1.6669  -1.6669
     -inf  -1.6615  -1.6618  -1.6620  -1.6622  -1.6622  -1.6621  -1.6620  -1.6621  -1.6622
     -inf  -1.6572  -1.6573  -1.6574  -1.6574  -1.6574  -1.6574  -1.6573  -1.6574  -1.6574
     -inf  -1.6523  -1.6519  -1.6523  -1.6525  -1.6525  -1.6524  -1.6523  -1.6524  -1.6525
     -inf  -1.6469  -1.6464  -1.6469  -1.6473  -1.6473  -1.6472  -1.6470  -1.6471  -1.6472
     -inf  -1.6413  -1.6410  -1.6417  -1.6420  -1.6421  -1.6420  -1.6418  -1.6419  -1.6420
     -inf  -1.6363  -1.6355  -1.6362  -1.6364  -1.6367  -1.6367  -1.6364  -1.6365  -1.6366
     -inf  -1.6313  -1.6307  -1.6309  -1.6311  -1.6312  -1.6312  -1.6311  -1.6312  -1.6312
     -inf  -1.6251  -1.6252  -1.6259  -1.6262  -1.6264  -1.6261  -1.6260  -1.6261  -1.6262
     -inf  -1.6210  -1.6200  -1.6204  -1.6206  -1.6209  -1.6209  -1.6207  -1.6207  -1.6208
     -inf  -1.6157  -1.6148  -1.6152  -1.6153  -1.6157  -1.6157  -1.6154  -1.6155  -1.6155
        0        0        0        0        0        0        0        0        0        0
        0        0        0        0        0        0        0        0        0        0
        0        0        0        0        0        0        0        0        0        0
        0        0        0        0        0        0        0        0        0        0
        0        0        0        0        0        0        0        0        0        0
        0        0        0        0        0        0        0        0        0        0
        0        0        0        0        0        0        0        0        0        0
        0        0        0        0        0        0        0        0        0        0
        0        0        0        0        0        0        0        0        0        0
        0        0        0        0        0        0        0        0        0        0
        0        0        0        0        0        0        0        0        0        0
        0        0        0        0        0        0        0        0        0        0
        0        0        0        0        0        0        0        0        0        0
        0        0        0        0        0        0        0        0        0        0
        0        0        0        0        0        0        0        0        0        0
        0        0        0        0        0        0        0        0        0        0
        0        0        0        0        0        0        0        0        0        0
        0        0        0        0        0        0        0        0        0        0
        0        0        0        0        0        0        0        0        0        0
        0        0        0        0        0        0        0        0        0        0
        0        0        0        0        0        0        0        0        0        0
        0        0        0        0        0        0        0        0        0        0
        0        0        0        0        0        0        0        0        0        0
        0        0        0        0        0        0        0        0        0        0
        0        0        0        0        0        0        0        0        0        0
        0        0        0        0        0        0        0        0        0        0
        0        0        0        0        0        0        0        0        0        0
        0        0        0        0        0        0        0        0        0        0
        0        0        0        0        0        0        0        0        0        0
        0        0        0        0        0        0        0        0        0        0
        0        0        0        0        0        0        0        0        0        0
        0        0        0        0        0        0        0        0        0        0
        0        0        0        0        0        0        0        0        0        0
        0        0        0        0        0        0        0        0        0        0
        0        0        0        0        0        0        0        0        0        0
        0        0        0        0        0        0        0        0        0        0
        0        0        0        0        0        0        0        0        0        0
        0        0        0        0        0        0        0        0        0        0
        0        0        0        0        0        0        0        0        0        0
        0        0        0        0        0        0        0        0        0        0
        0        0        0        0        0        0        0        0        0        0
        0        0        0        0        0        0        0        0        0        0
        0        0        0        0        0        0        0        0        0        0
        0        0        0        0        0        0        0        0        0        0
        0        0        0        0        0        0        0        0        0        0
        0        0        0        0        0        0        0        0        0        0
        0        0        0        0        0        0        0        0        0        0
        0        0        0        0        0        0        0        0        0        0
        0        0        0        0        0        0        0        0        0        0
        0        0        0        0        0        0        0        0        0        0
        0        0        0        0        0        0        0        0        0        0
        0        0        0        0        0        0        0        0        0        0
        0        0        0        0        0        0        0        0        0        0
        0        0        0        0        0        0        0        0        0        0
        0        0        0        0        0        0        0        0        0        0
        0        0        0        0        0        0        0        0        0        0
        0        0        0        0        0        0        0        0        0        0
        0        0        0        0        0        0        0        0        0        0
        0        0        0        0        0        0        0        0        0        0
        0        0        0        0        0        0        0        0        0        0
        0        0        0        0        0        0        0        0        0        0
        0        0        0        0        0        0        0        0        0        0
        0        0        0        0        0        0        0        0        0        0
        0        0        0        0        0        0        0        0        0        0
        0        0        0        0        0        0        0        0        0        0
        0        0        0        0        0        0        0        0        0        0
        0        0        0        0        0        0        0        0        0        0
        0        0        0        0        0        0        0        0        0        0
        0        0        0        0        0        0        0        0        0        0
        0        0        0        0        0        0        0        0        0        0
        0        0        0        0        0        0        0        0        0        0
        0        0        0        0        0        0        0        0        0        0
        0        0        0        0        0        0        0        0        0        0
        0        0        0        0        0        0        0        0        0        0
        0        0        0        0        0        0        0        0        0        0
        0        0        0        0        0        0        0        0        0        0
        0        0        0        0        0        0        0        0        0        0
        0        0        0        0        0        0        0        0        0        0
        0        0        0        0        0        0        0        0        0        0
        0        0        0        0        0        0        0        0        0        0
        0        0        0        0        0        0        0        0        0        0
        0        0        0        0        0        0        0        0        0        0
        0        0        0        0        0        0        0        0        0        0
        0        0        0        0        0        0        0        0        0        0
        0        0        0        0        0        0        0        0        0        0
        0        0        0        0        0        0        0        0        0        0
        0        0        0        0        0        0        0        0        0        0
        0        0        0        0        0        0        0        0        0        0
        0        0        0        0        0        0        0        0        0        0
        0        0        0        0        0        0        0        0        0        0

      inf   0.9119   0.9115   0.9115   0.9114   0.9113   0.9114   0.9113   0.9114   0.9113
      inf   0.9102   0.9096   0.9097   0.9096   0.9096   0.9097   0.9096   0.9096   0.9096
      inf   0.9087   0.9080   0.9080   0.9079   0.9079   0.9081   0.9080   0.9079   0.9079
      inf   0.9071   0.9065   0.9063   0.9062   0.9062   0.9064   0.9063   0.9063   0.9062
      inf   0.9054   0.9050   0.9045   0.9043   0.9043   0.9045   0.9045   0.9044   0.9043
      inf   0.9036   0.9030   0.9028   0.9026   0.9025   0.9026   0.9027   0.9026   0.9025
      inf   0.9015   0.9013   0.9009   0.9008   0.9007   0.9008   0.9008   0.9008   0.9008
      inf   0.8989   0.8993   0.8988   0.8989   0.8988   0.8988   0.8990   0.8988   0.8989
      inf   0.8966   0.8971   0.8968   0.8969   0.8968   0.8967   0.8968   0.8968   0.8968
      inf   0.8946   0.8951   0.8949   0.8949   0.8948   0.8948   0.8949   0.8949   0.8949
      inf   0.8922   0.8929   0.8928   0.8927   0.8926   0.8926   0.8927   0.8927   0.8927
      inf   0.8903   0.8909   0.8907   0.8907   0.8906   0.8905   0.8907   0.8906   0.8907
      inf   0.8883   0.8882   0.8884   0.8883   0.8883   0.8884   0.8883   0.8883   0.8883
      inf   0.8868   0.8867   0.8866   0.8862   0.8862   0.8863   0.8863   0.8863   0.8862
      inf   0.8844   0.8847   0.8846   0.8843   0.8843   0.8844   0.8844   0.8844   0.8843
      inf   0.8820   0.8822   0.8824   0.8821   0.8821   0.8820   0.8821   0.8821   0.8821
      inf   0.8791   0.8795   0.8797   0.8796   0.8796   0.8796   0.8796   0.8797   0.8796
      inf   0.8765   0.8769   0.8772   0.8772   0.8772   0.8771   0.8771   0.8772   0.8772
      inf   0.8739   0.8738   0.8743   0.8745   0.8746   0.8744   0.8744   0.8744   0.8745
      inf   0.8707   0.8713   0.8715   0.8716   0.8718   0.8716   0.8717   0.8717   0.8717
      inf   0.8680   0.8686   0.8688   0.8691   0.8690   0.8689   0.8688   0.8689   0.8690
      inf   0.8663   0.8665   0.8664   0.8663   0.8663   0.8663   0.8664   0.8664   0.8663
      inf   0.8630   0.8629   0.8633   0.8635   0.8636   0.8634   0.8633   0.8634   0.8635
      inf   0.8597   0.8592   0.8598   0.8604   0.8603   0.8602   0.8599   0.8601   0.8603
      inf   0.8563   0.8558   0.8568   0.8571   0.8569   0.8569   0.8566   0.8569   0.8570
      inf   0.8528   0.8520   0.8532   0.8533   0.8535   0.8535   0.8531   0.8534   0.8534
      inf   0.8482   0.8485   0.8491   0.8494   0.8496   0.8494   0.8494   0.8495   0.8495
      inf   0.8443   0.8452   0.8464   0.8468   0.8472   0.8465   0.8464   0.8467   0.8468
      inf   0.8429   0.8419   0.8428   0.8430   0.8435   0.8434   0.8431   0.8432   0.8433
      inf   0.8402   0.8390   0.8399   0.8400   0.8405   0.8405   0.8401   0.8403   0.8403
        0        0        0        0        0        0        0        0        0        0
        0        0        0        0        0        0        0        0        0        0
        0        0        0        0        0        0        0        0        0        0
        0        0        0        0        0        0        0        0        0        0
        0        0        0        0        0        0        0        0        0        0
        0        0        0        0        0        0        0        0        0        0
        0        0        0        0        0        0        0        0        0        0
        0        0        0        0        0        0        0        0        0        0
        0        0        0        0        0        0        0        0        0        0
        0        0        0        0        0        0        0        0        0        0
        0        0        0        0        0        0        0        0        0        0
        0        0        0        0        0        0        0        0        0        0
        0        0        0        0        0        0        0        0        0        0
        0        0        0        0        0        0        0        0        0        0
        0        0        0        0        0        0        0        0        0        0
        0        0        0        0        0        0        0        0        0        0
        0        0        0        0        0        0        0        0        0        0
        0        0        0        0        0        0        0        0        0        0
        0        0        0        0        0        0        0        0        0        0
        0        0        0        0        0        0        0        0        0        0
        0        0        0        0        0        0        0        0        0        0
        0        0        0        0        0        0        0        0        0        0
        0        0        0        0        0        0        0        0        0        0
        0        0        0        0        0        0        0        0        0        0
        0        0        0        0        0        0        0        0        0        0
        0        0        0        0        0        0        0        0        0        0
        0        0        0        0        0        0        0        0        0        0
        0        0        0        0        0        0        0        0        0        0
        0        0        0        0        0        0        0        0        0        0
        0        0        0        0        0        0        0        0        0        0
        0        0        0        0        0        0        0        0        0        0
        0        0        0        0        0        0        0        0        0        0
        0        0        0        0        0        0        0        0        0        0
        0        0        0        0        0        0        0        0        0        0
        0        0        0        0        0        0        0        0        0        0
        0        0        0        0        0        0        0        0        0        0
        0        0        0        0        0        0        0        0        0        0
        0        0        0        0        0        0        0        0        0        0
        0        0        0        0        0        0        0        0        0        0
        0        0        0        0        0        0        0        0        0        0
        0        0        0        0        0        0        0        0        0        0
        0        0        0        0        0        0        0        0        0        0
        0        0        0        0        0        0        0        0        0        0
        0        0        0        0        0        0        0        0        0        0
        0        0        0        0        0        0        0        0        0        0
        0        0        0        0        0        0        0        0        0        0
        0        0        0        0        0        0        0        0        0        0
        0        0        0        0        0        0        0        0        0        0
        0        0        0        0        0        0        0        0        0        0
        0        0        0        0        0        0        0        0        0        0
        0        0        0        0        0        0        0        0        0        0
        0        0        0        0        0        0        0        0        0        0
        0        0        0        0        0        0        0        0        0        0
        0        0        0        0        0        0        0        0        0        0
        0        0        0        0        0        0        0        0        0        0
        0        0        0        0        0        0        0        0        0        0
        0        0        0        0        0        0        0        0        0        0
        0        0        0        0        0        0        0        0        0        0
        0        0        0        0        0        0        0        0        0        0
        0        0        0        0        0        0        0        0        0        0
        0        0        0        0        0        0        0        0        0        0
        0        0        0        0        0        0        0        0        0        0
        0        0        0        0        0        0        0        0        0        0
        0        0        0        0        0        0        0        0        0        0
        0        0        0        0        0        0        0        0        0        0
        0        0        0        0        0        0        0        0        0        0
        0        0        0        0        0        0        0        0        0        0
        0        0        0        0        0        0        0        0        0        0
        0        0        0        0        0        0        0        0        0        0
        0        0        0        0        0        0        0        0        0        0
        0        0        0        0        0        0        0        0        0        0
        0        0        0        0        0        0        0        0        0        0
        0        0        0        0        0        0        0        0        0        0
        0        0        0        0        0        0        0        0        0        0
        0        0        0        0        0        0        0        0        0        0
        0        0        0        0        0        0        0        0        0        0
        0        0        0        0        0        0        0        0        0        0
        0        0        0        0        0        0        0        0        0        0
        0        0        0        0        0        0        0        0        0        0
        0        0        0        0        0        0        0        0        0        0
        0        0        0        0        0        0        0        0        0        0
        0        0        0        0        0        0        0        0        0        0
        0        0        0        0        0        0        0        0        0        0
        0        0        0        0        0        0        0        0        0        0
        0        0        0        0        0        0        0        0        0        0
        0        0        0        0        0        0        0        0        0        0
        0        0        0        0        0        0        0        0        0        0
        0        0        0        0        0        0        0        0        0        0
        0        0        0        0        0        0        0        0        0        0
        0        0        0        0        0        0        0        0        0        0

      inf   0.9119   0.9115   0.9115   0.9114   0.9113   0.9114   0.9113   0.9114   0.9113
      inf   0.9102   0.9096   0.9097   0.9096   0.9096   0.9097   0.9096   0.9096   0.9096
      inf   0.9087   0.9080   0.9080   0.9079   0.9079   0.9081   0.9080   0.9079   0.9079
      inf   0.9071   0.9065   0.9063   0.9062   0.9062   0.9064   0.9063   0.9063   0.9062
      inf   0.9054   0.9050   0.9045   0.9043   0.9043   0.9045   0.9045   0.9044   0.9043
      inf   0.9036   0.9030   0.9028   0.9026   0.9025   0.9026   0.9027   0.9026   0.9025
      inf   0.9015   0.9013   0.9009   0.9008   0.9007   0.9008   0.9008   0.9008   0.9008
      inf   0.8989   0.8993   0.8988   0.8989   0.8988   0.8988   0.8990   0.8988   0.8989
      inf   0.8966   0.8971   0.8968   0.8969   0.8968   0.8967   0.8968   0.8968   0.8968
      inf   0.8946   0.8951   0.8949   0.8949   0.8948   0.8948   0.8949   0.8949   0.8949
      inf   0.8922   0.8929   0.8928   0.8927   0.8926   0.8926   0.8927   0.8927   0.8927
      inf   0.8903   0.8909   0.8907   0.8907   0.8906   0.8905   0.8907   0.8906   0.8907
      inf   0.8883   0.8882   0.8884   0.8883   0.8883   0.8884   0.8883   0.8883   0.8883
      inf   0.8868   0.8867   0.8866   0.8862   0.8862   0.8863   0.8863   0.8863   0.8862
      inf   0.8844   0.8847   0.8846   0.8843   0.8843   0.8844   0.8844   0.8844   0.8843
      inf   0.8820   0.8822   0.8824   0.8821   0.8821   0.8820   0.8821   0.8821   0.8821
      inf   0.8791   0.8795   0.8797   0.8796   0.8796   0.8796   0.8796   0.8797   0.8796
      inf   0.8765   0.8769   0.8772   0.8772   0.8772   0.8771   0.8771   0.8772   0.8772
      inf   0.8739   0.8738   0.8743   0.8745   0.8746   0.8744   0.8744   0.8744   0.8745
      inf   0.8707   0.8713   0.8715   0.8716   0.8718   0.8716   0.8717   0.8717   0.8717
      inf   0.8680   0.8686   0.8688   0.8691   0.8690   0.8689   0.8688   0.8689   0.8690
      inf   0.8663   0.8665   0.8664   0.8663   0.8663   0.8663   0.8664   0.8664   0.8663
      inf   0.8630   0.8629   0.8633   0.8635   0.8636   0.8634   0.8633   0.8634   0.8635
      inf   0.8597   0.8592   0.8598   0.8604   0.8603   0.8602   0.8599   0.8601   0.8603
      inf   0.8563   0.8558   0.8568   0.8571   0.8569   0.8569   0.8566   0.8569   0.8570
      inf   0.8528   0.8520   0.8532   0.8533   0.8535   0.8535   0.8531   0.8534   0.8534
      inf   0.8482   0.8485   0.8491   0.8494   0.8496   0.8494   0.8494   0.8495   0.8495
      inf   0.8443   0.8452   0.8464   0.8468   0.8472   0.8465   0.8464   0.8467   0.8468
      inf   0.8429   0.8419   0.8428   0.8430   0.8435   0.8434   0.8431   0.8432   0.8433
      inf   0.8402   0.8390   0.8399   0.8400   0.8405   0.8405   0.8401   0.8403   0.8403
        0        0        0        0        0        0        0        0        0        0
        0        0        0        0        0        0        0        0        0        0
        0        0        0        0        0        0        0        0        0        0
        0        0        0        0        0        0        0        0        0        0
        0        0        0        0        0        0        0        0        0        0
        0        0        0        0        0        0        0        0        0        0
        0        0        0        0        0        0        0        0        0        0
        0        0        0        0        0        0        0        0        0        0
        0        0        0        0        0        0        0        0        0        0
        0        0        0        0        0        0        0        0        0        0
        0        0        0        0        0        0        0        0        0        0
        0        0        0        0        0        0        0        0        0        0
        0        0        0        0        0        0        0        0        0        0
        0        0        0        0        0        0        0        0        0        0
        0        0        0        0        0        0        0        0        0        0
        0        0        0        0        0        0        0        0        0        0
        0        0        0        0        0        0        0        0        0        0
        0        0        0        0        0        0        0        0        0        0
        0        0        0        0        0        0        0        0        0        0
        0        0        0        0        0        0        0        0        0        0
        0        0        0        0        0        0        0        0        0        0
        0        0        0        0        0        0        0        0        0        0
        0        0        0        0        0        0        0        0        0        0
        0        0        0        0        0        0        0        0        0        0
        0        0        0        0        0        0        0        0        0        0
        0        0        0        0        0        0        0        0        0        0
        0        0        0        0        0        0        0        0        0        0
        0        0        0        0        0        0        0        0        0        0
        0        0        0        0        0        0        0        0        0        0
        0        0        0        0        0        0        0        0        0        0
        0        0        0        0        0        0        0        0        0        0
        0        0        0        0        0        0        0        0        0        0
        0        0        0        0        0        0        0        0        0        0
        0        0        0        0        0        0        0        0        0        0
        0        0        0        0        0        0        0        0        0        0
        0        0        0        0        0        0        0        0        0        0
        0        0        0        0        0        0        0        0        0        0
        0        0        0        0        0        0        0        0        0        0
        0        0        0        0        0        0        0        0        0        0
        0        0        0        0        0        0        0        0        0        0
        0        0        0        0        0        0        0        0        0        0
        0        0        0        0        0        0        0        0        0        0
        0        0        0        0        0        0        0        0        0        0
        0        0        0        0        0        0        0        0        0        0
        0        0        0        0        0        0        0        0        0        0
        0        0        0        0        0        0        0        0        0        0
        0        0        0        0        0        0        0        0        0        0
        0        0        0        0        0        0        0        0        0        0
        0        0        0        0        0        0        0        0        0        0
        0        0        0        0        0        0        0        0        0        0
        0        0        0        0        0        0        0        0        0        0
        0        0        0        0        0        0        0        0        0        0
        0        0        0        0        0        0        0        0        0        0
        0        0        0        0        0        0        0        0        0        0
        0        0        0        0        0        0        0        0        0        0
        0        0        0        0        0        0        0        0        0        0
        0        0        0        0        0        0        0        0        0        0
        0        0        0        0        0        0        0        0        0        0
        0        0        0        0        0        0        0        0        0        0
        0        0        0        0        0        0        0        0        0        0
        0        0        0        0        0        0        0        0        0        0
        0        0        0        0        0        0        0        0        0        0
        0        0        0        0        0        0        0        0        0        0
        0        0        0        0        0        0        0        0        0        0
        0        0        0        0        0        0        0        0        0        0
        0        0        0        0        0        0        0        0        0        0
        0        0        0        0        0        0        0        0        0        0
        0        0        0        0        0        0        0        0        0        0
        0        0        0        0        0        0        0        0        0        0
        0        0        0        0        0        0        0        0        0        0
        0        0        0        0        0        0        0        0        0        0
        0        0        0        0        0        0        0        0        0        0
        0        0        0        0        0        0        0        0        0        0
        0        0        0        0        0        0        0        0        0        0
        0        0        0        0        0        0        0        0        0        0
        0        0        0        0        0        0        0        0        0        0
        0        0        0        0        0        0        0        0        0        0
        0        0        0        0        0        0        0        0        0        0
        0        0        0        0        0        0        0        0        0        0
        0        0        0        0        0        0        0        0        0        0
        0        0        0        0        0        0        0        0        0        0
        0        0        0        0        0        0        0        0        0        0
        0        0        0        0        0        0        0        0        0        0
        0        0        0        0        0        0        0        0        0        0
        0        0        0        0        0        0        0        0        0        0
        0        0        0        0        0        0        0        0        0        0
        0        0        0        0        0        0        0        0        0        0
        0        0        0        0        0        0        0        0        0        0
        0        0        0        0        0        0        0        0        0        0
        0        0        0        0        0        0        0        0        0        0

      nan   0.7131   0.7003   0.7073   0.7114   0.7111   0.7114   0.7082   0.7105   0.7124
      nan   0.7189   0.7127   0.7235   0.7260   0.7230   0.7228   0.7211   0.7237   0.7245
      nan   0.7288   0.7238   0.7335   0.7325   0.7334   0.7320   0.7307   0.7325   0.7319
      nan   0.7138   0.7273   0.7391   0.7400   0.7427   0.7394   0.7402   0.7408   0.7420
      nan   0.7299   0.7375   0.7408   0.7475   0.7501   0.7487   0.7477   0.7476   0.7493
      nan   0.7468   0.7486   0.7559   0.7576   0.7638   0.7615   0.7611   0.7616   0.7619
      nan   0.7740   0.7660   0.7721   0.7720   0.7751   0.7757   0.7741   0.7729   0.7733
      nan   0.7914   0.7808   0.7781   0.7838   0.7858   0.7864   0.7837   0.7822   0.7848
      nan   0.8014   0.7934   0.7948   0.7957   0.7953   0.7983   0.7970   0.7950   0.7976
      nan   0.8387   0.8224   0.8131   0.8145   0.8089   0.8151   0.8123   0.8100   0.8113
      nan   0.8530   0.8297   0.8260   0.8252   0.8249   0.8303   0.8266   0.8259   0.8241
      nan   0.8558   0.8371   0.8345   0.8294   0.8315   0.8373   0.8345   0.8332   0.8325
      nan   0.8709   0.8601   0.8543   0.8526   0.8491   0.8508   0.8514   0.8502   0.8502
      nan   0.8784   0.8637   0.8610   0.8640   0.8600   0.8619   0.8597   0.8599   0.8598
      nan   0.8941   0.8764   0.8701   0.8677   0.8685   0.8733   0.8711   0.8697   0.8682
      nan   0.8865   0.8810   0.8768   0.8768   0.8780   0.8791   0.8785   0.8786   0.8768
      nan   0.8880   0.8940   0.8911   0.8866   0.8875   0.8874   0.8887   0.8884   0.8873
      nan   0.9073   0.9122   0.9060   0.8996   0.8991   0.9005   0.9027   0.9013   0.8991
      nan   0.9089   0.9321   0.9194   0.9142   0.9181   0.9137   0.9185   0.9164   0.9156
      nan   0.9257   0.9416   0.9320   0.9277   0.9281   0.9284   0.9328   0.9304   0.9294
      nan   0.9699   0.9565   0.9430   0.9404   0.9340   0.9396   0.9437   0.9397   0.9373
      nan   0.9797   0.9744   0.9629   0.9586   0.9541   0.9600   0.9598   0.9603   0.9576
      nan   1.0055   0.9924   0.9911   0.9771   0.9708   0.9767   0.9777   0.9796   0.9736
      nan   1.0219   1.0142   1.0010   0.9877   0.9849   0.9902   0.9933   0.9919   0.9866
      nan   1.0494   1.0323   1.0224   1.0085   1.0095   1.0141   1.0145   1.0136   1.0078
      nan   1.0846   1.0640   1.0415   1.0301   1.0314   1.0333   1.0382   1.0336   1.0286
      nan   1.1212   1.1007   1.0951   1.0799   1.0745   1.0802   1.0812   1.0802   1.0763
      nan   1.0544   1.0748   1.0744   1.0684   1.0648   1.0692   1.0731   1.0728   1.0709
      nan   1.0950   1.1111   1.0921   1.1016   1.0805   1.0813   1.0884   1.0856   1.0903
      nan   1.0880   1.1134   1.0942   1.1131   1.0977   1.0923   1.1000   1.0949   1.1006
        0        0        0        0        0        0        0        0        0        0
        0        0        0        0        0        0        0        0        0        0
        0        0        0        0        0        0        0        0        0        0
        0        0        0        0        0        0        0        0        0        0
        0        0        0        0        0        0        0        0        0        0
        0        0        0        0        0        0        0        0        0        0
        0        0        0        0        0        0        0        0        0        0
        0        0        0        0        0        0        0        0        0        0
        0        0        0        0        0        0        0        0        0        0
        0        0        0        0        0        0        0        0        0        0
        0        0        0        0        0        0        0        0        0        0
        0        0        0        0        0        0        0        0        0        0
        0        0        0        0        0        0        0        0        0        0
        0        0        0        0        0        0        0        0        0        0
        0        0        0        0        0        0        0        0        0        0
        0        0        0        0        0        0        0        0        0        0
        0        0        0        0        0        0        0        0        0        0
        0        0        0        0        0        0        0        0        0        0
        0        0        0        0        0        0        0        0        0        0
        0        0        0        0        0        0        0        0        0        0
        0        0        0        0        0        0        0        0        0        0
        0        0        0        0        0        0        0        0        0        0
        0        0        0        0        0        0        0        0        0        0
        0        0        0        0        0        0        0        0        0        0
        0        0        0        0        0        0        0        0        0        0
        0        0        0        0        0        0        0        0        0        0
        0        0        0        0        0        0        0        0        0        0
        0        0        0        0        0        0        0        0        0        0
        0        0        0        0        0        0        0        0        0        0
        0        0        0        0        0        0        0        0        0        0
        0        0        0        0        0        0        0        0        0        0
        0        0        0        0        0        0        0        0        0        0
        0        0        0        0        0        0        0        0        0        0
        0        0        0        0        0        0        0        0        0        0
        0        0        0        0        0        0        0        0        0        0
        0        0        0        0        0        0        0        0        0        0
        0        0        0        0        0        0        0        0        0        0
        0        0        0        0        0        0        0        0        0        0
        0        0        0        0        0        0        0        0        0        0
        0        0        0        0        0        0        0        0        0        0
        0        0        0        0        0        0        0        0        0        0
        0        0        0        0        0        0        0        0        0        0
        0        0        0        0        0        0        0        0        0        0
        0        0        0        0        0        0        0        0        0        0
        0        0        0        0        0        0        0        0        0        0
        0        0        0        0        0        0        0        0        0        0
        0        0        0        0        0        0        0        0        0        0
        0        0        0        0        0        0        0        0        0        0
        0        0        0        0        0        0        0        0        0        0
        0        0        0        0        0        0        0        0        0        0
        0        0        0        0        0        0        0        0        0        0
        0        0        0        0        0        0        0        0        0        0
        0        0        0        0        0        0        0        0        0        0
        0        0        0        0        0        0        0        0        0        0
        0        0        0        0        0        0        0        0        0        0
        0        0        0        0        0        0        0        0        0        0
        0        0        0        0        0        0        0        0        0        0
        0        0        0        0        0        0        0        0        0        0
        0        0        0        0        0        0        0        0        0        0
        0        0        0        0        0        0        0        0        0        0
        0        0        0        0        0        0        0        0        0        0
        0        0        0        0        0        0        0        0        0        0
        0        0        0        0        0        0        0        0        0        0
        0        0        0        0        0        0        0        0        0        0
        0        0        0        0        0        0        0        0        0        0
        0        0        0        0        0        0        0        0        0        0
        0        0        0        0        0        0        0        0        0        0
        0        0        0        0        0        0        0        0        0        0
        0        0        0        0        0        0        0        0        0        0
        0        0        0        0        0        0        0        0        0        0
        0        0        0        0        0        0        0        0        0        0
        0        0        0        0        0        0        0        0        0        0
        0        0        0        0        0        0        0        0        0        0
        0        0        0        0        0        0        0        0        0        0
        0        0        0        0        0        0        0        0        0        0
        0        0        0        0        0        0        0        0        0        0
        0        0        0        0        0        0        0        0        0        0
        0        0        0        0        0        0        0        0        0        0
        0        0        0        0        0        0        0        0        0        0
        0        0        0        0        0        0        0        0        0        0
        0        0        0        0        0        0        0        0        0        0
        0        0        0        0        0        0        0        0        0        0
        0        0        0        0        0        0        0        0        0        0
        0        0        0        0        0        0        0        0        0        0
        0        0        0        0        0        0        0        0        0        0
        0        0        0        0        0        0        0        0        0        0
        0        0        0        0        0        0        0        0        0        0
        0        0        0        0        0        0        0        0        0        0
        0        0        0        0        0        0        0        0        0        0
        0        0        0        0        0        0        0        0        0        0

      nan   0.3632   0.3662   0.3704   0.3735   0.3782   0.3742   0.3746   0.3757   0.3768
      nan   0.3645   0.3840   0.3940   0.3960   0.3965   0.3916   0.3934   0.3961   0.3966
      nan   0.3751   0.3994   0.4068   0.4059   0.4077   0.4016   0.4045   0.4071   0.4061
      nan   0.3753   0.4131   0.4213   0.4212   0.4241   0.4166   0.4215   0.4211   0.4228
      nan   0.3837   0.4116   0.4495   0.4489   0.4499   0.4429   0.4414   0.4522   0.4507
      nan   0.4191   0.4420   0.4568   0.4562   0.4658   0.4609   0.4606   0.4645   0.4627
      nan   0.4539   0.4527   0.4803   0.4763   0.4804   0.4789   0.4758   0.4807   0.4781
      nan   0.5139   0.4830   0.5020   0.4984   0.4977   0.5008   0.4935   0.4980   0.4982
      nan   0.5322   0.5161   0.5302   0.5216   0.5191   0.5284   0.5250   0.5269   0.5248
      nan   0.6099   0.5665   0.5604   0.5528   0.5482   0.5585   0.5531   0.5521   0.5503
      nan   0.6353   0.5934   0.5910   0.5995   0.5940   0.5996   0.5942   0.5923   0.5949
      nan   0.6344   0.6114   0.6171   0.6110   0.6074   0.6134   0.6097   0.6117   0.6096
      nan   0.6415   0.6521   0.6512   0.6539   0.6435   0.6377   0.6449   0.6454   0.6481
      nan   0.6431   0.6432   0.6488   0.7303   0.7075   0.6953   0.6886   0.6854   0.7162
      nan   0.6847   0.6608   0.6560   0.6657   0.6649   0.6666   0.6644   0.6622   0.6653
      nan   0.6856   0.6829   0.6785   0.6811   0.6889   0.6917   0.6909   0.6895   0.6880
      nan   0.7265   0.7182   0.7252   0.7253   0.7189   0.7181   0.7186   0.7197   0.7219
      nan   0.7507   0.7548   0.7541   0.7480   0.7472   0.7467   0.7477   0.7475   0.7474
      nan   0.8141   0.8465   0.8299   0.8215   0.8203   0.8169   0.8192   0.8214   0.8202
      nan   0.9125   0.8902   0.8973   0.8854   0.8762   0.8815   0.8799   0.8824   0.8816
      nan   1.0382   0.9480   0.9271   0.9089   0.9146   0.9334   0.9367   0.9294   0.9184
      nan   1.0197   0.9688   0.9643   0.9750   0.9727   0.9818   0.9732   0.9733   0.9764
      nan   1.1558   1.0984   1.0713   1.0385   1.0242   1.0459   1.0475   1.0421   1.0292
      nan   1.1311   1.1868   1.1187   1.0816   1.0896   1.0966   1.1174   1.1017   1.0857
      nan   1.2429   1.2625   1.1977   1.1645   1.2362   1.2289   1.2412   1.2199   1.2018
      nan   1.3866   1.3544   1.2615   1.2577   1.3022   1.3020   1.3147   1.2869   1.2800
      nan   2.3290   1.8757   1.7658   1.6954   1.6242   1.7362   1.6937   1.6726   1.6549
      nan   1.7552   1.5886   1.5004   1.4569   1.4248   1.6004   1.5755   1.5434   1.5212
      nan   1.7853   1.7733   1.6246   1.6351   1.5464   1.5888   1.6112   1.5834   1.5856
      nan   1.5941   1.6548   1.5332   1.5753   1.5180   1.5164   1.5522   1.5203   1.5376
        0        0        0        0        0        0        0        0        0        0
        0        0        0        0        0        0        0        0        0        0
        0        0        0        0        0        0        0        0        0        0
        0        0        0        0        0        0        0        0        0        0
        0        0        0        0        0        0        0        0        0        0
        0        0        0        0        0        0        0        0        0        0
        0        0        0        0        0        0        0        0        0        0
        0        0        0        0        0        0        0        0        0        0
        0        0        0        0        0        0        0        0        0        0
        0        0        0        0        0        0        0        0        0        0
        0        0        0        0        0        0        0        0        0        0
        0        0        0        0        0        0        0        0        0        0
        0        0        0        0        0        0        0        0        0        0
        0        0        0        0        0        0        0        0        0        0
        0        0        0        0        0        0        0        0        0        0
        0        0        0        0        0        0        0        0        0        0
        0        0        0        0        0        0        0        0        0        0
        0        0        0        0        0        0        0        0        0        0
        0        0        0        0        0        0        0        0        0        0
        0        0        0        0        0        0        0        0        0        0
        0        0        0        0        0        0        0        0        0        0
        0        0        0        0        0        0        0        0        0        0
        0        0        0        0        0        0        0        0        0        0
        0        0        0        0        0        0        0        0        0        0
        0        0        0        0        0        0        0        0        0        0
        0        0        0        0        0        0        0        0        0        0
        0        0        0        0        0        0        0        0        0        0
        0        0        0        0        0        0        0        0        0        0
        0        0        0        0        0        0        0        0        0        0
        0        0        0        0        0        0        0        0        0        0
        0        0        0        0        0        0        0        0        0        0
        0        0        0        0        0        0        0        0        0        0
        0        0        0        0        0        0        0        0        0        0
        0        0        0        0        0        0        0        0        0        0
        0        0        0        0        0        0        0        0        0        0
        0        0        0        0        0        0        0        0        0        0
        0        0        0        0        0        0        0        0        0        0
        0        0        0        0        0        0        0        0        0        0
        0        0        0        0        0        0        0        0        0        0
        0        0        0        0        0        0        0        0        0        0
        0        0        0        0        0        0        0        0        0        0
        0        0        0        0        0        0        0        0        0        0
        0        0        0        0        0        0        0        0        0        0
        0        0        0        0        0        0        0        0        0        0
        0        0        0        0        0        0        0        0        0        0
        0        0        0        0        0        0        0        0        0        0
        0        0        0        0        0        0        0        0        0        0
        0        0        0        0        0        0        0        0        0        0
        0        0        0        0        0        0        0        0        0        0
        0        0        0        0        0        0        0        0        0        0
        0        0        0        0        0        0        0        0        0        0
        0        0        0        0        0        0        0        0        0        0
        0        0        0        0        0        0        0        0        0        0
        0        0        0        0        0        0        0        0        0        0
        0        0        0        0        0        0        0        0        0        0
        0        0        0        0        0        0        0        0        0        0
        0        0        0        0        0        0        0        0        0        0
        0        0        0        0        0        0        0        0        0        0
        0        0        0        0        0        0        0        0        0        0
        0        0        0        0        0        0        0        0        0        0
        0        0        0        0        0        0        0        0        0        0
        0        0        0        0        0        0        0        0        0        0
        0        0        0        0        0        0        0        0        0        0
        0        0        0        0        0        0        0        0        0        0
        0        0        0        0        0        0        0        0        0        0
        0        0        0        0        0        0        0        0        0        0
        0        0        0        0        0        0        0        0        0        0
        0        0        0        0        0        0        0        0        0        0
        0        0        0        0        0        0        0        0        0        0
        0        0        0        0        0        0        0        0        0        0
        0        0        0        0        0        0        0        0        0        0
        0        0        0        0        0        0        0        0        0        0
        0        0        0        0        0        0        0        0        0        0
        0        0        0        0        0        0        0        0        0        0
        0        0        0        0        0        0        0        0        0        0
        0        0        0        0        0        0        0        0        0        0
        0        0        0        0        0        0        0        0        0        0
        0        0        0        0        0        0        0        0        0        0
        0        0        0        0        0        0        0        0        0        0
        0        0        0        0        0        0        0        0        0        0
        0        0        0        0        0        0        0        0        0        0
        0        0        0        0        0        0        0        0        0        0
        0        0        0        0        0        0        0        0        0        0
        0        0        0        0        0        0        0        0        0        0
        0        0        0        0        0        0        0        0        0        0
        0        0        0        0        0        0        0        0        0        0
        0        0        0        0        0        0        0        0        0        0
        0        0        0        0        0        0        0        0        0        0
        0        0        0        0        0        0        0        0        0        0
        0        0        0        0        0        0        0        0        0        0

      nan   0.3632   0.3662   0.3704   0.3735   0.3782   0.3742   0.3746   0.3757   0.3768
      nan   0.3645   0.3840   0.3940   0.3960   0.3965   0.3916   0.3934   0.3961   0.3966
      nan   0.3751   0.3994   0.4068   0.4059   0.4077   0.4016   0.4045   0.4071   0.4061
      nan   0.3753   0.4131   0.4213   0.4212   0.4241   0.4166   0.4215   0.4211   0.4228
      nan   0.3837   0.4116   0.4495   0.4489   0.4499   0.4429   0.4414   0.4522   0.4507
      nan   0.4191   0.4420   0.4568   0.4562   0.4658   0.4609   0.4606   0.4645   0.4627
      nan   0.4539   0.4527   0.4803   0.4763   0.4804   0.4789   0.4758   0.4807   0.4781
      nan   0.5139   0.4830   0.5020   0.4984   0.4977   0.5008   0.4935   0.4980   0.4982
      nan   0.5322   0.5161   0.5302   0.5216   0.5191   0.5284   0.5250   0.5269   0.5248
      nan   0.6099   0.5665   0.5604   0.5528   0.5482   0.5585   0.5531   0.5521   0.5503
      nan   0.6353   0.5934   0.5910   0.5995   0.5940   0.5996   0.5942   0.5923   0.5949
      nan   0.6344   0.6114   0.6171   0.6110   0.6074   0.6134   0.6097   0.6117   0.6096
      nan   0.6415   0.6521   0.6512   0.6539   0.6435   0.6377   0.6449   0.6454   0.6481
      nan   0.6431   0.6432   0.6488   0.7303   0.7075   0.6953   0.6886   0.6854   0.7162
      nan   0.6847   0.6608   0.6560   0.6657   0.6649   0.6666   0.6644   0.6622   0.6653
      nan   0.6856   0.6829   0.6785   0.6811   0.6889   0.6917   0.6909   0.6895   0.6880
      nan   0.7265   0.7182   0.7252   0.7253   0.7189   0.7181   0.7186   0.7197   0.7219
      nan   0.7507   0.7548   0.7541   0.7480   0.7472   0.7467   0.7477   0.7475   0.7474
      nan   0.8141   0.8465   0.8299   0.8215   0.8203   0.8169   0.8192   0.8214   0.8202
      nan   0.9125   0.8902   0.8973   0.8854   0.8762   0.8815   0.8799   0.8824   0.8816
      nan   1.0382   0.9480   0.9271   0.9089   0.9146   0.9334   0.9367   0.9294   0.9184
      nan   1.0197   0.9688   0.9643   0.9750   0.9727   0.9818   0.9732   0.9733   0.9764
      nan   1.1558   1.0984   1.0713   1.0385   1.0242   1.0459   1.0475   1.0421   1.0292
      nan   1.1311   1.1868   1.1187   1.0816   1.0896   1.0966   1.1174   1.1017   1.0857
      nan   1.2429   1.2625   1.1977   1.1645   1.2362   1.2289   1.2412   1.2199   1.2018
      nan   1.3866   1.3544   1.2615   1.2577   1.3022   1.3020   1.3147   1.2869   1.2800
      nan   2.3290   1.8757   1.7658   1.6954   1.6242   1.7362   1.6937   1.6726   1.6549
      nan   1.7552   1.5886   1.5004   1.4569   1.4248   1.6004   1.5755   1.5434   1.5212
      nan   1.7853   1.7733   1.6246   1.6351   1.5464   1.5888   1.6112   1.5834   1.5856
      nan   1.5941   1.6548   1.5332   1.5753   1.5180   1.5164   1.5522   1.5203   1.5376
        0        0        0        0        0        0        0        0        0        0
        0        0        0        0        0        0        0        0        0        0
        0        0        0        0        0        0        0        0        0        0
        0        0        0        0        0        0        0        0        0        0
        0        0        0        0        0        0        0        0        0        0
        0        0        0        0        0        0        0        0        0        0
        0        0        0        0        0        0        0        0        0        0
        0        0        0        0        0        0        0        0        0        0
        0        0        0        0        0        0        0        0        0        0
        0        0        0        0        0        0        0        0        0        0
        0        0        0        0        0        0        0        0        0        0
        0        0        0        0        0        0        0        0        0        0
        0        0        0        0        0        0        0        0        0        0
        0        0        0        0        0        0        0        0        0        0
        0        0        0        0        0        0        0        0        0        0
        0        0        0        0        0        0        0        0        0        0
        0        0        0        0        0        0        0        0        0        0
        0        0        0        0        0        0        0        0        0        0
        0        0        0        0        0        0        0        0        0        0
        0        0        0        0        0        0        0        0        0        0
        0        0        0        0        0        0        0        0        0        0
        0        0        0        0        0        0        0        0        0        0
        0        0        0        0        0        0        0        0        0        0
        0        0        0        0        0        0        0        0        0        0
        0        0        0        0        0        0        0        0        0        0
        0        0        0        0        0        0        0        0        0        0
        0        0        0        0        0        0        0        0        0        0
        0        0        0        0        0        0        0        0        0        0
        0        0        0        0        0        0        0        0        0        0
        0        0        0        0        0        0        0        0        0        0
        0        0        0        0        0        0        0        0        0        0
        0        0        0        0        0        0        0        0        0        0
        0        0        0        0        0        0        0        0        0        0
        0        0        0        0        0        0        0        0        0        0
        0        0        0        0        0        0        0        0        0        0
        0        0        0        0        0        0        0        0        0        0
        0        0        0        0        0        0        0        0        0        0
        0        0        0        0        0        0        0        0        0        0
        0        0        0        0        0        0        0        0        0        0
        0        0        0        0        0        0        0        0        0        0
        0        0        0        0        0        0        0        0        0        0
        0        0        0        0        0        0        0        0        0        0
        0        0        0        0        0        0        0        0        0        0
        0        0        0        0        0        0        0        0        0        0
        0        0        0        0        0        0        0        0        0        0
        0        0        0        0        0        0        0        0        0        0
        0        0        0        0        0        0        0        0        0        0
        0        0        0        0        0        0        0        0        0        0
        0        0        0        0        0        0        0        0        0        0
        0        0        0        0        0        0        0        0        0        0
        0        0        0        0        0        0        0        0        0        0
        0        0        0        0        0        0        0        0        0        0
        0        0        0        0        0        0        0        0        0        0
        0        0        0        0        0        0        0        0        0        0
        0        0        0        0        0        0        0        0        0        0
        0        0        0        0        0        0        0        0        0        0
        0        0        0        0        0        0        0        0        0        0
        0        0        0        0        0        0        0        0        0        0
        0        0        0        0        0        0        0        0        0        0
        0        0        0        0        0        0        0        0        0        0
        0        0        0        0        0        0        0        0        0        0
        0        0        0        0        0        0        0        0        0        0
        0        0        0        0        0        0        0        0        0        0
        0        0        0        0        0        0        0        0        0        0
        0        0        0        0        0        0        0        0        0        0
        0        0        0        0        0        0        0        0        0        0
        0        0        0        0        0        0        0        0        0        0
        0        0        0        0        0        0        0        0        0        0
        0        0        0        0        0        0        0        0        0        0
        0        0        0        0        0        0        0        0        0        0
        0        0        0        0        0        0        0        0        0        0
        0        0        0        0        0        0        0        0        0        0
        0        0        0        0        0        0        0        0        0        0
        0        0        0        0        0        0        0        0        0        0
        0        0        0        0        0        0        0        0        0        0
        0        0        0        0        0        0        0        0        0        0
        0        0        0        0        0        0        0        0        0        0
        0        0        0        0        0        0        0        0        0        0
        0        0        0        0        0        0        0        0        0        0
        0        0        0        0        0        0        0        0        0        0
        0        0        0        0        0        0        0        0        0        0
        0        0        0        0        0        0        0        0        0        0
        0        0        0        0        0        0        0        0        0        0
        0        0        0        0        0        0        0        0        0        0
        0        0        0        0        0        0        0        0        0        0
        0        0        0        0        0        0        0        0        0        0
        0        0        0        0        0        0        0        0        0        0
        0        0        0        0        0        0        0        0        0        0
        0        0        0        0        0        0        0        0        0        0
        0        0        0        0        0        0        0        0        0        0

      inf   0.1582   0.1187   0.1055   0.0989   0.0950   0.0923   0.0904   0.0890   0.0879
      inf   0.1606   0.1206   0.1072   0.1005   0.0965   0.0938   0.0919   0.0904   0.0894
      inf   0.1630   0.1224   0.1088   0.1021   0.0980   0.0952   0.0933   0.0919   0.0908
      inf   0.1655   0.1243   0.1105   0.1037   0.0995   0.0967   0.0948   0.0933   0.0922
      inf   0.1681   0.1262   0.1123   0.1053   0.1011   0.0983   0.0963   0.0948   0.0936
      inf   0.1711   0.1284   0.1141   0.1071   0.1028   0.0999   0.0978   0.0963   0.0952
      inf   0.1738   0.1303   0.1159   0.1087   0.1044   0.1014   0.0994   0.0978   0.0966
      inf   0.1767   0.1324   0.1178   0.1104   0.1060   0.1031   0.1009   0.0994   0.0981
      inf   0.1797   0.1346   0.1197   0.1122   0.1077   0.1047   0.1026   0.1010   0.0997
      inf   0.1825   0.1367   0.1216   0.1139   0.1094   0.1064   0.1042   0.1026   0.1013
      inf   0.1854   0.1389   0.1235   0.1158   0.1112   0.1081   0.1059   0.1042   0.1029
      inf   0.1884   0.1411   0.1254   0.1176   0.1129   0.1098   0.1075   0.1058   0.1045
      inf   0.1913   0.1434   0.1274   0.1195   0.1147   0.1115   0.1093   0.1075   0.1062
      inf   0.1941   0.1455   0.1294   0.1213   0.1165   0.1132   0.1109   0.1092   0.1079
      inf   0.1970   0.1477   0.1313   0.1232   0.1182   0.1149   0.1126   0.1108   0.1095
      inf   0.2003   0.1501   0.1334   0.1251   0.1201   0.1168   0.1144   0.1126   0.1112
      inf   0.2035   0.1525   0.1355   0.1271   0.1220   0.1186   0.1162   0.1144   0.1130
      inf   0.2067   0.1550   0.1377   0.1291   0.1239   0.1205   0.1180   0.1162   0.1147
      inf   0.2102   0.1577   0.1400   0.1312   0.1260   0.1225   0.1200   0.1181   0.1166
      inf   0.2134   0.1601   0.1422   0.1333   0.1279   0.1244   0.1219   0.1200   0.1185
      inf   0.2170   0.1627   0.1445   0.1354   0.1300   0.1264   0.1239   0.1219   0.1204
      inf   0.2201   0.1651   0.1467   0.1376   0.1321   0.1284   0.1258   0.1238   0.1223
      inf   0.2235   0.1678   0.1491   0.1397   0.1341   0.1304   0.1278   0.1258   0.1242
      inf   0.2273   0.1707   0.1516   0.1420   0.1364   0.1326   0.1300   0.1279   0.1263
      inf   0.2313   0.1736   0.1541   0.1444   0.1386   0.1348   0.1321   0.1300   0.1284
      inf   0.2348   0.1764   0.1567   0.1468   0.1409   0.1370   0.1343   0.1322   0.1305
      inf   0.2385   0.1791   0.1592   0.1492   0.1432   0.1393   0.1365   0.1343   0.1326
      inf   0.2428   0.1822   0.1617   0.1516   0.1454   0.1415   0.1386   0.1364   0.1347
      inf   0.2459   0.1849   0.1642   0.1540   0.1477   0.1436   0.1408   0.1386   0.1368
      inf   0.2497   0.1876   0.1667   0.1563   0.1500   0.1458   0.1430   0.1407   0.1390
        0        0        0        0        0        0        0        0        0        0
        0        0        0        0        0        0        0        0        0        0
        0        0        0        0        0        0        0        0        0        0
        0        0        0        0        0        0        0        0        0        0
        0        0        0        0        0        0        0        0        0        0
        0        0        0        0        0        0        0        0        0        0
        0        0        0        0        0        0        0        0        0        0
        0        0        0        0        0        0        0        0        0        0
        0        0        0        0        0        0        0        0        0        0
        0        0        0        0        0        0        0        0        0        0
        0        0        0        0        0        0        0        0        0        0
        0        0        0        0        0        0        0        0        0        0
        0        0        0        0        0        0        0        0        0        0
        0        0        0        0        0        0        0        0        0        0
        0        0        0        0        0        0        0        0        0        0
        0        0        0        0        0        0        0        0        0        0
        0        0        0        0        0        0        0        0        0        0
        0        0        0        0        0        0        0        0        0        0
        0        0        0        0        0        0        0        0        0        0
        0        0        0        0        0        0        0        0        0        0
        0        0        0        0        0        0        0        0        0        0
        0        0        0        0        0        0        0        0        0        0
        0        0        0        0        0        0        0        0        0        0
        0        0        0        0        0        0        0        0        0        0
        0        0        0        0        0        0        0        0        0        0
        0        0        0        0        0        0        0        0        0        0
        0        0        0        0        0        0        0        0        0        0
        0        0        0        0        0        0        0        0        0        0
        0        0        0        0        0        0        0        0        0        0
        0        0        0        0        0        0        0        0        0        0
        0        0        0        0        0        0        0        0        0        0
        0        0        0        0        0        0        0        0        0        0
        0        0        0        0        0        0        0        0        0        0
        0        0        0        0        0        0        0        0        0        0
        0        0        0        0        0        0        0        0        0        0
        0        0        0        0        0        0        0        0        0        0
        0        0        0        0        0        0        0        0        0        0
        0        0        0        0        0        0        0        0        0        0
        0        0        0        0        0        0        0        0        0        0
        0        0        0        0        0        0        0        0        0        0
        0        0        0        0        0        0        0        0        0        0
        0        0        0        0        0        0        0        0        0        0
        0        0        0        0        0        0        0        0        0        0
        0        0        0        0        0        0        0        0        0        0
        0        0        0        0        0        0        0        0        0        0
        0        0        0        0        0        0        0        0        0        0
        0        0        0        0        0        0        0        0        0        0
        0        0        0        0        0        0        0        0        0        0
        0        0        0        0        0        0        0        0        0        0
        0        0        0        0        0        0        0        0        0        0
        0        0        0        0        0        0        0        0        0        0
        0        0        0        0        0        0        0        0        0        0
        0        0        0        0        0        0        0        0        0        0
        0        0        0        0        0        0        0        0        0        0
        0        0        0        0        0        0        0        0        0        0
        0        0        0        0        0        0        0        0        0        0
        0        0        0        0        0        0        0        0        0        0
        0        0        0        0        0        0        0        0        0        0
        0        0        0        0        0        0        0        0        0        0
        0        0        0        0        0        0        0        0        0        0
        0        0        0        0        0        0        0        0        0        0
        0        0        0        0        0        0        0        0        0        0
        0        0        0        0        0        0        0        0        0        0
        0        0        0        0        0        0        0        0        0        0
        0        0        0        0        0        0        0        0        0        0
        0        0        0        0        0        0        0        0        0        0
        0        0        0        0        0        0        0        0        0        0
        0        0        0        0        0        0        0        0        0        0
        0        0        0        0        0        0        0        0        0        0
        0        0        0        0        0        0        0        0        0        0
        0        0        0        0        0        0        0        0        0        0
        0        0        0        0        0        0        0        0        0        0
        0        0        0        0        0        0        0        0        0        0
        0        0        0        0        0        0        0        0        0        0
        0        0        0        0        0        0        0        0        0        0
        0        0        0        0        0        0        0        0        0        0
        0        0        0        0        0        0        0        0        0        0
        0        0        0        0        0        0        0        0        0        0
        0        0        0        0        0        0        0        0        0        0
        0        0        0        0        0        0        0        0        0        0
        0        0        0        0        0        0        0        0        0        0
        0        0        0        0        0        0        0        0        0        0
        0        0        0        0        0        0        0        0        0        0
        0        0        0        0        0        0        0        0        0        0
        0        0        0        0        0        0        0        0        0        0
        0        0        0        0        0        0        0        0        0        0
        0        0        0        0        0        0        0        0        0        0
        0        0        0        0        0        0        0        0        0        0
        0        0        0        0        0        0        0        0        0        0
        0        0        0        0        0        0        0        0        0        0

