   2.0000
   2.0050
   2.0100
   2.0150
   2.0200
   2.0250
   2.0300
   2.0350
   2.0400
   2.0450
   2.0500
   2.0550
   2.0600
   2.0650
   2.0700
   2.0750
   2.0800
   2.0850
   2.0900
   2.0950
   2.1000
   2.1050
   2.1100
   2.1150
   2.1200
   2.1250
   2.1300
   2.1350
   2.1400
   2.1450
   2.1500
   2.1550
   2.1600
   2.1650
   2.1700
   2.1750
   2.1800
   2.1850
   2.1900
   2.1950
   2.2000
   2.2050
   2.2100
   2.2150
   2.2200
   2.2250
   2.2300
   2.2350
   2.2400
   2.2450
   2.2500
   2.2550
   2.2600
   2.2650
   2.2700
   2.2750
   2.2800
   2.2850
   2.2900
   2.2950
   2.3000
   2.3050
   2.3100
   2.3150
   2.3200
   2.3250
   2.3300
   2.3350
   2.3400
   2.3450
   2.3500
   2.3550
   2.3600
   2.3650
   2.3700
   2.3750
   2.3800
   2.3850
   2.3900
   2.3950
   2.4000
   2.4050
   2.4100
   2.4150
   2.4200
   2.4250
   2.4300
   2.4350
   2.4400
   2.4450
   2.4500
   2.4550
   2.4600
   2.4650
   2.4700
   2.4750
   2.4800
   2.4850
   2.4900
   2.4950
   2.5000
   2.5050
   2.5100
   2.5150
   2.5200
   2.5250
   2.5300
   2.5350
   2.5400
   2.5450
   2.5500
   2.5550
   2.5600
   2.5650
   2.5700
   2.5750
   2.5800
   2.5850
   2.5900
   2.5950

     -inf  -1.7478  -1.7484  -1.7477  -1.7478  -1.7474  -1.7473  -1.7467  -1.7467  -1.7464
     -inf  -1.7452  -1.7436  -1.7430  -1.7427  -1.7428  -1.7428  -1.7429  -1.7425  -1.7422
     -inf  -1.7395  -1.7369  -1.7373  -1.7370  -1.7377  -1.7379  -1.7379  -1.7377  -1.7378
     -inf  -1.7370  -1.7366  -1.7357  -1.7352  -1.7350  -1.7349  -1.7350  -1.7350  -1.7348
     -inf  -1.7302  -1.7299  -1.7304  -1.7305  -1.7308  -1.7304  -1.7302  -1.7305  -1.7304
     -inf  -1.7276  -1.7263  -1.7253  -1.7257  -1.7257  -1.7262  -1.7264  -1.7265  -1.7266
     -inf  -1.7209  -1.7234  -1.7232  -1.7228  -1.7228  -1.7229  -1.7225  -1.7223  -1.7223
     -inf  -1.7186  -1.7190  -1.7190  -1.7203  -1.7206  -1.7206  -1.7203  -1.7200  -1.7198
     -inf  -1.7155  -1.7152  -1.7154  -1.7150  -1.7149  -1.7151  -1.7154  -1.7150  -1.7152
     -inf  -1.7062  -1.7096  -1.7098  -1.7096  -1.7096  -1.7098  -1.7097  -1.7101  -1.7100
     -inf  -1.7068  -1.7074  -1.7076  -1.7073  -1.7070  -1.7069  -1.7066  -1.7065  -1.7067
     -inf  -1.7024  -1.7025  -1.7023  -1.7024  -1.7023  -1.7022  -1.7017  -1.7018  -1.7016
     -inf  -1.6946  -1.6970  -1.6969  -1.6964  -1.6971  -1.6972  -1.6976  -1.6981  -1.6978
     -inf  -1.6948  -1.6916  -1.6927  -1.6942  -1.6941  -1.6941  -1.6944  -1.6941  -1.6939
     -inf  -1.6913  -1.6920  -1.6912  -1.6910  -1.6916  -1.6919  -1.6919  -1.6918  -1.6915
     -inf  -1.6841  -1.6836  -1.6834  -1.6849  -1.6844  -1.6841  -1.6843  -1.6844  -1.6845
     -inf  -1.6767  -1.6783  -1.6790  -1.6805  -1.6802  -1.6803  -1.6801  -1.6807  -1.6804
     -inf  -1.6790  -1.6783  -1.6784  -1.6781  -1.6781  -1.6778  -1.6780  -1.6774  -1.6769
     -inf  -1.6740  -1.6739  -1.6716  -1.6724  -1.6714  -1.6714  -1.6710  -1.6705  -1.6706
     -inf  -1.6677  -1.6676  -1.6678  -1.6681  -1.6670  -1.6665  -1.6668  -1.6670  -1.6672
     -inf  -1.6607  -1.6636  -1.6625  -1.6609  -1.6618  -1.6623  -1.6623  -1.6628  -1.6628
     -inf  -1.6549  -1.6554  -1.6548  -1.6559  -1.6556  -1.6566  -1.6573  -1.6576  -1.6577
     -inf  -1.6550  -1.6543  -1.6529  -1.6528  -1.6529  -1.6534  -1.6526  -1.6527  -1.6529
     -inf  -1.6484  -1.6501  -1.6493  -1.6483  -1.6485  -1.6484  -1.6477  -1.6474  -1.6476
     -inf  -1.6411  -1.6410  -1.6417  -1.6427  -1.6431  -1.6438  -1.6441  -1.6438  -1.6437
     -inf  -1.6333  -1.6366  -1.6372  -1.6375  -1.6375  -1.6370  -1.6371  -1.6365  -1.6364
     -inf  -1.6268  -1.6257  -1.6282  -1.6292  -1.6298  -1.6309  -1.6305  -1.6310  -1.6309
     -inf  -1.6288  -1.6277  -1.6265  -1.6269  -1.6249  -1.6250  -1.6262  -1.6262  -1.6264
     -inf  -1.6205  -1.6214  -1.6194  -1.6196  -1.6208  -1.6213  -1.6208  -1.6216  -1.6212
     -inf  -1.6157  -1.6147  -1.6161  -1.6164  -1.6155  -1.6159  -1.6173  -1.6170  -1.6165
        0        0        0        0        0        0        0        0        0        0
        0        0        0        0        0        0        0        0        0        0
        0        0        0        0        0        0        0        0        0        0
        0        0        0        0        0        0        0        0        0        0
        0        0        0        0        0        0        0        0        0        0
        0        0        0        0        0        0        0        0        0        0
        0        0        0        0        0        0        0        0        0        0
        0        0        0        0        0        0        0        0        0        0
        0        0        0        0        0        0        0        0        0        0
        0        0        0        0        0        0        0        0        0        0
        0        0        0        0        0        0        0        0        0        0
        0        0        0        0        0        0        0        0        0        0
        0        0        0        0        0        0        0        0        0        0
        0        0        0        0        0        0        0        0        0        0
        0        0        0        0        0        0        0        0        0        0
        0        0        0        0        0        0        0        0        0        0
        0        0        0        0        0        0        0        0        0        0
        0        0        0        0        0        0        0        0        0        0
        0        0        0        0        0        0        0        0        0        0
        0        0        0        0        0        0        0        0        0        0
        0        0        0        0        0        0        0        0        0        0
        0        0        0        0        0        0        0        0        0        0
        0        0        0        0        0        0        0        0        0        0
        0        0        0        0        0        0        0        0        0        0
        0        0        0        0        0        0        0        0        0        0
        0        0        0        0        0        0        0        0        0        0
        0        0        0        0        0        0        0        0        0        0
        0        0        0        0        0        0        0        0        0        0
        0        0        0        0        0        0        0        0        0        0
        0        0        0        0        0        0        0        0        0        0
        0        0        0        0        0        0        0        0        0        0
        0        0        0        0        0        0        0        0        0        0
        0        0        0        0        0        0        0        0        0        0
        0        0        0        0        0        0        0        0        0        0
        0        0        0        0        0        0        0        0        0        0
        0        0        0        0        0        0        0        0        0        0
        0        0        0        0        0        0        0        0        0        0
        0        0        0        0        0        0        0        0        0        0
        0        0        0        0        0        0        0        0        0        0
        0        0        0        0        0        0        0        0        0        0
        0        0        0        0        0        0        0        0        0        0
        0        0        0        0        0        0        0        0        0        0
        0        0        0        0        0        0        0        0        0        0
        0        0        0        0        0        0        0        0        0        0
        0        0        0        0        0        0        0        0        0        0
        0        0        0        0        0        0        0        0        0        0
        0        0        0        0        0        0        0        0        0        0
        0        0        0        0        0        0        0        0        0        0
        0        0        0        0        0        0        0        0        0        0
        0        0        0        0        0        0        0        0        0        0
        0        0        0        0        0        0        0        0        0        0
        0        0        0        0        0        0        0        0        0        0
        0        0        0        0        0        0        0        0        0        0
        0        0        0        0        0        0        0        0        0        0
        0        0        0        0        0        0        0        0        0        0
        0        0        0        0        0        0        0        0        0        0
        0        0        0        0        0        0        0        0        0        0
        0        0        0        0        0        0        0        0        0        0
        0        0        0        0        0        0        0        0        0        0
        0        0        0        0        0        0        0        0        0        0
        0        0        0        0        0        0        0        0        0        0
        0        0        0        0        0        0        0        0        0        0
        0        0        0        0        0        0        0        0        0        0
        0        0        0        0        0        0        0        0        0        0
        0        0        0        0        0        0        0        0        0        0
        0        0        0        0        0        0        0        0        0        0
        0        0        0        0        0        0        0        0        0        0
        0        0        0        0        0        0        0        0        0        0
        0        0        0        0        0        0        0        0        0        0
        0        0        0        0        0        0        0        0        0        0
        0        0        0        0        0        0        0        0        0        0
        0        0        0        0        0        0        0        0        0        0
        0        0        0        0        0        0        0        0        0        0
        0        0        0        0        0        0        0        0        0        0
        0        0        0        0        0        0        0        0        0        0
        0        0        0        0        0        0        0        0        0        0
        0        0        0        0        0        0        0        0        0        0
        0        0        0        0        0        0        0        0        0        0
        0        0        0        0        0        0        0        0        0        0
        0        0        0        0        0        0        0        0        0        0
        0        0        0        0        0        0        0        0        0        0
        0        0        0        0        0        0        0        0        0        0
        0        0        0        0        0        0        0        0        0        0
        0        0        0        0        0        0        0        0        0        0
        0        0        0        0        0        0        0        0        0        0
        0        0        0        0        0        0        0        0        0        0
        0        0        0        0        0        0        0        0        0        0
        0        0        0        0        0        0        0        0        0        0
        0        0        0        0        0        0        0        0        0        0
        0        0        0        0        0        0        0        0        0        0

      inf   0.9126   0.9131   0.9129   0.9128   0.9126   0.9125   0.9122   0.9122   0.9120
      inf   0.9112   0.9104   0.9102   0.9103   0.9104   0.9103   0.9102   0.9100   0.9099
      inf   0.9090   0.9069   0.9071   0.9070   0.9075   0.9077   0.9077   0.9076   0.9077
      inf   0.9078   0.9073   0.9069   0.9067   0.9067   0.9066   0.9066   0.9066   0.9065
      inf   0.9038   0.9043   0.9046   0.9046   0.9048   0.9044   0.9042   0.9044   0.9043
      inf   0.9028   0.9018   0.9012   0.9016   0.9016   0.9020   0.9021   0.9022   0.9023
      inf   0.8995   0.9009   0.9011   0.9007   0.9007   0.9007   0.9004   0.9004   0.9003
      inf   0.8989   0.8991   0.8986   0.8997   0.8998   0.8999   0.8998   0.8995   0.8994
      inf   0.8975   0.8965   0.8967   0.8967   0.8967   0.8970   0.8973   0.8968   0.8970
      inf   0.8913   0.8942   0.8946   0.8942   0.8939   0.8941   0.8941   0.8942   0.8943
      inf   0.8890   0.8912   0.8921   0.8921   0.8921   0.8921   0.8919   0.8919   0.8921
      inf   0.8908   0.8906   0.8905   0.8908   0.8906   0.8905   0.8900   0.8900   0.8897
      inf   0.8855   0.8877   0.8870   0.8866   0.8873   0.8876   0.8881   0.8884   0.8879
      inf   0.8873   0.8843   0.8852   0.8865   0.8867   0.8867   0.8868   0.8866   0.8865
      inf   0.8854   0.8859   0.8850   0.8848   0.8851   0.8855   0.8856   0.8857   0.8854
      inf   0.8829   0.8816   0.8804   0.8814   0.8805   0.8803   0.8805   0.8807   0.8806
      inf   0.8733   0.8766   0.8776   0.8791   0.8789   0.8788   0.8787   0.8791   0.8790
      inf   0.8792   0.8792   0.8791   0.8783   0.8785   0.8782   0.8784   0.8779   0.8774
      inf   0.8772   0.8769   0.8745   0.8753   0.8741   0.8741   0.8736   0.8732   0.8733
      inf   0.8733   0.8729   0.8730   0.8732   0.8715   0.8712   0.8714   0.8717   0.8720
      inf   0.8681   0.8709   0.8694   0.8680   0.8689   0.8694   0.8695   0.8698   0.8699
      inf   0.8658   0.8658   0.8638   0.8651   0.8645   0.8652   0.8659   0.8663   0.8664
      inf   0.8648   0.8659   0.8649   0.8649   0.8643   0.8648   0.8633   0.8634   0.8637
      inf   0.8607   0.8624   0.8627   0.8619   0.8623   0.8623   0.8615   0.8608   0.8610
      inf   0.8569   0.8554   0.8562   0.8574   0.8578   0.8587   0.8590   0.8583   0.8584
      inf   0.8476   0.8527   0.8538   0.8545   0.8545   0.8542   0.8546   0.8533   0.8533
      inf   0.8381   0.8399   0.8444   0.8464   0.8474   0.8484   0.8483   0.8490   0.8491
      inf   0.8502   0.8485   0.8470   0.8474   0.8452   0.8453   0.8470   0.8471   0.8473
      inf   0.8453   0.8468   0.8448   0.8444   0.8454   0.8459   0.8450   0.8456   0.8446
      inf   0.8415   0.8402   0.8417   0.8423   0.8415   0.8415   0.8428   0.8425   0.8416
        0        0        0        0        0        0        0        0        0        0
        0        0        0        0        0        0        0        0        0        0
        0        0        0        0        0        0        0        0        0        0
        0        0        0        0        0        0        0        0        0        0
        0        0        0        0        0        0        0        0        0        0
        0        0        0        0        0        0        0        0        0        0
        0        0        0        0        0        0        0        0        0        0
        0        0        0        0        0        0        0        0        0        0
        0        0        0        0        0        0        0        0        0        0
        0        0        0        0        0        0        0        0        0        0
        0        0        0        0        0        0        0        0        0        0
        0        0        0        0        0        0        0        0        0        0
        0        0        0        0        0        0        0        0        0        0
        0        0        0        0        0        0        0        0        0        0
        0        0        0        0        0        0        0        0        0        0
        0        0        0        0        0        0        0        0        0        0
        0        0        0        0        0        0        0        0        0        0
        0        0        0        0        0        0        0        0        0        0
        0        0        0        0        0        0        0        0        0        0
        0        0        0        0        0        0        0        0        0        0
        0        0        0        0        0        0        0        0        0        0
        0        0        0        0        0        0        0        0        0        0
        0        0        0        0        0        0        0        0        0        0
        0        0        0        0        0        0        0        0        0        0
        0        0        0        0        0        0        0        0        0        0
        0        0        0        0        0        0        0        0        0        0
        0        0        0        0        0        0        0        0        0        0
        0        0        0        0        0        0        0        0        0        0
        0        0        0        0        0        0        0        0        0        0
        0        0        0        0        0        0        0        0        0        0
        0        0        0        0        0        0        0        0        0        0
        0        0        0        0        0        0        0        0        0        0
        0        0        0        0        0        0        0        0        0        0
        0        0        0        0        0        0        0        0        0        0
        0        0        0        0        0        0        0        0        0        0
        0        0        0        0        0        0        0        0        0        0
        0        0        0        0        0        0        0        0        0        0
        0        0        0        0        0        0        0        0        0        0
        0        0        0        0        0        0        0        0        0        0
        0        0        0        0        0        0        0        0        0        0
        0        0        0        0        0        0        0        0        0        0
        0        0        0        0        0        0        0        0        0        0
        0        0        0        0        0        0        0        0        0        0
        0        0        0        0        0        0        0        0        0        0
        0        0        0        0        0        0        0        0        0        0
        0        0        0        0        0        0        0        0        0        0
        0        0        0        0        0        0        0        0        0        0
        0        0        0        0        0        0        0        0        0        0
        0        0        0        0        0        0        0        0        0        0
        0        0        0        0        0        0        0        0        0        0
        0        0        0        0        0        0        0        0        0        0
        0        0        0        0        0        0        0        0        0        0
        0        0        0        0        0        0        0        0        0        0
        0        0        0        0        0        0        0        0        0        0
        0        0        0        0        0        0        0        0        0        0
        0        0        0        0        0        0        0        0        0        0
        0        0        0        0        0        0        0        0        0        0
        0        0        0        0        0        0        0        0        0        0
        0        0        0        0        0        0        0        0        0        0
        0        0        0        0        0        0        0        0        0        0
        0        0        0        0        0        0        0        0        0        0
        0        0        0        0        0        0        0        0        0        0
        0        0        0        0        0        0        0        0        0        0
        0        0        0        0        0        0        0        0        0        0
        0        0        0        0        0        0        0        0        0        0
        0        0        0        0        0        0        0        0        0        0
        0        0        0        0        0        0        0        0        0        0
        0        0        0        0        0        0        0        0        0        0
        0        0        0        0        0        0        0        0        0        0
        0        0        0        0        0        0        0        0        0        0
        0        0        0        0        0        0        0        0        0        0
        0        0        0        0        0        0        0        0        0        0
        0        0        0        0        0        0        0        0        0        0
        0        0        0        0        0        0        0        0        0        0
        0        0        0        0        0        0        0        0        0        0
        0        0        0        0        0        0        0        0        0        0
        0        0        0        0        0        0        0        0        0        0
        0        0        0        0        0        0        0        0        0        0
        0        0        0        0        0        0        0        0        0        0
        0        0        0        0        0        0        0        0        0        0
        0        0        0        0        0        0        0        0        0        0
        0        0        0        0        0        0        0        0        0        0
        0        0        0        0        0        0        0        0        0        0
        0        0        0        0        0        0        0        0        0        0
        0        0        0        0        0        0        0        0        0        0
        0        0        0        0        0        0        0        0        0        0
        0        0        0        0        0        0        0        0        0        0
        0        0        0        0        0        0        0        0        0        0
        0        0        0        0        0        0        0        0        0        0
        0        0        0        0        0        0        0        0        0        0

      inf   0.9126   0.9131   0.9129   0.9128   0.9126   0.9125   0.9122   0.9122   0.9120
      inf   0.9112   0.9104   0.9102   0.9103   0.9104   0.9103   0.9102   0.9100   0.9099
      inf   0.9090   0.9069   0.9071   0.9070   0.9075   0.9077   0.9077   0.9076   0.9077
      inf   0.9078   0.9073   0.9069   0.9067   0.9067   0.9066   0.9066   0.9066   0.9065
      inf   0.9038   0.9043   0.9046   0.9046   0.9048   0.9044   0.9042   0.9044   0.9043
      inf   0.9028   0.9018   0.9012   0.9016   0.9016   0.9020   0.9021   0.9022   0.9023
      inf   0.8995   0.9009   0.9011   0.9007   0.9007   0.9007   0.9004   0.9004   0.9003
      inf   0.8989   0.8991   0.8986   0.8997   0.8998   0.8999   0.8998   0.8995   0.8994
      inf   0.8975   0.8965   0.8967   0.8967   0.8967   0.8970   0.8973   0.8968   0.8970
      inf   0.8913   0.8942   0.8946   0.8942   0.8939   0.8941   0.8941   0.8942   0.8943
      inf   0.8890   0.8912   0.8921   0.8921   0.8921   0.8921   0.8919   0.8919   0.8921
      inf   0.8908   0.8906   0.8905   0.8908   0.8906   0.8905   0.8900   0.8900   0.8897
      inf   0.8855   0.8877   0.8870   0.8866   0.8873   0.8876   0.8881   0.8884   0.8879
      inf   0.8873   0.8843   0.8852   0.8865   0.8867   0.8867   0.8868   0.8866   0.8865
      inf   0.8854   0.8859   0.8850   0.8848   0.8851   0.8855   0.8856   0.8857   0.8854
      inf   0.8829   0.8816   0.8804   0.8814   0.8805   0.8803   0.8805   0.8807   0.8806
      inf   0.8733   0.8766   0.8776   0.8791   0.8789   0.8788   0.8787   0.8791   0.8790
      inf   0.8792   0.8792   0.8791   0.8783   0.8785   0.8782   0.8784   0.8779   0.8774
      inf   0.8772   0.8769   0.8745   0.8753   0.8741   0.8741   0.8736   0.8732   0.8733
      inf   0.8733   0.8729   0.8730   0.8732   0.8715   0.8712   0.8714   0.8717   0.8720
      inf   0.8681   0.8709   0.8694   0.8680   0.8689   0.8694   0.8695   0.8698   0.8699
      inf   0.8658   0.8658   0.8638   0.8651   0.8645   0.8652   0.8659   0.8663   0.8664
      inf   0.8648   0.8659   0.8649   0.8649   0.8643   0.8648   0.8633   0.8634   0.8637
      inf   0.8607   0.8624   0.8627   0.8619   0.8623   0.8623   0.8615   0.8608   0.8610
      inf   0.8569   0.8554   0.8562   0.8574   0.8578   0.8587   0.8590   0.8583   0.8584
      inf   0.8476   0.8527   0.8538   0.8545   0.8545   0.8542   0.8546   0.8533   0.8533
      inf   0.8381   0.8399   0.8444   0.8464   0.8474   0.8484   0.8483   0.8490   0.8491
      inf   0.8502   0.8485   0.8470   0.8474   0.8452   0.8453   0.8470   0.8471   0.8473
      inf   0.8453   0.8468   0.8448   0.8444   0.8454   0.8459   0.8450   0.8456   0.8446
      inf   0.8415   0.8402   0.8417   0.8423   0.8415   0.8415   0.8428   0.8425   0.8416
        0        0        0        0        0        0        0        0        0        0
        0        0        0        0        0        0        0        0        0        0
        0        0        0        0        0        0        0        0        0        0
        0        0        0        0        0        0        0        0        0        0
        0        0        0        0        0        0        0        0        0        0
        0        0        0        0        0        0        0        0        0        0
        0        0        0        0        0        0        0        0        0        0
        0        0        0        0        0        0        0        0        0        0
        0        0        0        0        0        0        0        0        0        0
        0        0        0        0        0        0        0        0        0        0
        0        0        0        0        0        0        0        0        0        0
        0        0        0        0        0        0        0        0        0        0
        0        0        0        0        0        0        0        0        0        0
        0        0        0        0        0        0        0        0        0        0
        0        0        0        0        0        0        0        0        0        0
        0        0        0        0        0        0        0        0        0        0
        0        0        0        0        0        0        0        0        0        0
        0        0        0        0        0        0        0        0        0        0
        0        0        0        0        0        0        0        0        0        0
        0        0        0        0        0        0        0        0        0        0
        0        0        0        0        0        0        0        0        0        0
        0        0        0        0        0        0        0        0        0        0
        0        0        0        0        0        0        0        0        0        0
        0        0        0        0        0        0        0        0        0        0
        0        0        0        0        0        0        0        0        0        0
        0        0        0        0        0        0        0        0        0        0
        0        0        0        0        0        0        0        0        0        0
        0        0        0        0        0        0        0        0        0        0
        0        0        0        0        0        0        0        0        0        0
        0        0        0        0        0        0        0        0        0        0
        0        0        0        0        0        0        0        0        0        0
        0        0        0        0        0        0        0        0        0        0
        0        0        0        0        0        0        0        0        0        0
        0        0        0        0        0        0        0        0        0        0
        0        0        0        0        0        0        0        0        0        0
        0        0        0        0        0        0        0        0        0        0
        0        0        0        0        0        0        0        0        0        0
        0        0        0        0        0        0        0        0        0        0
        0        0        0        0        0        0        0        0        0        0
        0        0        0        0        0        0        0        0        0        0
        0        0        0        0        0        0        0        0        0        0
        0        0        0        0        0        0        0        0        0        0
        0        0        0        0        0        0        0        0        0        0
        0        0        0        0        0        0        0        0        0        0
        0        0        0        0        0        0        0        0        0        0
        0        0        0        0        0        0        0        0        0        0
        0        0        0        0        0        0        0        0        0        0
        0        0        0        0        0        0        0        0        0        0
        0        0        0        0        0        0        0        0        0        0
        0        0        0        0        0        0        0        0        0        0
        0        0        0        0        0        0        0        0        0        0
        0        0        0        0        0        0        0        0        0        0
        0        0        0        0        0        0        0        0        0        0
        0        0        0        0        0        0        0        0        0        0
        0        0        0        0        0        0        0        0        0        0
        0        0        0        0        0        0        0        0        0        0
        0        0        0        0        0        0        0        0        0        0
        0        0        0        0        0        0        0        0        0        0
        0        0        0        0        0        0        0        0        0        0
        0        0        0        0        0        0        0        0        0        0
        0        0        0        0        0        0        0        0        0        0
        0        0        0        0        0        0        0        0        0        0
        0        0        0        0        0        0        0        0        0        0
        0        0        0        0        0        0        0        0        0        0
        0        0        0        0        0        0        0        0        0        0
        0        0        0        0        0        0        0        0        0        0
        0        0        0        0        0        0        0        0        0        0
        0        0        0        0        0        0        0        0        0        0
        0        0        0        0        0        0        0        0        0        0
        0        0        0        0        0        0        0        0        0        0
        0        0        0        0        0        0        0        0        0        0
        0        0        0        0        0        0        0        0        0        0
        0        0        0        0        0        0        0        0        0        0
        0        0        0        0        0        0        0        0        0        0
        0        0        0        0        0        0        0        0        0        0
        0        0        0        0        0        0        0        0        0        0
        0        0        0        0        0        0        0        0        0        0
        0        0        0        0        0        0        0        0        0        0
        0        0        0        0        0        0        0        0        0        0
        0        0        0        0        0        0        0        0        0        0
        0        0        0        0        0        0        0        0        0        0
        0        0        0        0        0        0        0        0        0        0
        0        0        0        0        0        0        0        0        0        0
        0        0        0        0        0        0        0        0        0        0
        0        0        0        0        0        0        0        0        0        0
        0        0        0        0        0        0        0        0        0        0
        0        0        0        0        0        0        0        0        0        0
        0        0        0        0        0        0        0        0        0        0
        0        0        0        0        0        0        0        0        0        0
        0        0        0        0        0        0        0        0        0        0

      nan   0.6714   0.6707   0.6916   0.6929   0.6945   0.6943   0.7071   0.7081   0.7134
      nan   0.6943   0.7101   0.7121   0.7200   0.7171   0.7215   0.7240   0.7282   0.7275
      nan   0.7992   0.7929   0.7675   0.7617   0.7576   0.7508   0.7489   0.7535   0.7523
      nan   0.7095   0.7377   0.7527   0.7520   0.7482   0.7470   0.7479   0.7523   0.7570
      nan   0.7057   0.7332   0.7542   0.7392   0.7437   0.7490   0.7439   0.7438   0.7500
      nan   0.7761   0.7850   0.8075   0.7951   0.7956   0.7915   0.7870   0.7771   0.7744
      nan   0.8103   0.8554   0.8348   0.8340   0.8379   0.8274   0.8259   0.8187   0.8044
      nan   0.7963   0.8100   0.7865   0.7857   0.7918   0.7844   0.7775   0.7770   0.7879
      nan   0.8033   0.8052   0.7950   0.7901   0.8114   0.7991   0.7967   0.8024   0.7995
      nan   0.7845   0.8241   0.8357   0.8152   0.8291   0.8224   0.8185   0.8161   0.8167
      nan   0.8581   0.8331   0.8095   0.8112   0.8305   0.8337   0.8328   0.8369   0.8378
      nan   0.8317   0.8342   0.8413   0.8291   0.8365   0.8189   0.8274   0.8258   0.8249
      nan   0.8271   0.8297   0.8473   0.8503   0.8484   0.8473   0.8458   0.8381   0.8438
      nan   0.8443   0.9242   0.9112   0.9183   0.9118   0.8977   0.8987   0.9044   0.8955
      nan   0.8259   0.8349   0.8725   0.8382   0.8428   0.8398   0.8438   0.8397   0.8384
      nan   0.8671   0.9009   0.8927   0.8735   0.8765   0.8837   0.8821   0.8794   0.8886
      nan   0.9805   0.9275   0.9019   0.8989   0.8969   0.8895   0.8944   0.8908   0.8872
      nan   0.9723   0.9292   0.9221   0.9065   0.9051   0.9072   0.9059   0.9144   0.9203
      nan   0.9073   0.9034   0.9175   0.9142   0.9428   0.9444   0.9303   0.9315   0.9292
      nan   0.9398   0.9448   0.9248   0.9462   0.9897   0.9951   0.9937   0.9828   0.9772
      nan   1.0181   0.9475   0.9572   0.9607   0.9690   0.9600   0.9525   0.9490   0.9457
      nan   0.9684   0.9238   0.9895   0.9680   0.9687   0.9521   0.9428   0.9383   0.9452
      nan   0.8648   0.8721   0.9257   0.9407   0.9398   0.9408   0.9650   0.9748   0.9627
      nan   0.9595   0.9760   0.9612   0.9645   0.9629   0.9645   0.9646   0.9818   0.9770
      nan   0.9791   1.0159   1.0016   0.9864   0.9963   0.9766   0.9799   1.0149   1.0063
      nan   1.2043   1.1080   1.0907   1.0734   1.0664   1.0872   1.0783   1.0799   1.0647
      nan   1.2162   1.1506   1.1250   1.0760   1.0687   1.0644   1.0818   1.0791   1.0758
      nan   0.9778   1.0220   1.0628   1.0431   1.0795   1.0592   1.0512   1.0471   1.0511
      nan   1.2529   1.1550   1.1136   1.0937   1.0668   1.0656   1.0585   1.0472   1.0545
      nan   1.0669   1.0867   1.0476   1.0542   1.0965   1.0975   1.0914   1.1052   1.1052
        0        0        0        0        0        0        0        0        0        0
        0        0        0        0        0        0        0        0        0        0
        0        0        0        0        0        0        0        0        0        0
        0        0        0        0        0        0        0        0        0        0
        0        0        0        0        0        0        0        0        0        0
        0        0        0        0        0        0        0        0        0        0
        0        0        0        0        0        0        0        0        0        0
        0        0        0        0        0        0        0        0        0        0
        0        0        0        0        0        0        0        0        0        0
        0        0        0        0        0        0        0        0        0        0
        0        0        0        0        0        0        0        0        0        0
        0        0        0        0        0        0        0        0        0        0
        0        0        0        0        0        0        0        0        0        0
        0        0        0        0        0        0        0        0        0        0
        0        0        0        0        0        0        0        0        0        0
        0        0        0        0        0        0        0        0        0        0
        0        0        0        0        0        0        0        0        0        0
        0        0        0        0        0        0        0        0        0        0
        0        0        0        0        0        0        0        0        0        0
        0        0        0        0        0        0        0        0        0        0
        0        0        0        0        0        0        0        0        0        0
        0        0        0        0        0        0        0        0        0        0
        0        0        0        0        0        0        0        0        0        0
        0        0        0        0        0        0        0        0        0        0
        0        0        0        0        0        0        0        0        0        0
        0        0        0        0        0        0        0        0        0        0
        0        0        0        0        0        0        0        0        0        0
        0        0        0        0        0        0        0        0        0        0
        0        0        0        0        0        0        0        0        0        0
        0        0        0        0        0        0        0        0        0        0
        0        0        0        0        0        0        0        0        0        0
        0        0        0        0        0        0        0        0        0        0
        0        0        0        0        0        0        0        0        0        0
        0        0        0        0        0        0        0        0        0        0
        0        0        0        0        0        0        0        0        0        0
        0        0        0        0        0        0        0        0        0        0
        0        0        0        0        0        0        0        0        0        0
        0        0        0        0        0        0        0        0        0        0
        0        0        0        0        0        0        0        0        0        0
        0        0        0        0        0        0        0        0        0        0
        0        0        0        0        0        0        0        0        0        0
        0        0        0        0        0        0        0        0        0        0
        0        0        0        0        0        0        0        0        0        0
        0        0        0        0        0        0        0        0        0        0
        0        0        0        0        0        0        0        0        0        0
        0        0        0        0        0        0        0        0        0        0
        0        0        0        0        0        0        0        0        0        0
        0        0        0        0        0        0        0        0        0        0
        0        0        0        0        0        0        0        0        0        0
        0        0        0        0        0        0        0        0        0        0
        0        0        0        0        0        0        0        0        0        0
        0        0        0        0        0        0        0        0        0        0
        0        0        0        0        0        0        0        0        0        0
        0        0        0        0        0        0        0        0        0        0
        0        0        0        0        0        0        0        0        0        0
        0        0        0        0        0        0        0        0        0        0
        0        0        0        0        0        0        0        0        0        0
        0        0        0        0        0        0        0        0        0        0
        0        0        0        0        0        0        0        0        0        0
        0        0        0        0        0        0        0        0        0        0
        0        0        0        0        0        0        0        0        0        0
        0        0        0        0        0        0        0        0        0        0
        0        0        0        0        0        0        0        0        0        0
        0        0        0        0        0        0        0        0        0        0
        0        0        0        0        0        0        0        0        0        0
        0        0        0        0        0        0        0        0        0        0
        0        0        0        0        0        0        0        0        0        0
        0        0        0        0        0        0        0        0        0        0
        0        0        0        0        0        0        0        0        0        0
        0        0        0        0        0        0        0        0        0        0
        0        0        0        0        0        0        0        0        0        0
        0        0        0        0        0        0        0        0        0        0
        0        0        0        0        0        0        0        0        0        0
        0        0        0        0        0        0        0        0        0        0
        0        0        0        0        0        0        0        0        0        0
        0        0        0        0        0        0        0        0        0        0
        0        0        0        0        0        0        0        0        0        0
        0        0        0        0        0        0        0        0        0        0
        0        0        0        0        0        0        0        0        0        0
        0        0        0        0        0        0        0        0        0        0
        0        0        0        0        0        0        0        0        0        0
        0        0        0        0        0        0        0        0        0        0
        0        0        0        0        0        0        0        0        0        0
        0        0        0        0        0        0        0        0        0        0
        0        0        0        0        0        0        0        0        0        0
        0        0        0        0        0        0        0        0        0        0
        0        0        0        0        0        0        0        0        0        0
        0        0        0        0        0        0        0        0        0        0
        0        0        0        0        0        0        0        0        0        0
        0        0        0        0        0        0        0        0        0        0

      nan   0.3268   0.3271   0.3300   0.3336   0.3341   0.3396   0.3500   0.3472   0.3525
      nan   0.3447   0.3653   0.3635   0.3588   0.3576   0.3718   0.3770   0.3787   0.3808
      nan   0.4313   0.4730   0.4391   0.4373   0.4223   0.4159   0.4225   0.4253   0.4222
      nan   0.3850   0.4013   0.4138   0.4099   0.4041   0.4011   0.4089   0.4140   0.4221
      nan   0.4222   0.4014   0.4199   0.4134   0.4157   0.4271   0.4196   0.4164   0.4235
      nan   0.4491   0.5153   0.5555   0.5304   0.5186   0.5049   0.4916   0.4779   0.4718
      nan   0.5502   0.5724   0.5519   0.5389   0.5402   0.5297   0.5248   0.5124   0.5101
      nan   0.5116   0.5111   0.5150   0.5033   0.4954   0.4860   0.4773   0.4776   0.4800
      nan   0.4685   0.5183   0.5135   0.5016   0.5225   0.5017   0.4978   0.5274   0.5249
      nan   0.5638   0.5309   0.5378   0.5357   0.5658   0.5579   0.5489   0.5410   0.5459
      nan   1.2453   0.9032   0.7563   0.6979   0.6988   0.6772   0.6860   0.6706   0.6650
      nan   0.6940   0.6729   0.6596   0.6069   0.6280   0.5964   0.6150   0.6113   0.6593
      nan   0.5944   0.5857   0.6694   0.6783   0.6509   0.6311   0.6202   0.6063   0.6200
      nan   0.5728   0.7569   0.7221   0.7091   0.6886   0.6644   0.6572   0.6565   0.6516
      nan   0.5785   0.6143   0.6943   0.6578   0.6532   0.6409   0.6290   0.6176   0.6205
      nan   0.5462   0.6518   0.7445   0.7130   0.7748   0.7903   0.7659   0.7572   0.7954
      nan   1.7979   1.2001   1.0044   0.9099   0.8851   0.8607   0.8382   0.8199   0.8037
      nan   0.8183   0.7248   0.7219   0.7533   0.7307   0.7253   0.7099   0.7352   0.7670
      nan   0.7280   0.6964   0.8385   0.8121   0.9118   0.8788   0.8731   0.8785   0.8701
      nan   0.7255   0.7917   0.7650   0.7991   0.9951   1.0089   0.9771   0.9489   0.9277
      nan   0.9533   0.8043   0.8948   0.9182   0.8931   0.8771   0.8679   0.8587   0.8382
      nan   0.8882   0.8442   1.1560   1.0580   1.0648   1.0202   0.9743   0.9475   0.9598
      nan   0.8273   0.7345   0.8155   0.8058   0.8681   0.8672   1.0056   1.0246   1.0025
      nan   1.0262   1.0053   0.9149   0.9187   0.8842   0.9006   0.9446   1.0213   1.0020
      nan   1.0021   1.2233   1.1477   1.0905   1.0850   1.0328   1.0025   1.1201   1.0896
      nan   1.9767   1.5101   1.3758   1.3048   1.2826   1.3263   1.2599   1.3301   1.2970
      nan   2.8128   2.3078   1.9727   1.7292   1.6437   1.5843   1.5554   1.5225   1.4815
      nan   1.1226   1.1451   1.3597   1.2838   1.5082   1.4518   1.3917   1.3749   1.3627
      nan   1.4807   1.3203   1.3187   1.3272   1.2436   1.2291   1.2590   1.2271   1.3049
      nan   1.2729   1.4261   1.3071   1.2967   1.3775   1.4364   1.3870   1.3794   1.4178
        0        0        0        0        0        0        0        0        0        0
        0        0        0        0        0        0        0        0        0        0
        0        0        0        0        0        0        0        0        0        0
        0        0        0        0        0        0        0        0        0        0
        0        0        0        0        0        0        0        0        0        0
        0        0        0        0        0        0        0        0        0        0
        0        0        0        0        0        0        0        0        0        0
        0        0        0        0        0        0        0        0        0        0
        0        0        0        0        0        0        0        0        0        0
        0        0        0        0        0        0        0        0        0        0
        0        0        0        0        0        0        0        0        0        0
        0        0        0        0        0        0        0        0        0        0
        0        0        0        0        0        0        0        0        0        0
        0        0        0        0        0        0        0        0        0        0
        0        0        0        0        0        0        0        0        0        0
        0        0        0        0        0        0        0        0        0        0
        0        0        0        0        0        0        0        0        0        0
        0        0        0        0        0        0        0        0        0        0
        0        0        0        0        0        0        0        0        0        0
        0        0        0        0        0        0        0        0        0        0
        0        0        0        0        0        0        0        0        0        0
        0        0        0        0        0        0        0        0        0        0
        0        0        0        0        0        0        0        0        0        0
        0        0        0        0        0        0        0        0        0        0
        0        0        0        0        0        0        0        0        0        0
        0        0        0        0        0        0        0        0        0        0
        0        0        0        0        0        0        0        0        0        0
        0        0        0        0        0        0        0        0        0        0
        0        0        0        0        0        0        0        0        0        0
        0        0        0        0        0        0        0        0        0        0
        0        0        0        0        0        0        0        0        0        0
        0        0        0        0        0        0        0        0        0        0
        0        0        0        0        0        0        0        0        0        0
        0        0        0        0        0        0        0        0        0        0
        0        0        0        0        0        0        0        0        0        0
        0        0        0        0        0        0        0        0        0        0
        0        0        0        0        0        0        0        0        0        0
        0        0        0        0        0        0        0        0        0        0
        0        0        0        0        0        0        0        0        0        0
        0        0        0        0        0        0        0        0        0        0
        0        0        0        0        0        0        0        0        0        0
        0        0        0        0        0        0        0        0        0        0
        0        0        0        0        0        0        0        0        0        0
        0        0        0        0        0        0        0        0        0        0
        0        0        0        0        0        0        0        0        0        0
        0        0        0        0        0        0        0        0        0        0
        0        0        0        0        0        0        0        0        0        0
        0        0        0        0        0        0        0        0        0        0
        0        0        0        0        0        0        0        0        0        0
        0        0        0        0        0        0        0        0        0        0
        0        0        0        0        0        0        0        0        0        0
        0        0        0        0        0        0        0        0        0        0
        0        0        0        0        0        0        0        0        0        0
        0        0        0        0        0        0        0        0        0        0
        0        0        0        0        0        0        0        0        0        0
        0        0        0        0        0        0        0        0        0        0
        0        0        0        0        0        0        0        0        0        0
        0        0        0        0        0        0        0        0        0        0
        0        0        0        0        0        0        0        0        0        0
        0        0        0        0        0        0        0        0        0        0
        0        0        0        0        0        0        0        0        0        0
        0        0        0        0        0        0        0        0        0        0
        0        0        0        0        0        0        0        0        0        0
        0        0        0        0        0        0        0        0        0        0
        0        0        0        0        0        0        0        0        0        0
        0        0        0        0        0        0        0        0        0        0
        0        0        0        0        0        0        0        0        0        0
        0        0        0        0        0        0        0        0        0        0
        0        0        0        0        0        0        0        0        0        0
        0        0        0        0        0        0        0        0        0        0
        0        0        0        0        0        0        0        0        0        0
        0        0        0        0        0        0        0        0        0        0
        0        0        0        0        0        0        0        0        0        0
        0        0        0        0        0        0        0        0        0        0
        0        0        0        0        0        0        0        0        0        0
        0        0        0        0        0        0        0        0        0        0
        0        0        0        0        0        0        0        0        0        0
        0        0        0        0        0        0        0        0        0        0
        0        0        0        0        0        0        0        0        0        0
        0        0        0        0        0        0        0        0        0        0
        0        0        0        0        0        0        0        0        0        0
        0        0        0        0        0        0        0        0        0        0
        0        0        0        0        0        0        0        0        0        0
        0        0        0        0        0        0        0        0        0        0
        0        0        0        0        0        0        0        0        0        0
        0        0        0        0        0        0        0        0        0        0
        0        0        0        0        0        0        0        0        0        0
        0        0        0        0        0        0        0        0        0        0
        0        0        0        0        0        0        0        0        0        0
        0        0        0        0        0        0        0        0        0        0

      nan   0.3268   0.3271   0.3300   0.3336   0.3341   0.3396   0.3500   0.3472   0.3525
      nan   0.3447   0.3653   0.3635   0.3588   0.3576   0.3718   0.3770   0.3787   0.3808
      nan   0.4313   0.4730   0.4391   0.4373   0.4223   0.4159   0.4225   0.4253   0.4222
      nan   0.3850   0.4013   0.4138   0.4099   0.4041   0.4011   0.4089   0.4140   0.4221
      nan   0.4222   0.4014   0.4199   0.4134   0.4157   0.4271   0.4196   0.4164   0.4235
      nan   0.4491   0.5153   0.5555   0.5304   0.5186   0.5049   0.4916   0.4779   0.4718
      nan   0.5502   0.5724   0.5519   0.5389   0.5402   0.5297   0.5248   0.5124   0.5101
      nan   0.5116   0.5111   0.5150   0.5033   0.4954   0.4860   0.4773   0.4776   0.4800
      nan   0.4685   0.5183   0.5135   0.5016   0.5225   0.5017   0.4978   0.5274   0.5249
      nan   0.5638   0.5309   0.5378   0.5357   0.5658   0.5579   0.5489   0.5410   0.5459
      nan   1.2453   0.9032   0.7563   0.6979   0.6988   0.6772   0.6860   0.6706   0.6650
      nan   0.6940   0.6729   0.6596   0.6069   0.6280   0.5964   0.6150   0.6113   0.6593
      nan   0.5944   0.5857   0.6694   0.6783   0.6509   0.6311   0.6202   0.6063   0.6200
      nan   0.5728   0.7569   0.7221   0.7091   0.6886   0.6644   0.6572   0.6565   0.6516
      nan   0.5785   0.6143   0.6943   0.6578   0.6532   0.6409   0.6290   0.6176   0.6205
      nan   0.5462   0.6518   0.7445   0.7130   0.7748   0.7903   0.7659   0.7572   0.7954
      nan   1.7979   1.2001   1.0044   0.9099   0.8851   0.8607   0.8382   0.8199   0.8037
      nan   0.8183   0.7248   0.7219   0.7533   0.7307   0.7253   0.7099   0.7352   0.7670
      nan   0.7280   0.6964   0.8385   0.8121   0.9118   0.8788   0.8731   0.8785   0.8701
      nan   0.7255   0.7917   0.7650   0.7991   0.9951   1.0089   0.9771   0.9489   0.9277
      nan   0.9533   0.8043   0.8948   0.9182   0.8931   0.8771   0.8679   0.8587   0.8382
      nan   0.8882   0.8442   1.1560   1.0580   1.0648   1.0202   0.9743   0.9475   0.9598
      nan   0.8273   0.7345   0.8155   0.8058   0.8681   0.8672   1.0056   1.0246   1.0025
      nan   1.0262   1.0053   0.9149   0.9187   0.8842   0.9006   0.9446   1.0213   1.0020
      nan   1.0021   1.2233   1.1477   1.0905   1.0850   1.0328   1.0025   1.1201   1.0896
      nan   1.9767   1.5101   1.3758   1.3048   1.2826   1.3263   1.2599   1.3301   1.2970
      nan   2.8128   2.3078   1.9727   1.7292   1.6437   1.5843   1.5554   1.5225   1.4815
      nan   1.1226   1.1451   1.3597   1.2838   1.5082   1.4518   1.3917   1.3749   1.3627
      nan   1.4807   1.3203   1.3187   1.3272   1.2436   1.2291   1.2590   1.2271   1.3049
      nan   1.2729   1.4261   1.3071   1.2967   1.3775   1.4364   1.3870   1.3794   1.4178
        0        0        0        0        0        0        0        0        0        0
        0        0        0        0        0        0        0        0        0        0
        0        0        0        0        0        0        0        0        0        0
        0        0        0        0        0        0        0        0        0        0
        0        0        0        0        0        0        0        0        0        0
        0        0        0        0        0        0        0        0        0        0
        0        0        0        0        0        0        0        0        0        0
        0        0        0        0        0        0        0        0        0        0
        0        0        0        0        0        0        0        0        0        0
        0        0        0        0        0        0        0        0        0        0
        0        0        0        0        0        0        0        0        0        0
        0        0        0        0        0        0        0        0        0        0
        0        0        0        0        0        0        0        0        0        0
        0        0        0        0        0        0        0        0        0        0
        0        0        0        0        0        0        0        0        0        0
        0        0        0        0        0        0        0        0        0        0
        0        0        0        0        0        0        0        0        0        0
        0        0        0        0        0        0        0        0        0        0
        0        0        0        0        0        0        0        0        0        0
        0        0        0        0        0        0        0        0        0        0
        0        0        0        0        0        0        0        0        0        0
        0        0        0        0        0        0        0        0        0        0
        0        0        0        0        0        0        0        0        0        0
        0        0        0        0        0        0        0        0        0        0
        0        0        0        0        0        0        0        0        0        0
        0        0        0        0        0        0        0        0        0        0
        0        0        0        0        0        0        0        0        0        0
        0        0        0        0        0        0        0        0        0        0
        0        0        0        0        0        0        0        0        0        0
        0        0        0        0        0        0        0        0        0        0
        0        0        0        0        0        0        0        0        0        0
        0        0        0        0        0        0        0        0        0        0
        0        0        0        0        0        0        0        0        0        0
        0        0        0        0        0        0        0        0        0        0
        0        0        0        0        0        0        0        0        0        0
        0        0        0        0        0        0        0        0        0        0
        0        0        0        0        0        0        0        0        0        0
        0        0        0        0        0        0        0        0        0        0
        0        0        0        0        0        0        0        0        0        0
        0        0        0        0        0        0        0        0        0        0
        0        0        0        0        0        0        0        0        0        0
        0        0        0        0        0        0        0        0        0        0
        0        0        0        0        0        0        0        0        0        0
        0        0        0        0        0        0        0        0        0        0
        0        0        0        0        0        0        0        0        0        0
        0        0        0        0        0        0        0        0        0        0
        0        0        0        0        0        0        0        0        0        0
        0        0        0        0        0        0        0        0        0        0
        0        0        0        0        0        0        0        0        0        0
        0        0        0        0        0        0        0        0        0        0
        0        0        0        0        0        0        0        0        0        0
        0        0        0        0        0        0        0        0        0        0
        0        0        0        0        0        0        0        0        0        0
        0        0        0        0        0        0        0        0        0        0
        0        0        0        0        0        0        0        0        0        0
        0        0        0        0        0        0        0        0        0        0
        0        0        0        0        0        0        0        0        0        0
        0        0        0        0        0        0        0        0        0        0
        0        0        0        0        0        0        0        0        0        0
        0        0        0        0        0        0        0        0        0        0
        0        0        0        0        0        0        0        0        0        0
        0        0        0        0        0        0        0        0        0        0
        0        0        0        0        0        0        0        0        0        0
        0        0        0        0        0        0        0        0        0        0
        0        0        0        0        0        0        0        0        0        0
        0        0        0        0        0        0        0        0        0        0
        0        0        0        0        0        0        0        0        0        0
        0        0        0        0        0        0        0        0        0        0
        0        0        0        0        0        0        0        0        0        0
        0        0        0        0        0        0        0        0        0        0
        0        0        0        0        0        0        0        0        0        0
        0        0        0        0        0        0        0        0        0        0
        0        0        0        0        0        0        0        0        0        0
        0        0        0        0        0        0        0        0        0        0
        0        0        0        0        0        0        0        0        0        0
        0        0        0        0        0        0        0        0        0        0
        0        0        0        0        0        0        0        0        0        0
        0        0        0        0        0        0        0        0        0        0
        0        0        0        0        0        0        0        0        0        0
        0        0        0        0        0        0        0        0        0        0
        0        0        0        0        0        0        0        0        0        0
        0        0        0        0        0        0        0        0        0        0
        0        0        0        0        0        0        0        0        0        0
        0        0        0        0        0        0        0        0        0        0
        0        0        0        0        0        0        0        0        0        0
        0        0        0        0        0        0        0        0        0        0
        0        0        0        0        0        0        0        0        0        0
        0        0        0        0        0        0        0        0        0        0
        0        0        0        0        0        0        0        0        0        0
        0        0        0        0        0        0        0        0        0        0

      inf   0.1569   0.1175   0.1047   0.0981   0.0943   0.0916   0.0899   0.0886   0.0876
      inf   0.1595   0.1199   0.1067   0.1001   0.0961   0.0934   0.0915   0.0902   0.0892
      inf   0.1634   0.1232   0.1094   0.1026   0.0983   0.0955   0.0935   0.0921   0.0909
      inf   0.1652   0.1239   0.1103   0.1036   0.0994   0.0967   0.0947   0.0932   0.0921
      inf   0.1681   0.1263   0.1121   0.1052   0.1009   0.0983   0.0964   0.0948   0.0937
      inf   0.1715   0.1288   0.1148   0.1075   0.1033   0.1002   0.0981   0.0965   0.0953
      inf   0.1741   0.1301   0.1157   0.1087   0.1043   0.1014   0.0995   0.0981   0.0968
      inf   0.1757   0.1319   0.1174   0.1097   0.1053   0.1024   0.1004   0.0989   0.0977
      inf   0.1794   0.1346   0.1196   0.1122   0.1077   0.1046   0.1024   0.1009   0.0996
      inf   0.1841   0.1372   0.1220   0.1144   0.1098   0.1067   0.1046   0.1029   0.1016
      inf   0.1848   0.1385   0.1231   0.1155   0.1110   0.1080   0.1059   0.1043   0.1029
      inf   0.1877   0.1409   0.1253   0.1175   0.1128   0.1098   0.1077   0.1060   0.1048
      inf   0.1912   0.1432   0.1275   0.1198   0.1148   0.1117   0.1093   0.1074   0.1063
      inf   0.1933   0.1459   0.1295   0.1211   0.1163   0.1131   0.1107   0.1091   0.1079
      inf   0.1975   0.1476   0.1312   0.1230   0.1179   0.1145   0.1121   0.1103   0.1090
      inf   0.2016   0.1512   0.1344   0.1255   0.1207   0.1174   0.1149   0.1131   0.1117
      inf   0.2053   0.1535   0.1363   0.1273   0.1223   0.1189   0.1165   0.1145   0.1132
      inf   0.2053   0.1540   0.1369   0.1284   0.1233   0.1200   0.1175   0.1159   0.1146
      inf   0.2094   0.1569   0.1400   0.1310   0.1261   0.1226   0.1202   0.1185   0.1170
      inf   0.2129   0.1598   0.1420   0.1330   0.1280   0.1246   0.1220   0.1200   0.1185
      inf   0.2164   0.1617   0.1441   0.1356   0.1300   0.1263   0.1237   0.1216   0.1201
      inf   0.2224   0.1665   0.1482   0.1385   0.1330   0.1290   0.1261   0.1240   0.1224
      inf   0.2235   0.1675   0.1492   0.1398   0.1342   0.1303   0.1279   0.1258   0.1242
      inf   0.2262   0.1692   0.1506   0.1415   0.1358   0.1321   0.1296   0.1277   0.1261
      inf   0.2314   0.1737   0.1542   0.1442   0.1383   0.1342   0.1314   0.1294   0.1279
      inf   0.2364   0.1764   0.1566   0.1467   0.1408   0.1370   0.1341   0.1322   0.1307
      inf   0.2415   0.1817   0.1607   0.1504   0.1441   0.1397   0.1369   0.1346   0.1330
      inf   0.2425   0.1819   0.1619   0.1516   0.1461   0.1420   0.1387   0.1365   0.1348
      inf   0.2466   0.1847   0.1648   0.1544   0.1479   0.1436   0.1409   0.1384   0.1368
      inf   0.2488   0.1872   0.1661   0.1557   0.1498   0.1455   0.1421   0.1400   0.1385
        0        0        0        0        0        0        0        0        0        0
        0        0        0        0        0        0        0        0        0        0
        0        0        0        0        0        0        0        0        0        0
        0        0        0        0        0        0        0        0        0        0
        0        0        0        0        0        0        0        0        0        0
        0        0        0        0        0        0        0        0        0        0
        0        0        0        0        0        0        0        0        0        0
        0        0        0        0        0        0        0        0        0        0
        0        0        0        0        0        0        0        0        0        0
        0        0        0        0        0        0        0        0        0        0
        0        0        0        0        0        0        0        0        0        0
        0        0        0        0        0        0        0        0        0        0
        0        0        0        0        0        0        0        0        0        0
        0        0        0        0        0        0        0        0        0        0
        0        0        0        0        0        0        0        0        0        0
        0        0        0        0        0        0        0        0        0        0
        0        0        0        0        0        0        0        0        0        0
        0        0        0        0        0        0        0        0        0        0
        0        0        0        0        0        0        0        0        0        0
        0        0        0        0        0        0        0        0        0        0
        0        0        0        0        0        0        0        0        0        0
        0        0        0        0        0        0        0        0        0        0
        0        0        0        0        0        0        0        0        0        0
        0        0        0        0        0        0        0        0        0        0
        0        0        0        0        0        0        0        0        0        0
        0        0        0        0        0        0        0        0        0        0
        0        0        0        0        0        0        0        0        0        0
        0        0        0        0        0        0        0        0        0        0
        0        0        0        0        0        0        0        0        0        0
        0        0        0        0        0        0        0        0        0        0
        0        0        0        0        0        0        0        0        0        0
        0        0        0        0        0        0        0        0        0        0
        0        0        0        0        0        0        0        0        0        0
        0        0        0        0        0        0        0        0        0        0
        0        0        0        0        0        0        0        0        0        0
        0        0        0        0        0        0        0        0        0        0
        0        0        0        0        0        0        0        0        0        0
        0        0        0        0        0        0        0        0        0        0
        0        0        0        0        0        0        0        0        0        0
        0        0        0        0        0        0        0        0        0        0
        0        0        0        0        0        0        0        0        0        0
        0        0        0        0        0        0        0        0        0        0
        0        0        0        0        0        0        0        0        0        0
        0        0        0        0        0        0        0        0        0        0
        0        0        0        0        0        0        0        0        0        0
        0        0        0        0        0        0        0        0        0        0
        0        0        0        0        0        0        0        0        0        0
        0        0        0        0        0        0        0        0        0        0
        0        0        0        0        0        0        0        0        0        0
        0        0        0        0        0        0        0        0        0        0
        0        0        0        0        0        0        0        0        0        0
        0        0        0        0        0        0        0        0        0        0
        0        0        0        0        0        0        0        0        0        0
        0        0        0        0        0        0        0        0        0        0
        0        0        0        0        0        0        0        0        0        0
        0        0        0        0        0        0        0        0        0        0
        0        0        0        0        0        0        0        0        0        0
        0        0        0        0        0        0        0        0        0        0
        0        0        0        0        0        0        0        0        0        0
        0        0        0        0        0        0        0        0        0        0
        0        0        0        0        0        0        0        0        0        0
        0        0        0        0        0        0        0        0        0        0
        0        0        0        0        0        0        0        0        0        0
        0        0        0        0        0        0        0        0        0        0
        0        0        0        0        0        0        0        0        0        0
        0        0        0        0        0        0        0        0        0        0
        0        0        0        0        0        0        0        0        0        0
        0        0        0        0        0        0        0        0        0        0
        0        0        0        0        0        0        0        0        0        0
        0        0        0        0        0        0        0        0        0        0
        0        0        0        0        0        0        0        0        0        0
        0        0        0        0        0        0        0        0        0        0
        0        0        0        0        0        0        0        0        0        0
        0        0        0        0        0        0        0        0        0        0
        0        0        0        0        0        0        0        0        0        0
        0        0        0        0        0        0        0        0        0        0
        0        0        0        0        0        0        0        0        0        0
        0        0        0        0        0        0        0        0        0        0
        0        0        0        0        0        0        0        0        0        0
        0        0        0        0        0        0        0        0        0        0
        0        0        0        0        0        0        0        0        0        0
        0        0        0        0        0        0        0        0        0        0
        0        0        0        0        0        0        0        0        0        0
        0        0        0        0        0        0        0        0        0        0
        0        0        0        0        0        0        0        0        0        0
        0        0        0        0        0        0        0        0        0        0
        0        0        0        0        0        0        0        0        0        0
        0        0        0        0        0        0        0        0        0        0
        0        0        0        0        0        0        0        0        0        0
        0        0        0        0        0        0        0        0        0        0

