   2.0000
   2.0500
   2.1000
   2.1500
   2.2000
   2.2500
   2.3000

  -3.1468e+03  -1.5308e+03  -1.0102e+03  -7.4272e+02  -5.9154e+02  -4.8396e+02  -4.0449e+02  -3.4774e+02  -3.0590e+02  -2.7686e+02  -2.5561e+02  -2.3379e+02  -2.1564e+02  -1.9948e+02  -1.8471e+02  -1.7803e+02  -1.6955e+02  -1.5749e+02  -1.5028e+02  -1.3815e+02  -1.3307e+02  -1.2761e+02  -1.2065e+02  -1.1810e+02  -1.1370e+02  -1.0833e+02  -1.0271e+02  -9.7532e+01  -9.6839e+01  -9.5964e+01  -9.3179e+01  -8.8035e+01  -8.5876e+01  -8.2052e+01  -7.9134e+01  -7.7764e+01  -7.6871e+01  -7.4239e+01  -7.1636e+01  -6.9741e+01  -6.8504e+01  -6.8508e+01  -6.8094e+01  -6.5932e+01  -6.3972e+01  -6.2380e+01  -6.0201e+01  -5.9015e+01  -5.7454e+01  -5.7060e+01  -5.5455e+01  -5.3984e+01  -5.2794e+01  -5.1584e+01  -5.0846e+01  -5.0493e+01  -4.9732e+01  -4.8418e+01  -4.8529e+01  -4.6801e+01  -4.6336e+01  -4.6720e+01  -4.5945e+01  -4.5197e+01  -4.4268e+01  -4.3592e+01  -4.2346e+01  -4.1774e+01  -4.0916e+01  -3.9662e+01  -3.8681e+01  -3.7980e+01  -3.7393e+01  -3.6907e+01  -3.5910e+01  -3.5559e+01  -3.5253e+01  -3.4836e+01  -3.4877e+01  -3.4942e+01  -3.4034e+01  -3.4025e+01  -3.4017e+01  -3.3366e+01  -3.3072e+01  -3.2671e+01  -3.1716e+01  -3.1178e+01  -3.0769e+01  -3.0409e+01  -3.0196e+01  -2.9781e+01  -2.9458e+01  -2.9483e+01  -2.9133e+01  -2.9003e+01  -2.8775e+01  -2.8187e+01  -2.8197e+01  -2.7891e+01
  -3.1055e+03  -1.4918e+03  -9.7857e+02  -7.3755e+02  -5.8352e+02  -4.8962e+02  -4.1868e+02  -3.6073e+02  -3.1945e+02  -2.8186e+02  -2.5436e+02  -2.3495e+02  -2.1581e+02  -1.9487e+02  -1.8235e+02  -1.7237e+02  -1.6098e+02  -1.5269e+02  -1.4170e+02  -1.3815e+02  -1.3259e+02  -1.2737e+02  -1.2356e+02  -1.1894e+02  -1.1275e+02  -1.0920e+02  -1.0369e+02  -1.0074e+02  -9.5928e+01  -9.2735e+01  -9.1745e+01  -8.7180e+01  -8.4123e+01  -8.1522e+01  -8.0599e+01  -7.8934e+01  -7.6010e+01  -7.3336e+01  -7.1514e+01  -6.8989e+01  -6.6314e+01  -6.5039e+01  -6.2868e+01  -6.0443e+01  -5.7730e+01  -5.8315e+01  -5.8534e+01  -5.7629e+01  -5.6818e+01  -5.5518e+01  -5.5520e+01  -5.3959e+01  -5.3114e+01  -5.1348e+01  -5.0755e+01  -4.9394e+01  -4.7590e+01  -4.6652e+01  -4.5523e+01  -4.4020e+01  -4.3430e+01  -4.4033e+01  -4.4111e+01  -4.2846e+01  -4.1569e+01  -4.0870e+01  -4.1150e+01  -3.9679e+01  -3.9601e+01  -3.9427e+01  -3.8206e+01  -3.7515e+01  -3.7475e+01  -3.6610e+01  -3.5597e+01  -3.5918e+01  -3.4986e+01  -3.4344e+01  -3.4286e+01  -3.4012e+01  -3.3694e+01  -3.4046e+01  -3.3195e+01  -3.3005e+01  -3.2337e+01  -3.1555e+01  -3.1555e+01  -3.1097e+01  -3.1045e+01  -3.0352e+01  -2.9743e+01  -2.9233e+01  -2.8993e+01  -2.9081e+01  -2.8872e+01  -2.8535e+01  -2.7922e+01  -2.7459e+01  -2.7816e+01  -2.7182e+01
  -3.1738e+03  -1.5315e+03  -9.9863e+02  -7.2591e+02  -5.7388e+02  -4.6541e+02  -3.9534e+02  -3.3472e+02  -2.9555e+02  -2.6864e+02  -2.4391e+02  -2.2604e+02  -2.0824e+02  -1.9600e+02  -1.8118e+02  -1.6588e+02  -1.5529e+02  -1.4687e+02  -1.4103e+02  -1.3517e+02  -1.2782e+02  -1.2159e+02  -1.1832e+02  -1.1229e+02  -1.0913e+02  -1.0484e+02  -1.0214e+02  -9.9606e+01  -9.4468e+01  -8.9469e+01  -8.5728e+01  -8.2245e+01  -8.0057e+01  -7.7343e+01  -7.6769e+01  -7.4090e+01  -7.0103e+01  -6.9071e+01  -6.7636e+01  -6.6665e+01  -6.3565e+01  -6.2377e+01  -6.1517e+01  -6.1191e+01  -6.0675e+01  -5.8629e+01  -5.7094e+01  -5.6427e+01  -5.4703e+01  -5.3859e+01  -5.1864e+01  -5.0372e+01  -4.9828e+01  -4.9376e+01  -4.8430e+01  -4.7631e+01  -4.7918e+01  -4.7029e+01  -4.6021e+01  -4.5115e+01  -4.4132e+01  -4.2825e+01  -4.1510e+01  -4.0647e+01  -4.0657e+01  -4.0004e+01  -3.9581e+01  -3.9168e+01  -3.8144e+01  -3.7410e+01  -3.7443e+01  -3.7234e+01  -3.7218e+01  -3.7162e+01  -3.6458e+01  -3.6142e+01  -3.5431e+01  -3.5241e+01  -3.4638e+01  -3.4676e+01  -3.3753e+01  -3.3091e+01  -3.2509e+01  -3.2561e+01  -3.2129e+01  -3.1372e+01  -3.1186e+01  -3.1038e+01  -3.0898e+01  -3.1163e+01  -3.0547e+01  -3.0072e+01  -2.9865e+01  -3.0087e+01  -2.9623e+01  -2.9163e+01  -2.8705e+01  -2.8633e+01  -2.9014e+01  -2.8879e+01
  -3.1176e+03  -1.5052e+03  -9.8171e+02  -7.1379e+02  -5.5443e+02  -4.5300e+02  -3.9547e+02  -3.4976e+02  -3.1110e+02  -2.7403e+02  -2.4408e+02  -2.2296e+02  -2.0609e+02  -1.8946e+02  -1.7787e+02  -1.6528e+02  -1.5674e+02  -1.4784e+02  -1.3751e+02  -1.3366e+02  -1.2795e+02  -1.2283e+02  -1.1772e+02  -1.1176e+02  -1.0630e+02  -1.0180e+02  -9.7841e+01  -9.5536e+01  -9.1911e+01  -8.6434e+01  -8.2121e+01  -8.0273e+01  -7.7642e+01  -7.6731e+01  -7.5142e+01  -7.1519e+01  -7.2003e+01  -7.0826e+01  -6.7662e+01  -6.3707e+01  -6.2469e+01  -6.0982e+01  -6.1102e+01  -5.9742e+01  -5.8813e+01  -5.6804e+01  -5.5820e+01  -5.4164e+01  -5.3256e+01  -5.2182e+01  -5.1868e+01  -5.1105e+01  -4.9345e+01  -4.8520e+01  -4.7512e+01  -4.5514e+01  -4.4460e+01  -4.3377e+01  -4.2885e+01  -4.2972e+01  -4.2402e+01  -4.1803e+01  -4.0161e+01  -3.9608e+01  -3.9064e+01  -3.9221e+01  -3.8437e+01  -3.7996e+01  -3.8417e+01  -3.7659e+01  -3.6725e+01  -3.5921e+01  -3.6014e+01  -3.4753e+01  -3.4567e+01  -3.3602e+01  -3.2659e+01  -3.2305e+01  -3.1202e+01  -2.9726e+01  -3.0680e+01  -3.0412e+01  -3.0228e+01  -3.0078e+01  -2.9891e+01  -2.9785e+01  -2.9041e+01  -2.8719e+01  -2.7685e+01  -2.7214e+01  -2.6966e+01  -2.6032e+01  -2.6660e+01  -2.6672e+01  -2.6236e+01  -2.6006e+01  -2.6252e+01  -2.6161e+01  -2.6520e+01  -2.6318e+01
  -3.0526e+03  -1.4667e+03  -9.4177e+02  -7.0058e+02  -5.5449e+02  -4.6724e+02  -3.9989e+02  -3.4222e+02  -2.9168e+02  -2.6287e+02  -2.4277e+02  -2.2190e+02  -2.0277e+02  -1.8314e+02  -1.7197e+02  -1.6483e+02  -1.5608e+02  -1.4388e+02  -1.3780e+02  -1.3276e+02  -1.2688e+02  -1.2039e+02  -1.1313e+02  -1.1040e+02  -1.0589e+02  -1.0175e+02  -9.9859e+01  -9.4493e+01  -8.9596e+01  -8.6667e+01  -8.1417e+01  -7.9090e+01  -7.7512e+01  -7.5025e+01  -7.4754e+01  -7.3004e+01  -7.0901e+01  -7.0175e+01  -6.7727e+01  -6.3927e+01  -6.2831e+01  -6.3568e+01  -6.3500e+01  -5.9095e+01  -5.6067e+01  -5.4918e+01  -5.5368e+01  -5.5781e+01  -5.4529e+01  -5.3100e+01  -5.2331e+01  -5.0269e+01  -4.9958e+01  -4.9091e+01  -4.6754e+01  -4.5159e+01  -4.5725e+01  -4.5016e+01  -4.3194e+01  -4.2025e+01  -4.1609e+01  -4.0248e+01  -4.0468e+01  -4.0030e+01  -3.9326e+01  -3.8341e+01  -3.6530e+01  -3.6180e+01  -3.5840e+01  -3.5657e+01  -3.6439e+01  -3.5785e+01  -3.5309e+01  -3.5390e+01  -3.4172e+01  -3.2819e+01  -3.1769e+01  -3.1958e+01  -3.1371e+01  -3.0566e+01  -3.0364e+01  -3.0264e+01  -2.9958e+01  -2.9094e+01  -2.9486e+01  -3.0003e+01  -2.9610e+01  -2.8201e+01  -2.8253e+01  -2.8377e+01  -2.8072e+01  -2.7759e+01  -2.7635e+01  -2.7477e+01  -2.6737e+01  -2.5549e+01  -2.5207e+01  -2.5395e+01  -2.5507e+01  -2.4914e+01
  -3.0969e+03  -1.4783e+03  -9.4677e+02  -6.9704e+02  -5.4048e+02  -4.5556e+02  -3.8856e+02  -3.3354e+02  -2.9896e+02  -2.7034e+02  -2.4255e+02  -2.1412e+02  -1.9427e+02  -1.7841e+02  -1.6754e+02  -1.5961e+02  -1.4925e+02  -1.3866e+02  -1.3404e+02  -1.2580e+02  -1.2137e+02  -1.1552e+02  -1.0878e+02  -1.0596e+02  -1.0401e+02  -1.0145e+02  -9.5679e+01  -9.2260e+01  -8.8857e+01  -8.4293e+01  -8.1705e+01  -8.0152e+01  -7.7480e+01  -7.7037e+01  -7.4805e+01  -7.2233e+01  -6.7628e+01  -6.6981e+01  -6.4215e+01  -6.1914e+01  -6.1217e+01  -6.0568e+01  -5.9421e+01  -6.0381e+01  -5.9968e+01  -5.8025e+01  -5.6994e+01  -5.5257e+01  -5.3318e+01  -5.1090e+01  -4.8805e+01  -4.6556e+01  -4.5043e+01  -4.6520e+01  -4.6752e+01  -4.4939e+01  -4.4193e+01  -4.3628e+01  -4.3108e+01  -4.1902e+01  -4.0436e+01  -3.9422e+01  -3.8311e+01  -3.7924e+01  -3.7622e+01  -3.6605e+01  -3.5523e+01  -3.4443e+01  -3.4244e+01  -3.3402e+01  -3.3246e+01  -3.3164e+01  -3.3356e+01  -3.3580e+01  -3.3179e+01  -3.2474e+01  -3.1906e+01  -3.1212e+01  -3.0258e+01  -2.9625e+01  -2.8784e+01  -2.7938e+01  -2.7435e+01  -2.8162e+01  -2.8353e+01  -2.7432e+01  -2.7542e+01  -2.7131e+01  -2.7135e+01  -2.6331e+01  -2.6348e+01  -2.6367e+01  -2.5784e+01  -2.6332e+01  -2.5996e+01  -2.5828e+01  -2.5516e+01  -2.4816e+01  -2.5037e+01  -2.5173e+01
  -3.0824e+03  -1.4583e+03  -9.3292e+02  -6.7117e+02  -5.2498e+02  -4.2923e+02  -3.6108e+02  -3.1085e+02  -2.7683e+02  -2.4373e+02  -2.2083e+02  -2.0049e+02  -1.8695e+02  -1.7563e+02  -1.6496e+02  -1.5574e+02  -1.4431e+02  -1.3366e+02  -1.2799e+02  -1.2044e+02  -1.1236e+02  -1.0806e+02  -1.0299e+02  -9.7339e+01  -9.4573e+01  -9.2089e+01  -9.0874e+01  -8.4111e+01  -7.9345e+01  -7.4348e+01  -7.1568e+01  -6.8996e+01  -6.7157e+01  -6.5136e+01  -6.5248e+01  -6.4064e+01  -6.2768e+01  -6.1753e+01  -5.9526e+01  -5.8525e+01  -5.6408e+01  -5.4822e+01  -5.3142e+01  -5.1292e+01  -4.9365e+01  -4.7986e+01  -4.5873e+01  -4.4766e+01  -4.4251e+01  -4.5127e+01  -4.4723e+01  -4.3064e+01  -4.1942e+01  -4.0817e+01  -4.0261e+01  -4.0091e+01  -3.9406e+01  -3.9077e+01  -3.8702e+01  -3.7324e+01  -3.5789e+01  -3.6304e+01  -3.6582e+01  -3.6466e+01  -3.5228e+01  -3.3108e+01  -3.2040e+01  -3.2353e+01  -3.1523e+01  -3.0627e+01  -3.1509e+01  -3.2078e+01  -3.1716e+01  -3.0802e+01  -3.1097e+01  -3.0453e+01  -3.0013e+01  -2.8865e+01  -2.8342e+01  -2.7837e+01  -2.8774e+01  -2.8807e+01  -2.7266e+01  -2.6940e+01  -2.5508e+01  -2.5138e+01  -2.4709e+01  -2.4754e+01  -2.3859e+01  -2.3161e+01  -2.4889e+01  -2.5187e+01  -2.4982e+01  -2.3886e+01  -2.3352e+01  -2.3880e+01  -2.3554e+01  -2.3394e+01  -2.3496e+01  -2.2903e+01

   1.5862e+03   7.8263e+02   5.1815e+02   3.8351e+02   3.0580e+02   2.5129e+02   2.1183e+02   1.8404e+02   1.6242e+02   1.4677e+02   1.3375e+02   1.2226e+02   1.1301e+02   1.0538e+02   9.7930e+01   9.2919e+01   8.7309e+01   8.1035e+01   7.7479e+01   7.1676e+01   6.8436e+01   6.5814e+01   6.2762e+01   6.1313e+01   5.9289e+01   5.6899e+01   5.4107e+01   5.1568e+01   5.0767e+01   4.9865e+01   4.8469e+01   4.6530e+01   4.5133e+01   4.3381e+01   4.1529e+01   4.0537e+01   4.0006e+01   3.8863e+01   3.7653e+01   3.6688e+01   3.5956e+01   3.5693e+01   3.5217e+01   3.4044e+01   3.3231e+01   3.2563e+01   3.1633e+01   3.0958e+01   3.0141e+01   2.9732e+01   2.9046e+01   2.8388e+01   2.7916e+01   2.7250e+01   2.6601e+01   2.6177e+01   2.5895e+01   2.5480e+01   2.5256e+01   2.4563e+01   2.4355e+01   2.4238e+01   2.3834e+01   2.3580e+01   2.3233e+01   2.2789e+01   2.2179e+01   2.1880e+01   2.1411e+01   2.0955e+01   2.0500e+01   2.0086e+01   1.9865e+01   1.9497e+01   1.9027e+01   1.8714e+01   1.8398e+01   1.8336e+01   1.8182e+01   1.8138e+01   1.7705e+01   1.7827e+01   1.7792e+01   1.7525e+01   1.7321e+01   1.7149e+01   1.6881e+01   1.6569e+01   1.6294e+01   1.5985e+01   1.5762e+01   1.5678e+01   1.5624e+01   1.5472e+01   1.5263e+01   1.5264e+01   1.5200e+01   1.4947e+01   1.4854e+01   1.4672e+01
   1.5753e+03   7.6937e+02   5.0716e+02   3.8207e+02   3.0363e+02   2.5358e+02   2.1729e+02   1.8840e+02   1.6699e+02   1.4809e+02   1.3389e+02   1.2325e+02   1.1359e+02   1.0370e+02   9.6838e+01   9.1261e+01   8.4725e+01   8.0034e+01   7.4683e+01   7.2527e+01   6.9614e+01   6.7048e+01   6.4695e+01   6.2466e+01   5.9488e+01   5.7322e+01   5.4581e+01   5.2941e+01   5.0712e+01   4.8928e+01   4.8000e+01   4.5746e+01   4.4112e+01   4.2778e+01   4.2088e+01   4.0991e+01   3.9739e+01   3.8230e+01   3.7244e+01   3.6008e+01   3.4827e+01   3.4005e+01   3.2987e+01   3.1913e+01   3.0856e+01   3.0729e+01   3.0666e+01   3.0372e+01   2.9991e+01   2.9338e+01   2.9150e+01   2.8382e+01   2.7807e+01   2.7107e+01   2.6837e+01   2.6193e+01   2.5453e+01   2.4980e+01   2.4338e+01   2.3615e+01   2.3290e+01   2.3322e+01   2.3159e+01   2.2558e+01   2.2104e+01   2.1625e+01   2.1641e+01   2.1044e+01   2.0830e+01   2.0672e+01   2.0193e+01   1.9860e+01   1.9798e+01   1.9353e+01   1.8800e+01   1.9040e+01   1.8553e+01   1.8263e+01   1.7929e+01   1.7863e+01   1.7655e+01   1.7807e+01   1.7459e+01   1.7228e+01   1.6835e+01   1.6426e+01   1.6253e+01   1.6074e+01   1.5968e+01   1.5642e+01   1.5408e+01   1.5314e+01   1.5236e+01   1.5366e+01   1.5276e+01   1.5096e+01   1.4907e+01   1.4626e+01   1.4554e+01   1.4284e+01
   1.5933e+03   7.8211e+02   5.1374e+02   3.7775e+02   3.0052e+02   2.4633e+02   2.0972e+02   1.8023e+02   1.5806e+02   1.4290e+02   1.2999e+02   1.1989e+02   1.1076e+02   1.0363e+02   9.6400e+01   8.9153e+01   8.2455e+01   7.8081e+01   7.4786e+01   7.1368e+01   6.7712e+01   6.4408e+01   6.1864e+01   5.9233e+01   5.7938e+01   5.5772e+01   5.4290e+01   5.2468e+01   5.0020e+01   4.7709e+01   4.5158e+01   4.3809e+01   4.2322e+01   4.0217e+01   3.9436e+01   3.8076e+01   3.6577e+01   3.6228e+01   3.5232e+01   3.4677e+01   3.3181e+01   3.3025e+01   3.2810e+01   3.2507e+01   3.1740e+01   3.0820e+01   2.9746e+01   2.9728e+01   2.8872e+01   2.8330e+01   2.7215e+01   2.6543e+01   2.6230e+01   2.6050e+01   2.5700e+01   2.5099e+01   2.4997e+01   2.4584e+01   2.4119e+01   2.3627e+01   2.3167e+01   2.2479e+01   2.1831e+01   2.1349e+01   2.1004e+01   2.0796e+01   2.0541e+01   2.0389e+01   1.9846e+01   1.9607e+01   1.9616e+01   1.9485e+01   1.9591e+01   1.9368e+01   1.9114e+01   1.8996e+01   1.8688e+01   1.8528e+01   1.8332e+01   1.8265e+01   1.7703e+01   1.7182e+01   1.6932e+01   1.7041e+01   1.6869e+01   1.6595e+01   1.6451e+01   1.6335e+01   1.6352e+01   1.6352e+01   1.6030e+01   1.5787e+01   1.5586e+01   1.5598e+01   1.5399e+01   1.5299e+01   1.5183e+01   1.5032e+01   1.5147e+01   1.5140e+01
   1.5785e+03   7.7389e+02   5.0926e+02   3.7481e+02   2.9280e+02   2.4034e+02   2.0972e+02   1.8494e+02   1.6465e+02   1.4548e+02   1.3025e+02   1.1898e+02   1.0940e+02   1.0126e+02   9.5259e+01   8.8630e+01   8.4196e+01   7.9068e+01   7.3642e+01   7.0954e+01   6.7839e+01   6.5155e+01   6.2833e+01   5.9678e+01   5.6762e+01   5.4133e+01   5.2022e+01   5.0674e+01   4.8856e+01   4.6468e+01   4.4739e+01   4.3462e+01   4.1829e+01   4.0612e+01   3.9470e+01   3.7625e+01   3.7350e+01   3.5759e+01   3.4085e+01   3.2531e+01   3.2036e+01   3.1653e+01   3.1597e+01   3.0818e+01   3.0305e+01   2.9355e+01   2.8893e+01   2.8107e+01   2.7138e+01   2.6998e+01   2.6720e+01   2.6078e+01   2.5190e+01   2.4462e+01   2.3657e+01   2.2527e+01   2.2117e+01   2.1868e+01   2.1472e+01   2.1191e+01   2.1041e+01   2.0580e+01   2.0137e+01   1.9826e+01   1.9752e+01   1.9765e+01   1.9520e+01   1.9124e+01   1.9089e+01   1.8956e+01   1.8741e+01   1.8179e+01   1.8037e+01   1.7504e+01   1.7409e+01   1.6999e+01   1.6733e+01   1.6589e+01   1.6007e+01   1.5405e+01   1.5667e+01   1.5626e+01   1.5486e+01   1.5654e+01   1.5557e+01   1.5607e+01   1.5358e+01   1.5150e+01   1.4480e+01   1.4256e+01   1.4043e+01   1.3607e+01   1.3685e+01   1.3772e+01   1.3537e+01   1.3516e+01   1.3554e+01   1.3402e+01   1.3415e+01   1.3228e+01
   1.5614e+03   7.6298e+02   4.9798e+02   3.6895e+02   2.9256e+02   2.4560e+02   2.1017e+02   1.8200e+02   1.5651e+02   1.4059e+02   1.2811e+02   1.1726e+02   1.0782e+02   9.8832e+01   9.2684e+01   8.7865e+01   8.2476e+01   7.6993e+01   7.3321e+01   7.0644e+01   6.6959e+01   6.3300e+01   6.0372e+01   5.8411e+01   5.5964e+01   5.4085e+01   5.2811e+01   4.9628e+01   4.7375e+01   4.5942e+01   4.3528e+01   4.1917e+01   4.1397e+01   3.9877e+01   3.9514e+01   3.8660e+01   3.7651e+01   3.7265e+01   3.6170e+01   3.4567e+01   3.4131e+01   3.3917e+01   3.3395e+01   3.1634e+01   3.0330e+01   2.9842e+01   2.9688e+01   2.9527e+01   2.8944e+01   2.7854e+01   2.7403e+01   2.6582e+01   2.6197e+01   2.5546e+01   2.4688e+01   2.4314e+01   2.4242e+01   2.3850e+01   2.3142e+01   2.2588e+01   2.2145e+01   2.1537e+01   2.1493e+01   2.1355e+01   2.1025e+01   2.0463e+01   1.9536e+01   1.9201e+01   1.8908e+01   1.8426e+01   1.8727e+01   1.8706e+01   1.8479e+01   1.8576e+01   1.8122e+01   1.7357e+01   1.6988e+01   1.6980e+01   1.6578e+01   1.6061e+01   1.5930e+01   1.5791e+01   1.5815e+01   1.5452e+01   1.5396e+01   1.5524e+01   1.5425e+01   1.4897e+01   1.4813e+01   1.4771e+01   1.4736e+01   1.4651e+01   1.4629e+01   1.4317e+01   1.3956e+01   1.3459e+01   1.3056e+01   1.3186e+01   1.3273e+01   1.3052e+01
   1.5737e+03   7.6668e+02   4.9897e+02   3.6985e+02   2.8973e+02   2.4068e+02   2.0487e+02   1.7745e+02   1.5785e+02   1.4171e+02   1.2772e+02   1.1487e+02   1.0452e+02   9.6123e+01   8.9361e+01   8.3816e+01   8.0960e+01   7.6120e+01   7.2943e+01   6.9047e+01   6.5228e+01   6.1759e+01   5.8646e+01   5.6484e+01   5.5188e+01   5.3705e+01   5.1040e+01   4.8945e+01   4.7541e+01   4.5317e+01   4.3915e+01   4.3350e+01   4.2158e+01   4.1516e+01   4.0328e+01   3.8915e+01   3.6554e+01   3.5953e+01   3.4726e+01   3.3514e+01   3.3074e+01   3.2704e+01   3.2151e+01   3.2000e+01   3.1701e+01   3.0714e+01   2.9782e+01   2.8690e+01   2.7863e+01   2.6728e+01   2.5481e+01   2.4651e+01   2.4119e+01   2.4722e+01   2.4542e+01   2.3900e+01   2.3698e+01   2.3422e+01   2.2810e+01   2.1754e+01   2.0833e+01   2.0266e+01   2.0028e+01   1.9836e+01   1.9542e+01   1.9059e+01   1.8673e+01   1.8164e+01   1.7856e+01   1.7427e+01   1.6873e+01   1.6952e+01   1.7071e+01   1.7068e+01   1.6708e+01   1.6106e+01   1.6026e+01   1.5694e+01   1.4915e+01   1.4382e+01   1.4174e+01   1.3681e+01   1.3685e+01   1.4219e+01   1.4416e+01   1.4338e+01   1.4467e+01   1.4438e+01   1.4398e+01   1.4147e+01   1.3984e+01   1.3891e+01   1.3635e+01   1.3573e+01   1.3517e+01   1.3551e+01   1.3522e+01   1.3340e+01   1.3309e+01   1.3279e+01
   1.5677e+03   7.6069e+02   4.9151e+02   3.5833e+02   2.8217e+02   2.3246e+02   1.9469e+02   1.6924e+02   1.4939e+02   1.3221e+02   1.2148e+02   1.1027e+02   1.0196e+02   9.5612e+01   8.9302e+01   8.3786e+01   7.7777e+01   7.2267e+01   6.8711e+01   6.4245e+01   6.1079e+01   5.7403e+01   5.4114e+01   5.0467e+01   4.8632e+01   4.7846e+01   4.6771e+01   4.3504e+01   4.0847e+01   3.8741e+01   3.7612e+01   3.5532e+01   3.4896e+01   3.4201e+01   3.3333e+01   3.2299e+01   3.1338e+01   3.0922e+01   3.0520e+01   2.9977e+01   2.8932e+01   2.7978e+01   2.6799e+01   2.5651e+01   2.4505e+01   2.3636e+01   2.2491e+01   2.2194e+01   2.1519e+01   2.1781e+01   2.1076e+01   2.0207e+01   1.9620e+01   1.9890e+01   1.9965e+01   2.0072e+01   1.9767e+01   1.9281e+01   1.8764e+01   1.8337e+01   1.7750e+01   1.7728e+01   1.7497e+01   1.7029e+01   1.6741e+01   1.5913e+01   1.5536e+01   1.5787e+01   1.5214e+01   1.4942e+01   1.5521e+01   1.5448e+01   1.5440e+01   1.5293e+01   1.5049e+01   1.4599e+01   1.4686e+01   1.4293e+01   1.4151e+01   1.3688e+01   1.3935e+01   1.3895e+01   1.3395e+01   1.3112e+01   1.2729e+01   1.2393e+01   1.2131e+01   1.1919e+01   1.1504e+01   1.1639e+01   1.2397e+01   1.2349e+01   1.2202e+01   1.1888e+01   1.1669e+01   1.1788e+01   1.1479e+01   1.1654e+01   1.1800e+01   1.1710e+01

   1.5862e+03   7.8263e+02   5.1815e+02   3.8351e+02   3.0580e+02   2.5129e+02   2.1183e+02   1.8404e+02   1.6242e+02   1.4677e+02   1.3375e+02   1.2226e+02   1.1301e+02   1.0538e+02   9.7930e+01   9.2919e+01   8.7309e+01   8.1035e+01   7.7479e+01   7.1676e+01   6.8436e+01   6.5814e+01   6.2762e+01   6.1313e+01   5.9289e+01   5.6899e+01   5.4107e+01   5.1568e+01   5.0767e+01   4.9865e+01   4.8469e+01   4.6530e+01   4.5133e+01   4.3381e+01   4.1529e+01   4.0537e+01   4.0006e+01   3.8863e+01   3.7653e+01   3.6688e+01   3.5956e+01   3.5693e+01   3.5217e+01   3.4044e+01   3.3231e+01   3.2563e+01   3.1633e+01   3.0958e+01   3.0141e+01   2.9732e+01   2.9046e+01   2.8388e+01   2.7916e+01   2.7250e+01   2.6601e+01   2.6177e+01   2.5895e+01   2.5480e+01   2.5256e+01   2.4563e+01   2.4355e+01   2.4238e+01   2.3834e+01   2.3580e+01   2.3233e+01   2.2789e+01   2.2179e+01   2.1880e+01   2.1411e+01   2.0955e+01   2.0500e+01   2.0086e+01   1.9865e+01   1.9497e+01   1.9027e+01   1.8714e+01   1.8398e+01   1.8336e+01   1.8182e+01   1.8138e+01   1.7705e+01   1.7827e+01   1.7792e+01   1.7525e+01   1.7321e+01   1.7149e+01   1.6881e+01   1.6569e+01   1.6294e+01   1.5985e+01   1.5762e+01   1.5678e+01   1.5624e+01   1.5472e+01   1.5263e+01   1.5264e+01   1.5200e+01   1.4947e+01   1.4854e+01   1.4672e+01
   1.5753e+03   7.6937e+02   5.0716e+02   3.8207e+02   3.0363e+02   2.5358e+02   2.1729e+02   1.8840e+02   1.6699e+02   1.4809e+02   1.3389e+02   1.2325e+02   1.1359e+02   1.0370e+02   9.6838e+01   9.1261e+01   8.4725e+01   8.0034e+01   7.4683e+01   7.2527e+01   6.9614e+01   6.7048e+01   6.4695e+01   6.2466e+01   5.9488e+01   5.7322e+01   5.4581e+01   5.2941e+01   5.0712e+01   4.8928e+01   4.8000e+01   4.5746e+01   4.4112e+01   4.2778e+01   4.2088e+01   4.0991e+01   3.9739e+01   3.8230e+01   3.7244e+01   3.6008e+01   3.4827e+01   3.4005e+01   3.2987e+01   3.1913e+01   3.0856e+01   3.0729e+01   3.0666e+01   3.0372e+01   2.9991e+01   2.9338e+01   2.9150e+01   2.8382e+01   2.7807e+01   2.7107e+01   2.6837e+01   2.6193e+01   2.5453e+01   2.4980e+01   2.4338e+01   2.3615e+01   2.3290e+01   2.3322e+01   2.3159e+01   2.2558e+01   2.2104e+01   2.1625e+01   2.1641e+01   2.1044e+01   2.0830e+01   2.0672e+01   2.0193e+01   1.9860e+01   1.9798e+01   1.9353e+01   1.8800e+01   1.9040e+01   1.8553e+01   1.8263e+01   1.7929e+01   1.7863e+01   1.7655e+01   1.7807e+01   1.7459e+01   1.7228e+01   1.6835e+01   1.6426e+01   1.6253e+01   1.6074e+01   1.5968e+01   1.5642e+01   1.5408e+01   1.5314e+01   1.5236e+01   1.5366e+01   1.5276e+01   1.5096e+01   1.4907e+01   1.4626e+01   1.4554e+01   1.4284e+01
   1.5933e+03   7.8211e+02   5.1374e+02   3.7775e+02   3.0052e+02   2.4633e+02   2.0972e+02   1.8023e+02   1.5806e+02   1.4290e+02   1.2999e+02   1.1989e+02   1.1076e+02   1.0363e+02   9.6400e+01   8.9153e+01   8.2455e+01   7.8081e+01   7.4786e+01   7.1368e+01   6.7712e+01   6.4408e+01   6.1864e+01   5.9233e+01   5.7938e+01   5.5772e+01   5.4290e+01   5.2468e+01   5.0020e+01   4.7709e+01   4.5158e+01   4.3809e+01   4.2322e+01   4.0217e+01   3.9436e+01   3.8076e+01   3.6577e+01   3.6228e+01   3.5232e+01   3.4677e+01   3.3181e+01   3.3025e+01   3.2810e+01   3.2507e+01   3.1740e+01   3.0820e+01   2.9746e+01   2.9728e+01   2.8872e+01   2.8330e+01   2.7215e+01   2.6543e+01   2.6230e+01   2.6050e+01   2.5700e+01   2.5099e+01   2.4997e+01   2.4584e+01   2.4119e+01   2.3627e+01   2.3167e+01   2.2479e+01   2.1831e+01   2.1349e+01   2.1004e+01   2.0796e+01   2.0541e+01   2.0389e+01   1.9846e+01   1.9607e+01   1.9616e+01   1.9485e+01   1.9591e+01   1.9368e+01   1.9114e+01   1.8996e+01   1.8688e+01   1.8528e+01   1.8332e+01   1.8265e+01   1.7703e+01   1.7182e+01   1.6932e+01   1.7041e+01   1.6869e+01   1.6595e+01   1.6451e+01   1.6335e+01   1.6352e+01   1.6352e+01   1.6030e+01   1.5787e+01   1.5586e+01   1.5598e+01   1.5399e+01   1.5299e+01   1.5183e+01   1.5032e+01   1.5147e+01   1.5140e+01
   1.5785e+03   7.7389e+02   5.0926e+02   3.7481e+02   2.9280e+02   2.4034e+02   2.0972e+02   1.8494e+02   1.6465e+02   1.4548e+02   1.3025e+02   1.1898e+02   1.0940e+02   1.0126e+02   9.5259e+01   8.8630e+01   8.4196e+01   7.9068e+01   7.3642e+01   7.0954e+01   6.7839e+01   6.5155e+01   6.2833e+01   5.9678e+01   5.6762e+01   5.4133e+01   5.2022e+01   5.0674e+01   4.8856e+01   4.6468e+01   4.4739e+01   4.3462e+01   4.1829e+01   4.0612e+01   3.9470e+01   3.7625e+01   3.7350e+01   3.5759e+01   3.4085e+01   3.2531e+01   3.2036e+01   3.1653e+01   3.1597e+01   3.0818e+01   3.0305e+01   2.9355e+01   2.8893e+01   2.8107e+01   2.7138e+01   2.6998e+01   2.6720e+01   2.6078e+01   2.5190e+01   2.4462e+01   2.3657e+01   2.2527e+01   2.2117e+01   2.1868e+01   2.1472e+01   2.1191e+01   2.1041e+01   2.0580e+01   2.0137e+01   1.9826e+01   1.9752e+01   1.9765e+01   1.9520e+01   1.9124e+01   1.9089e+01   1.8956e+01   1.8741e+01   1.8179e+01   1.8037e+01   1.7504e+01   1.7409e+01   1.6999e+01   1.6733e+01   1.6589e+01   1.6007e+01   1.5405e+01   1.5667e+01   1.5626e+01   1.5486e+01   1.5654e+01   1.5557e+01   1.5607e+01   1.5358e+01   1.5150e+01   1.4480e+01   1.4256e+01   1.4043e+01   1.3607e+01   1.3685e+01   1.3772e+01   1.3537e+01   1.3516e+01   1.3554e+01   1.3402e+01   1.3415e+01   1.3228e+01
   1.5614e+03   7.6298e+02   4.9798e+02   3.6895e+02   2.9256e+02   2.4560e+02   2.1017e+02   1.8200e+02   1.5651e+02   1.4059e+02   1.2811e+02   1.1726e+02   1.0782e+02   9.8832e+01   9.2684e+01   8.7865e+01   8.2476e+01   7.6993e+01   7.3321e+01   7.0644e+01   6.6959e+01   6.3300e+01   6.0372e+01   5.8411e+01   5.5964e+01   5.4085e+01   5.2811e+01   4.9628e+01   4.7375e+01   4.5942e+01   4.3528e+01   4.1917e+01   4.1397e+01   3.9877e+01   3.9514e+01   3.8660e+01   3.7651e+01   3.7265e+01   3.6170e+01   3.4567e+01   3.4131e+01   3.3917e+01   3.3395e+01   3.1634e+01   3.0330e+01   2.9842e+01   2.9688e+01   2.9527e+01   2.8944e+01   2.7854e+01   2.7403e+01   2.6582e+01   2.6197e+01   2.5546e+01   2.4688e+01   2.4314e+01   2.4242e+01   2.3850e+01   2.3142e+01   2.2588e+01   2.2145e+01   2.1537e+01   2.1493e+01   2.1355e+01   2.1025e+01   2.0463e+01   1.9536e+01   1.9201e+01   1.8908e+01   1.8426e+01   1.8727e+01   1.8706e+01   1.8479e+01   1.8576e+01   1.8122e+01   1.7357e+01   1.6988e+01   1.6980e+01   1.6578e+01   1.6061e+01   1.5930e+01   1.5791e+01   1.5815e+01   1.5452e+01   1.5396e+01   1.5524e+01   1.5425e+01   1.4897e+01   1.4813e+01   1.4771e+01   1.4736e+01   1.4651e+01   1.4629e+01   1.4317e+01   1.3956e+01   1.3459e+01   1.3056e+01   1.3186e+01   1.3273e+01   1.3052e+01
   1.5737e+03   7.6668e+02   4.9897e+02   3.6985e+02   2.8973e+02   2.4068e+02   2.0487e+02   1.7745e+02   1.5785e+02   1.4171e+02   1.2772e+02   1.1487e+02   1.0452e+02   9.6123e+01   8.9361e+01   8.3816e+01   8.0960e+01   7.6120e+01   7.2943e+01   6.9047e+01   6.5228e+01   6.1759e+01   5.8646e+01   5.6484e+01   5.5188e+01   5.3705e+01   5.1040e+01   4.8945e+01   4.7541e+01   4.5317e+01   4.3915e+01   4.3350e+01   4.2158e+01   4.1516e+01   4.0328e+01   3.8915e+01   3.6554e+01   3.5953e+01   3.4726e+01   3.3514e+01   3.3074e+01   3.2704e+01   3.2151e+01   3.2000e+01   3.1701e+01   3.0714e+01   2.9782e+01   2.8690e+01   2.7863e+01   2.6728e+01   2.5481e+01   2.4651e+01   2.4119e+01   2.4722e+01   2.4542e+01   2.3900e+01   2.3698e+01   2.3422e+01   2.2810e+01   2.1754e+01   2.0833e+01   2.0266e+01   2.0028e+01   1.9836e+01   1.9542e+01   1.9059e+01   1.8673e+01   1.8164e+01   1.7856e+01   1.7427e+01   1.6873e+01   1.6952e+01   1.7071e+01   1.7068e+01   1.6708e+01   1.6106e+01   1.6026e+01   1.5694e+01   1.4915e+01   1.4382e+01   1.4174e+01   1.3681e+01   1.3685e+01   1.4219e+01   1.4416e+01   1.4338e+01   1.4467e+01   1.4438e+01   1.4398e+01   1.4147e+01   1.3984e+01   1.3891e+01   1.3635e+01   1.3573e+01   1.3517e+01   1.3551e+01   1.3522e+01   1.3340e+01   1.3309e+01   1.3279e+01
   1.5677e+03   7.6069e+02   4.9151e+02   3.5833e+02   2.8217e+02   2.3246e+02   1.9469e+02   1.6924e+02   1.4939e+02   1.3221e+02   1.2148e+02   1.1027e+02   1.0196e+02   9.5612e+01   8.9302e+01   8.3786e+01   7.7777e+01   7.2267e+01   6.8711e+01   6.4245e+01   6.1079e+01   5.7403e+01   5.4114e+01   5.0467e+01   4.8632e+01   4.7846e+01   4.6771e+01   4.3504e+01   4.0847e+01   3.8741e+01   3.7612e+01   3.5532e+01   3.4896e+01   3.4201e+01   3.3333e+01   3.2299e+01   3.1338e+01   3.0922e+01   3.0520e+01   2.9977e+01   2.8932e+01   2.7978e+01   2.6799e+01   2.5651e+01   2.4505e+01   2.3636e+01   2.2491e+01   2.2194e+01   2.1519e+01   2.1781e+01   2.1076e+01   2.0207e+01   1.9620e+01   1.9890e+01   1.9965e+01   2.0072e+01   1.9767e+01   1.9281e+01   1.8764e+01   1.8337e+01   1.7750e+01   1.7728e+01   1.7497e+01   1.7029e+01   1.6741e+01   1.5913e+01   1.5536e+01   1.5787e+01   1.5214e+01   1.4942e+01   1.5521e+01   1.5448e+01   1.5440e+01   1.5293e+01   1.5049e+01   1.4599e+01   1.4686e+01   1.4293e+01   1.4151e+01   1.3688e+01   1.3935e+01   1.3895e+01   1.3395e+01   1.3112e+01   1.2729e+01   1.2393e+01   1.2131e+01   1.1919e+01   1.1504e+01   1.1639e+01   1.2397e+01   1.2349e+01   1.2202e+01   1.1888e+01   1.1669e+01   1.1788e+01   1.1479e+01   1.1654e+01   1.1800e+01   1.1710e+01

   2.4452e+02   5.8469e+05   5.0990e+05   4.1354e+05   3.4982e+05   2.9271e+05   2.4539e+05   2.1159e+05   1.8712e+05   1.7246e+05   1.6333e+05   1.5029e+05   1.3949e+05   1.2932e+05   1.1941e+05   1.1886e+05   1.1498e+05   1.0541e+05   1.0163e+05   9.0653e+04   8.8536e+04   8.5497e+04   8.0058e+04   8.0199e+04   7.7561e+04   7.3344e+04   6.8574e+04   6.4210e+04   6.5660e+04   6.6767e+04   6.5125e+04   6.0068e+04   5.9003e+04   5.5544e+04   5.3229e+04   5.2915e+04   5.3182e+04   5.0980e+04   4.8751e+04   4.7422e+04   4.6928e+04   4.8110e+04   4.8686e+04   4.6732e+04   4.5015e+04   4.3777e+04   4.1678e+04   4.0922e+04   3.9612e+04   3.9885e+04   3.8441e+04   3.7157e+04   3.6236e+04   3.5257e+04   3.4902e+04   3.5059e+04   3.4626e+04   3.3407e+04   3.4149e+04   3.2307e+04   3.2207e+04   3.3287e+04   3.2720e+04   3.2175e+04   3.1354e+04   3.0880e+04   2.9588e+04   2.9230e+04   2.8460e+04   2.7136e+04   2.6185e+04   2.5605e+04   2.5169e+04   2.4859e+04   2.3857e+04   2.3708e+04   2.3612e+04   2.3362e+04   2.3720e+04   2.4116e+04   2.3166e+04   2.3445e+04   2.3722e+04   2.3101e+04   2.2969e+04   2.2683e+04   2.1630e+04   2.1143e+04   2.0829e+04   2.0575e+04   2.0516e+04   2.0177e+04   1.9960e+04   2.0210e+04   1.9946e+04   1.9978e+04   1.9873e+04   1.9266e+04   1.9480e+04   1.9255e+04
   5.5875e+02   5.2861e+05   4.5543e+05   3.8820e+05   3.2400e+05   2.8515e+05   2.5023e+05   2.1672e+05   1.9424e+05   1.7013e+05   1.5395e+05   1.4448e+05   1.3298e+05   1.1747e+05   1.1077e+05   1.0605e+05   9.8664e+04   9.4311e+04   8.6005e+04   8.6281e+04   8.3669e+04   8.1061e+04   7.9915e+04   7.7431e+04   7.2597e+04   7.0940e+04   6.6516e+04   6.5200e+04   6.1310e+04   5.9344e+04   6.0087e+04   5.6070e+04   5.3886e+04   5.2186e+04   5.2556e+04   5.1890e+04   4.9495e+04   4.7352e+04   4.6245e+04   4.4169e+04   4.1858e+04   4.1269e+04   3.9502e+04   3.7383e+04   3.4894e+04   3.6420e+04   3.7504e+04   3.7144e+04   3.6872e+04   3.5941e+04   3.6674e+04   3.5335e+04   3.4908e+04   3.3252e+04   3.3101e+04   3.1930e+04   3.0181e+04   2.9519e+04   2.8601e+04   2.7205e+04   2.6930e+04   2.8146e+04   2.8707e+04   2.7520e+04   2.6317e+04   2.5839e+04   2.6594e+04   2.5101e+04   2.5376e+04   2.5524e+04   2.4315e+04   2.3779e+04   2.4062e+04   2.3282e+04   2.2313e+04   2.3024e+04   2.2136e+04   2.1612e+04   2.1818e+04   2.1746e+04   2.1614e+04   2.2342e+04   2.1502e+04   2.1515e+04   2.0902e+04   2.0140e+04   2.0376e+04   2.0019e+04   2.0183e+04   1.9510e+04   1.8946e+04   1.8505e+04   1.8403e+04   1.8716e+04   1.8646e+04   1.8406e+04   1.7810e+04   1.7405e+04   1.8044e+04   1.7405e+04
   1.3661e+02   5.3088e+05   4.5198e+05   3.5832e+05   2.9867e+05   2.4553e+05   2.1262e+05   1.7783e+05   1.5845e+05   1.4726e+05   1.3489e+05   1.2744e+05   1.1799e+05   1.1324e+05   1.0421e+05   9.3585e+04   8.7501e+04   8.3145e+04   8.1185e+04   7.8711e+04   7.4113e+04   7.0401e+04   6.9847e+04   6.5767e+04   6.4814e+04   6.2306e+04   6.1507e+04   6.0742e+04   5.6677e+04   5.2639e+04   4.9995e+04   4.7550e+04   4.6505e+04   4.4763e+04   4.5437e+04   4.3567e+04   4.0119e+04   4.0029e+04   3.9418e+04   3.9303e+04   3.6649e+04   3.6174e+04   3.6043e+04   3.6510e+04   3.6732e+04   3.5075e+04   3.4002e+04   3.3934e+04   3.2573e+04   3.2231e+04   3.0498e+04   2.9343e+04   2.9277e+04   2.9301e+04   2.8721e+04   2.8295e+04   2.9158e+04   2.8587e+04   2.7855e+04   2.7230e+04   2.6498e+04   2.5370e+04   2.4225e+04   2.3603e+04   2.3989e+04   2.3588e+04   2.3448e+04   2.3309e+04   2.2435e+04   2.1897e+04   2.2256e+04   2.2320e+04   2.2618e+04   2.2862e+04   2.2305e+04   2.2216e+04   2.1635e+04   2.1685e+04   2.1222e+04   2.1543e+04   2.0668e+04   2.0112e+04   1.9651e+04   1.9955e+04   1.9663e+04   1.8970e+04   1.8967e+04   1.9006e+04   1.9051e+04   1.9599e+04   1.9044e+04   1.8661e+04   1.8608e+04   1.9092e+04   1.8706e+04   1.8324e+04   1.7940e+04   1.8034e+04   1.8709e+04   1.8723e+04
   7.9823e+02   4.8921e+05   4.1672e+05   3.3057e+05   2.6596e+05   2.2193e+05   2.0300e+05   1.8524e+05   1.6748e+05   1.4621e+05   1.2887e+05   1.1829e+05   1.1026e+05   1.0094e+05   9.5819e+04   8.8644e+04   8.5036e+04   8.0386e+04   7.3631e+04   7.3434e+04   7.0833e+04   6.8543e+04   6.5953e+04   6.2155e+04   5.8672e+04   5.6045e+04   5.3844e+04   5.3314e+04   5.1171e+04   4.6870e+04   4.3767e+04   4.3213e+04   4.1733e+04   4.2031e+04   4.1530e+04   3.8729e+04   4.0390e+04   4.0153e+04   3.7636e+04   3.4243e+04   3.3771e+04   3.2985e+04   3.3924e+04   3.3201e+04   3.2925e+04   3.1413e+04   3.1007e+04   2.9830e+04   2.9451e+04   2.8865e+04   2.9101e+04   2.8816e+04   2.7394e+04   2.6994e+04   2.6371e+04   2.4648e+04   2.3947e+04   2.3202e+04   2.3077e+04   2.3570e+04   2.3337e+04   2.3063e+04   2.1634e+04   2.1381e+04   2.1129e+04   2.1631e+04   2.1095e+04   2.0927e+04   2.1711e+04   2.1170e+04   2.0424e+04   1.9822e+04   2.0202e+04   1.9076e+04   1.9129e+04   1.8320e+04   1.7536e+04   1.7384e+04   1.6430e+04   1.5103e+04   1.6295e+04   1.6208e+04   1.6212e+04   1.6244e+04   1.6237e+04   1.6314e+04   1.5693e+04   1.5524e+04   1.4593e+04   1.4261e+04   1.4159e+04   1.3342e+04   1.4147e+04   1.4314e+04   1.3999e+04   1.3900e+04   1.4313e+04   1.4363e+04   1.4911e+04   1.4835e+04
   9.4477e+02   4.4363e+05   3.6627e+05   3.0410e+05   2.5402e+05   2.2550e+05   1.9822e+05   1.6938e+05   1.4062e+05   1.2849e+05   1.2177e+05   1.1190e+05   1.0194e+05   9.0085e+04   8.5537e+04   8.4220e+04   8.0539e+04   7.2710e+04   7.0621e+04   6.9193e+04   6.6516e+04   6.2889e+04   5.8172e+04   5.7922e+04   5.5597e+04   5.3480e+04   5.3566e+04   4.9811e+04   4.6439e+04   4.5005e+04   4.1090e+04   4.0065e+04   3.9723e+04   3.8379e+04   3.9257e+04   3.8541e+04   3.7391e+04   3.7648e+04   3.6016e+04   3.2932e+04   3.2627e+04   3.4235e+04   3.4996e+04   3.1034e+04   2.8579e+04   2.8041e+04   2.9139e+04   3.0216e+04   2.9490e+04   2.8547e+04   2.8291e+04   2.6629e+04   2.6815e+04   2.6390e+04   2.4391e+04   2.3175e+04   2.4192e+04   2.3865e+04   2.2359e+04   2.1529e+04   2.1463e+04   2.0416e+04   2.0978e+04   2.0859e+04   2.0451e+04   1.9755e+04   1.8197e+04   1.8122e+04   1.8048e+04   1.8127e+04   1.9206e+04   1.8786e+04   1.8547e+04   1.8891e+04   1.7857e+04   1.6692e+04   1.5849e+04   1.6248e+04   1.5862e+04   1.5251e+04   1.5239e+04   1.5328e+04   1.5206e+04   1.4518e+04   1.5089e+04   1.5811e+04   1.5582e+04   1.4296e+04   1.4513e+04   1.4808e+04   1.4655e+04   1.4488e+04   1.4518e+04   1.4508e+04   1.3885e+04   1.2820e+04   1.2603e+04   1.2925e+04   1.3174e+04   1.2697e+04
   1.1537e+03   4.3083e+05   3.5397e+05   2.8785e+05   2.3077e+05   2.0493e+05   1.7892e+05   1.5382e+05   1.4122e+05   1.2992e+05   1.1621e+05   9.9630e+04   8.9456e+04   8.1733e+04   7.7621e+04   7.5477e+04   7.0396e+04   6.4566e+04   6.3877e+04   5.9393e+04   5.8193e+04   5.5353e+04   5.1424e+04   5.1014e+04   5.1297e+04   5.0828e+04   4.7018e+04   4.5398e+04   4.3669e+04   4.0702e+04   3.9560e+04   3.9341e+04   3.7948e+04   3.8685e+04   3.7581e+04   3.6079e+04   3.2524e+04   3.2790e+04   3.0956e+04   2.9532e+04   2.9612e+04   2.9710e+04   2.9294e+04   3.0973e+04   3.1256e+04   2.9930e+04   2.9517e+04   2.8347e+04   2.6957e+04   2.5264e+04   2.3532e+04   2.1836e+04   2.0841e+04   2.2661e+04   2.3315e+04   2.1941e+04   2.1604e+04   2.1431e+04   2.1291e+04   2.0464e+04   1.9379e+04   1.8730e+04   1.7977e+04   1.7898e+04   1.7895e+04   1.7204e+04   1.6452e+04   1.5701e+04   1.5751e+04   1.5208e+04   1.5287e+04   1.5425e+04   1.5825e+04   1.6261e+04   1.6093e+04   1.5624e+04   1.5283e+04   1.4818e+04   1.4108e+04   1.3696e+04   1.3093e+04   1.2490e+04   1.2191e+04   1.3007e+04   1.3339e+04   1.2636e+04   1.2888e+04   1.2650e+04   1.2799e+04   1.2190e+04   1.2342e+04   1.2497e+04   1.2083e+04   1.2740e+04   1.2549e+04   1.2518e+04   1.2347e+04   1.1800e+04   1.2137e+04   1.2393e+04
   6.7141e+02   4.0131e+05   3.2890e+05   2.5549e+05   2.0836e+05   1.7410e+05   1.4787e+05   1.2785e+05   1.1589e+05   1.0107e+05   9.2181e+04   8.3578e+04   7.9278e+04   7.5804e+04   7.2011e+04   6.8771e+04   6.2997e+04   5.7412e+04   5.5739e+04   5.2101e+04   4.7743e+04   4.6360e+04   4.4118e+04   4.1196e+04   4.0577e+04   4.0078e+04   4.0592e+04   3.6109e+04   3.3329e+04   3.0302e+04   2.9049e+04   2.7897e+04   2.7283e+04   2.6468e+04   2.7363e+04   2.7155e+04   2.6813e+04   2.6673e+04   2.5456e+04   2.5254e+04   2.4059e+04   2.3295e+04   2.2423e+04   2.1390e+04   2.0270e+04   1.9590e+04   1.8303e+04   1.7812e+04   1.7769e+04   1.8865e+04   1.8905e+04   1.7879e+04   1.7294e+04   1.6694e+04   1.6548e+04   1.6712e+04   1.6439e+04   1.6454e+04   1.6423e+04   1.5540e+04   1.4529e+04   1.5200e+04   1.5685e+04   1.5837e+04   1.5020e+04   1.3469e+04   1.2809e+04   1.3257e+04   1.2774e+04   1.2235e+04   1.3142e+04   1.3811e+04   1.3691e+04   1.3093e+04   1.3528e+04   1.3150e+04   1.2942e+04   1.2129e+04   1.1844e+04   1.1573e+04   1.2527e+04   1.2709e+04   1.1526e+04   1.1388e+04   1.0333e+04   1.0154e+04   9.9260e+03   1.0078e+04   9.4728e+03   9.0299e+03   1.0543e+04   1.0914e+04   1.0855e+04   1.0032e+04   9.6914e+03   1.0242e+04   1.0068e+04   1.0036e+04   1.0231e+04   9.8181e+03

   3.3864e+01   3.0565e+05   2.6830e+05   2.2052e+05   1.8697e+05   1.5784e+05   1.3459e+05   1.1853e+05   1.0551e+05   9.6927e+04   8.9436e+04   8.2205e+04   7.6623e+04   7.2183e+04   6.7129e+04   6.4751e+04   6.0979e+04   5.5815e+04   5.4026e+04   4.8805e+04   4.6832e+04   4.5479e+04   4.3328e+04   4.3231e+04   4.2180e+04   4.0468e+04   3.8058e+04   3.5899e+04   3.6085e+04   3.6054e+04   3.5239e+04   3.3558e+04   3.2594e+04   3.1051e+04   2.9319e+04   2.8757e+04   2.8807e+04   2.7941e+04   2.6937e+04   2.6246e+04   2.5856e+04   2.6117e+04   2.6044e+04   2.4918e+04   2.4294e+04   2.3858e+04   2.3015e+04   2.2522e+04   2.1803e+04   2.1658e+04   2.1092e+04   2.0549e+04   2.0263e+04   1.9678e+04   1.9105e+04   1.8844e+04   1.8775e+04   1.8503e+04   1.8498e+04   1.7799e+04   1.7795e+04   1.7918e+04   1.7610e+04   1.7515e+04   1.7273e+04   1.6879e+04   1.6232e+04   1.6037e+04   1.5587e+04   1.5149e+04   1.4709e+04   1.4322e+04   1.4207e+04   1.3875e+04   1.3395e+04   1.3134e+04   1.2862e+04   1.2945e+04   1.2893e+04   1.2995e+04   1.2538e+04   1.2873e+04   1.2979e+04   1.2746e+04   1.2602e+04   1.2500e+04   1.2254e+04   1.1942e+04   1.1681e+04   1.1372e+04   1.1180e+04   1.1183e+04   1.1229e+04   1.1132e+04   1.0950e+04   1.1067e+04   1.1090e+04   1.0836e+04   1.0812e+04   1.0655e+04
   7.8230e+01   2.8820e+05   2.5076e+05   2.1354e+05   1.7983e+05   1.5680e+05   1.3817e+05   1.2118e+05   1.0880e+05   9.6269e+04   8.7445e+04   8.1507e+04   7.5519e+04   6.8195e+04   6.4038e+04   6.0939e+04   5.6023e+04   5.3117e+04   4.8974e+04   4.8751e+04   4.7277e+04   4.6050e+04   4.4915e+04   4.3779e+04   4.1429e+04   4.0070e+04   3.7783e+04   3.6913e+04   3.5124e+04   3.3865e+04   3.3716e+04   3.1648e+04   3.0375e+04   2.9459e+04   2.9378e+04   2.8687e+04   2.7733e+04   2.6378e+04   2.5712e+04   2.4666e+04   2.3667e+04   2.3126e+04   2.2294e+04   2.1362e+04   2.0434e+04   2.0728e+04   2.1102e+04   2.1149e+04   2.1060e+04   2.0574e+04   2.0725e+04   2.0041e+04   1.9613e+04   1.8996e+04   1.8971e+04   1.8406e+04   1.7698e+04   1.7350e+04   1.6760e+04   1.6050e+04   1.5875e+04   1.6185e+04   1.6221e+04   1.5638e+04   1.5254e+04   1.4828e+04   1.5079e+04   1.4474e+04   1.4392e+04   1.4384e+04   1.3924e+04   1.3660e+04   1.3767e+04   1.3338e+04   1.2758e+04   1.3263e+04   1.2761e+04   1.2529e+04   1.2230e+04   1.2296e+04   1.2165e+04   1.2528e+04   1.2193e+04   1.2017e+04   1.1613e+04   1.1188e+04   1.1081e+04   1.0966e+04   1.0945e+04   1.0623e+04   1.0423e+04   1.0411e+04   1.0418e+04   1.0711e+04   1.0700e+04   1.0560e+04   1.0407e+04   1.0122e+04   1.0126e+04   9.8532e+03
   1.9256e+01   2.9072e+05   2.5119e+05   2.0377e+05   1.7198e+05   1.4444e+05   1.2565e+05   1.0826e+05   9.5162e+04   8.7509e+04   8.0453e+04   7.5283e+04   7.0101e+04   6.6480e+04   6.1950e+04   5.6773e+04   5.1798e+04   4.9351e+04   4.7937e+04   4.6081e+04   4.3666e+04   4.1484e+04   4.0093e+04   3.8428e+04   3.8363e+04   3.7029e+04   3.6491e+04   3.5393e+04   3.3361e+04   3.1434e+04   2.9132e+04   2.8331e+04   2.7294e+04   2.5417e+04   2.5179e+04   2.4163e+04   2.2936e+04   2.3124e+04   2.2461e+04   2.2332e+04   2.0971e+04   2.1294e+04   2.1530e+04   2.1638e+04   2.1108e+04   2.0355e+04   1.9382e+04   1.9779e+04   1.9054e+04   1.8728e+04   1.7635e+04   1.7110e+04   1.7037e+04   1.7127e+04   1.6984e+04   1.6498e+04   1.6662e+04   1.6404e+04   1.6066e+04   1.5683e+04   1.5335e+04   1.4680e+04   1.4071e+04   1.3674e+04   1.3446e+04   1.3386e+04   1.3261e+04   1.3264e+04   1.2755e+04   1.2632e+04   1.2827e+04   1.2836e+04   1.3160e+04   1.3041e+04   1.2875e+04   1.2887e+04   1.2639e+04   1.2587e+04   1.2483e+04   1.2550e+04   1.1941e+04   1.1387e+04   1.1195e+04   1.1478e+04   1.1382e+04   1.1147e+04   1.1084e+04   1.1055e+04   1.1205e+04   1.1332e+04   1.1012e+04   1.0800e+04   1.0643e+04   1.0775e+04   1.0615e+04   1.0589e+04   1.0539e+04   1.0438e+04   1.0708e+04   1.0806e+04
   1.1829e+02   2.7801e+05   2.4108e+05   1.9594e+05   1.5947e+05   1.3430e+05   1.2273e+05   1.1134e+05   1.0086e+05   8.8593e+04   7.8903e+04   7.2415e+04   6.6793e+04   6.1989e+04   5.9085e+04   5.4801e+04   5.2752e+04   4.9433e+04   4.5401e+04   4.4489e+04   4.2808e+04   4.1464e+04   4.0396e+04   3.8101e+04   3.5965e+04   3.4073e+04   3.2727e+04   3.2248e+04   3.1085e+04   2.9125e+04   2.7929e+04   2.7236e+04   2.6042e+04   2.5315e+04   2.4636e+04   2.3046e+04   2.3360e+04   2.2008e+04   2.0534e+04   1.9197e+04   1.9095e+04   1.9107e+04   1.9504e+04   1.8995e+04   1.8796e+04   1.8037e+04   1.7860e+04   1.7270e+04   1.6442e+04   1.6612e+04   1.6604e+04   1.6132e+04   1.5347e+04   1.4751e+04   1.4058e+04   1.2982e+04   1.2741e+04   1.2678e+04   1.2438e+04   1.2323e+04   1.2355e+04   1.2017e+04   1.1693e+04   1.1518e+04   1.1614e+04   1.1811e+04   1.1697e+04   1.1397e+04   1.1525e+04   1.1532e+04   1.1435e+04   1.0913e+04   1.0895e+04   1.0403e+04   1.0432e+04   1.0080e+04   9.8972e+03   9.8563e+03   9.2962e+03   8.7201e+03   9.1341e+03   9.1995e+03   9.1478e+03   9.4600e+03   9.4553e+03   9.6308e+03   9.4349e+03   9.2878e+03   8.5832e+03   8.4147e+03   8.2560e+03   7.8363e+03   8.0138e+03   8.2041e+03   8.0118e+03   8.0721e+03   8.2026e+03   8.1035e+03   8.2028e+03   8.0568e+03
   1.4321e+02   2.6409e+05   2.2528e+05   1.8555e+05   1.5557e+05   1.3706e+05   1.2045e+05   1.0538e+05   8.9068e+04   8.0846e+04   7.4595e+04   6.8749e+04   6.3405e+04   5.7715e+04   5.4664e+04   5.2638e+04   4.9470e+04   4.5805e+04   4.3983e+04   4.3099e+04   4.0758e+04   3.8246e+04   3.6446e+04   3.5668e+04   3.4166e+04   3.3244e+04   3.2961e+04   3.0228e+04   2.8565e+04   2.7822e+04   2.5838e+04   2.4758e+04   2.4928e+04   2.3853e+04   2.4130e+04   2.3777e+04   2.3197e+04   2.3355e+04   2.2598e+04   2.1181e+04   2.1181e+04   2.1440e+04   2.1293e+04   1.9560e+04   1.8398e+04   1.8216e+04   1.8429e+04   1.8626e+04   1.8279e+04   1.7280e+04   1.7066e+04   1.6380e+04   1.6221e+04   1.5722e+04   1.4961e+04   1.4779e+04   1.4959e+04   1.4737e+04   1.4119e+04   1.3683e+04   1.3374e+04   1.2861e+04   1.3019e+04   1.3059e+04   1.2860e+04   1.2374e+04   1.1450e+04   1.1229e+04   1.1051e+04   1.0649e+04   1.1161e+04   1.1293e+04   1.1176e+04   1.1450e+04   1.1047e+04   1.0272e+04   9.9704e+03   1.0091e+04   9.7444e+03   9.2640e+03   9.2287e+03   9.1811e+03   9.3227e+03   9.0080e+03   9.0505e+03   9.3123e+03   9.3012e+03   8.7765e+03   8.7769e+03   8.8272e+03   8.8833e+03   8.8786e+03   8.9493e+03   8.6651e+03   8.3220e+03   7.8255e+03   7.4385e+03   7.6661e+03   7.8480e+03   7.6658e+03
   1.7563e+02   2.6072e+05   2.2117e+05   1.8232e+05   1.4919e+05   1.2869e+05   1.1190e+05   9.7955e+04   8.8578e+04   8.0323e+04   7.2492e+04   6.4510e+04   5.8258e+04   5.3382e+04   4.9684e+04   4.6833e+04   4.6610e+04   4.3778e+04   4.2563e+04   4.0257e+04   3.7822e+04   3.5598e+04   3.3628e+04   3.2613e+04   3.2493e+04   3.2047e+04   3.0103e+04   2.8748e+04   2.8126e+04   2.6469e+04   2.5713e+04   2.5892e+04   2.5277e+04   2.5278e+04   2.4575e+04   2.3559e+04   2.1380e+04   2.1257e+04   2.0368e+04   1.9468e+04   1.9448e+04   1.9489e+04   1.9296e+04   1.9570e+04   1.9652e+04   1.8868e+04   1.8134e+04   1.7194e+04   1.6562e+04   1.5558e+04   1.4432e+04   1.3774e+04   1.3445e+04   1.4399e+04   1.4455e+04   1.3963e+04   1.3978e+04   1.3898e+04   1.3412e+04   1.2411e+04   1.1574e+04   1.1136e+04   1.1054e+04   1.1017e+04   1.0863e+04   1.0494e+04   1.0228e+04   9.8247e+03   9.6359e+03   9.3153e+03   8.8577e+03   9.0688e+03   9.3264e+03   9.4521e+03   9.1813e+03   8.6471e+03   8.6756e+03   8.4295e+03   7.7135e+03   7.2630e+03   7.1428e+03   6.7388e+03   6.8258e+03   7.4603e+03   7.7597e+03   7.7665e+03   8.0015e+03   8.0605e+03   8.1079e+03   7.9164e+03   7.8227e+03   7.8047e+03   7.6020e+03   7.6166e+03   7.6329e+03   7.7533e+03   7.8015e+03   7.6715e+03   7.7153e+03   7.7594e+03
   1.2690e+02   2.5111e+05   2.0994e+05   1.6744e+05   1.3843e+05   1.1744e+05   9.8867e+04   8.7157e+04   7.7615e+04   6.8391e+04   6.4153e+04   5.8146e+04   5.4240e+04   5.1667e+04   4.8540e+04   4.5782e+04   4.2084e+04   3.8600e+04   3.6947e+04   3.4094e+04   3.2442e+04   3.0085e+04   2.8012e+04   2.5468e+04   2.4679e+04   2.4884e+04   2.4730e+04   2.2219e+04   2.0312e+04   1.8924e+04   1.8454e+04   1.7016e+04   1.6943e+04   1.6784e+04   1.6427e+04   1.5876e+04   1.5372e+04   1.5382e+04   1.5391e+04   1.5238e+04   1.4560e+04   1.3955e+04   1.3117e+04   1.2302e+04   1.1489e+04   1.0930e+04   1.0118e+04   1.0069e+04   9.6649e+03   1.0107e+04   9.6581e+03   9.0544e+03   8.7053e+03   9.1165e+03   9.3597e+03   9.6342e+03   9.5147e+03   9.2132e+03   8.8787e+03   8.6271e+03   8.2199e+03   8.3359e+03   8.2534e+03   7.9443e+03   7.7991e+03   7.1574e+03   6.9261e+03   7.2601e+03   6.8435e+03   6.6978e+03   7.3340e+03   7.3674e+03   7.4634e+03   7.4233e+03   7.2871e+03   6.9505e+03   7.1274e+03   6.8390e+03   6.7911e+03   6.4355e+03   6.7552e+03   6.7999e+03   6.3973e+03   6.2049e+03   5.9178e+03   5.6765e+03   5.5029e+03   5.3749e+03   5.0641e+03   5.2466e+03   6.0155e+03   6.0334e+03   5.9552e+03   5.7151e+03   5.5647e+03   5.7395e+03   5.4997e+03   5.7288e+03   5.9332e+03   5.9023e+03

   7.4080e+03
   8.6600e+03
   9.7830e+03
   1.1876e+04
   1.2751e+04
   1.4198e+04
   1.8712e+04

