   2.0000
   2.0050
   2.0100
   2.0150
   2.0200
   2.0250
   2.0300
   2.0350
   2.0400
   2.0450
   2.0500
   2.0550
   2.0600
   2.0650
   2.0700
   2.0750
   2.0800
   2.0850
   2.0900
   2.0950
   2.1000
   2.1050
   2.1100
   2.1150
   2.1200
   2.1250
   2.1300
   2.1350
   2.1400
   2.1450
   2.1500
   2.1550
   2.1600
   2.1650
   2.1700
   2.1750
   2.1800
   2.1850
   2.1900
   2.1950
   2.2000
   2.2050
   2.2100
   2.2150
   2.2200
   2.2250
   2.2300
   2.2350
   2.2400
   2.2450
   2.2500
   2.2550
   2.2600
   2.2650
   2.2700
   2.2750
   2.2800
   2.2850
   2.2900
   2.2950
   2.3000
   2.3050
   2.3100
   2.3150
   2.3200
   2.3250
   2.3300
   2.3350
   2.3400
   2.3450
   2.3500
   2.3550
   2.3600
   2.3650
   2.3700
   2.3750
   2.3800
   2.3850
   2.3900
   2.3950
   2.4000
   2.4050
   2.4100
   2.4150
   2.4200
   2.4250
   2.4300
   2.4350
   2.4400
   2.4450
   2.4500
   2.4550
   2.4600
   2.4650
   2.4700
   2.4750
   2.4800
   2.4850
   2.4900
   2.4950
   2.5000
   2.5050
   2.5100
   2.5150
   2.5200
   2.5250
   2.5300
   2.5350
   2.5400
   2.5450
   2.5500
   2.5550
   2.5600
   2.5650
   2.5700
   2.5750
   2.5800
   2.5850
   2.5900
   2.5950

        0        0        0        0        0        0        0        0        0        0
        0        0        0        0        0        0        0        0        0        0
        0        0        0        0        0        0        0        0        0        0
        0        0        0        0        0        0        0        0        0        0
        0        0        0        0        0        0        0        0        0        0
        0        0        0        0        0        0        0        0        0        0
        0        0        0        0        0        0        0        0        0        0
        0        0        0        0        0        0        0        0        0        0
        0        0        0        0        0        0        0        0        0        0
        0        0        0        0        0        0        0        0        0        0
        0        0        0        0        0        0        0        0        0        0
        0        0        0        0        0        0        0        0        0        0
        0        0        0        0        0        0        0        0        0        0
        0        0        0        0        0        0        0        0        0        0
        0        0        0        0        0        0        0        0        0        0
        0        0        0        0        0        0        0        0        0        0
        0        0        0        0        0        0        0        0        0        0
        0        0        0        0        0        0        0        0        0        0
        0        0        0        0        0        0        0        0        0        0
        0        0        0        0        0        0        0        0        0        0
        0        0        0        0        0        0        0        0        0        0
        0        0        0        0        0        0        0        0        0        0
        0        0        0        0        0        0        0        0        0        0
        0        0        0        0        0        0        0        0        0        0
        0        0        0        0        0        0        0        0        0        0
        0        0        0        0        0        0        0        0        0        0
        0        0        0        0        0        0        0        0        0        0
        0        0        0        0        0        0        0        0        0        0
        0        0        0        0        0        0        0        0        0        0
        0        0        0        0        0        0        0        0        0        0
        0        0        0        0        0        0        0        0        0        0
        0        0        0        0        0        0        0        0        0        0
        0        0        0        0        0        0        0        0        0        0
        0        0        0        0        0        0        0        0        0        0
        0        0        0        0        0        0        0        0        0        0
        0        0        0        0        0        0        0        0        0        0
        0        0        0        0        0        0        0        0        0        0
        0        0        0        0        0        0        0        0        0        0
        0        0        0        0        0        0        0        0        0        0
        0        0        0        0        0        0        0        0        0        0
        0        0        0        0        0        0        0        0        0        0
        0        0        0        0        0        0        0        0        0        0
        0        0        0        0        0        0        0        0        0        0
        0        0        0        0        0        0        0        0        0        0
        0        0        0        0        0        0        0        0        0        0
        0        0        0        0        0        0        0        0        0        0
        0        0        0        0        0        0        0        0        0        0
        0        0        0        0        0        0        0        0        0        0
        0        0        0        0        0        0        0        0        0        0
        0        0        0        0        0        0        0        0        0        0
        0        0        0        0        0        0        0        0        0        0
        0        0        0        0        0        0        0        0        0        0
        0        0        0        0        0        0        0        0        0        0
        0        0        0        0        0        0        0        0        0        0
        0        0        0        0        0        0        0        0        0        0
        0        0        0        0        0        0        0        0        0        0
        0        0        0        0        0        0        0        0        0        0
        0        0        0        0        0        0        0        0        0        0
        0        0        0        0        0        0        0        0        0        0
        0        0        0        0        0        0        0        0        0        0
     -inf  -1.3336  -1.3401  -1.3413  -1.3424  -1.3454  -1.3473  -1.3471  -1.3474  -1.3478
     -inf  -1.3521  -1.3479  -1.3469  -1.3441  -1.3418  -1.3399  -1.3384  -1.3388  -1.3400
     -inf  -1.3330  -1.3300  -1.3305  -1.3312  -1.3306  -1.3317  -1.3306  -1.3307  -1.3309
     -inf  -1.3224  -1.3215  -1.3217  -1.3210  -1.3201  -1.3211  -1.3211  -1.3209  -1.3207
     -inf  -1.3161  -1.3122  -1.3131  -1.3114  -1.3109  -1.3111  -1.3107  -1.3095  -1.3116
     -inf  -1.3070  -1.3087  -1.3041  -1.3068  -1.3066  -1.3063  -1.3059  -1.3057  -1.3052
     -inf  -1.3064  -1.3036  -1.3022  -1.3013  -1.2999  -1.2984  -1.2981  -1.2976  -1.2976
     -inf  -1.2892  -1.2869  -1.2849  -1.2868  -1.2878  -1.2881  -1.2879  -1.2880  -1.2887
     -inf  -1.2781  -1.2782  -1.2773  -1.2768  -1.2785  -1.2778  -1.2781  -1.2789  -1.2794
     -inf  -1.2757  -1.2740  -1.2744  -1.2747  -1.2737  -1.2735  -1.2732  -1.2726  -1.2722
     -inf  -1.2648  -1.2650  -1.2649  -1.2653  -1.2653  -1.2650  -1.2650  -1.2654  -1.2650
     -inf  -1.2630  -1.2611  -1.2606  -1.2606  -1.2606  -1.2604  -1.2606  -1.2608  -1.2608
     -inf  -1.2540  -1.2552  -1.2538  -1.2531  -1.2531  -1.2527  -1.2531  -1.2527  -1.2528
     -inf  -1.2433  -1.2472  -1.2473  -1.2469  -1.2465  -1.2460  -1.2463  -1.2459  -1.2457
     -inf  -1.2383  -1.2387  -1.2385  -1.2386  -1.2383  -1.2382  -1.2386  -1.2386  -1.2385
     -inf  -1.2329  -1.2329  -1.2338  -1.2333  -1.2333  -1.2334  -1.2332  -1.2334  -1.2331
     -inf  -1.2284  -1.2270  -1.2274  -1.2273  -1.2268  -1.2271  -1.2270  -1.2271  -1.2269
     -inf  -1.2216  -1.2221  -1.2220  -1.2207  -1.2205  -1.2207  -1.2209  -1.2212  -1.2209
     -inf  -1.2157  -1.2159  -1.2170  -1.2160  -1.2157  -1.2159  -1.2156  -1.2157  -1.2157
     -inf  -1.2076  -1.2076  -1.2083  -1.2081  -1.2079  -1.2083  -1.2090  -1.2095  -1.2093
     -inf  -1.2045  -1.2038  -1.2041  -1.2039  -1.2036  -1.2040  -1.2046  -1.2044  -1.2042
     -inf  -1.1983  -1.1992  -1.1994  -1.1992  -1.1984  -1.1983  -1.1982  -1.1981  -1.1983
     -inf  -1.1935  -1.1927  -1.1920  -1.1925  -1.1925  -1.1925  -1.1927  -1.1927  -1.1925
     -inf  -1.1873  -1.1884  -1.1877  -1.1879  -1.1877  -1.1874  -1.1871  -1.1870  -1.1874
     -inf  -1.1815  -1.1814  -1.1810  -1.1813  -1.1814  -1.1812  -1.1813  -1.1812  -1.1816
     -inf  -1.1764  -1.1758  -1.1755  -1.1759  -1.1761  -1.1761  -1.1759  -1.1760  -1.1762
     -inf  -1.1730  -1.1722  -1.1718  -1.1718  -1.1715  -1.1717  -1.1717  -1.1716  -1.1717
     -inf  -1.1681  -1.1671  -1.1672  -1.1666  -1.1666  -1.1664  -1.1663  -1.1665  -1.1664
     -inf  -1.1603  -1.1604  -1.1605  -1.1603  -1.1606  -1.1607  -1.1608  -1.1609  -1.1608
     -inf  -1.1529  -1.1548  -1.1558  -1.1559  -1.1561  -1.1559  -1.1559  -1.1562  -1.1563
        0        0        0        0        0        0        0        0        0        0
        0        0        0        0        0        0        0        0        0        0
        0        0        0        0        0        0        0        0        0        0
        0        0        0        0        0        0        0        0        0        0
        0        0        0        0        0        0        0        0        0        0
        0        0        0        0        0        0        0        0        0        0
        0        0        0        0        0        0        0        0        0        0
        0        0        0        0        0        0        0        0        0        0
        0        0        0        0        0        0        0        0        0        0
        0        0        0        0        0        0        0        0        0        0
        0        0        0        0        0        0        0        0        0        0
        0        0        0        0        0        0        0        0        0        0
        0        0        0        0        0        0        0        0        0        0
        0        0        0        0        0        0        0        0        0        0
        0        0        0        0        0        0        0        0        0        0
        0        0        0        0        0        0        0        0        0        0
        0        0        0        0        0        0        0        0        0        0
        0        0        0        0        0        0        0        0        0        0
        0        0        0        0        0        0        0        0        0        0
        0        0        0        0        0        0        0        0        0        0
        0        0        0        0        0        0        0        0        0        0
        0        0        0        0        0        0        0        0        0        0
        0        0        0        0        0        0        0        0        0        0
        0        0        0        0        0        0        0        0        0        0
        0        0        0        0        0        0        0        0        0        0
        0        0        0        0        0        0        0        0        0        0
        0        0        0        0        0        0        0        0        0        0
        0        0        0        0        0        0        0        0        0        0
        0        0        0        0        0        0        0        0        0        0
        0        0        0        0        0        0        0        0        0        0

            0            0            0            0            0            0            0            0            0            0
            0            0            0            0            0            0            0            0            0            0
            0            0            0            0            0            0            0            0            0            0
            0            0            0            0            0            0            0            0            0            0
            0            0            0            0            0            0            0            0            0            0
            0            0            0            0            0            0            0            0            0            0
            0            0            0            0            0            0            0            0            0            0
            0            0            0            0            0            0            0            0            0            0
            0            0            0            0            0            0            0            0            0            0
            0            0            0            0            0            0            0            0            0            0
            0            0            0            0            0            0            0            0            0            0
            0            0            0            0            0            0            0            0            0            0
            0            0            0            0            0            0            0            0            0            0
            0            0            0            0            0            0            0            0            0            0
            0            0            0            0            0            0            0            0            0            0
            0            0            0            0            0            0            0            0            0            0
            0            0            0            0            0            0            0            0            0            0
            0            0            0            0            0            0            0            0            0            0
            0            0            0            0            0            0            0            0            0            0
            0            0            0            0            0            0            0            0            0            0
            0            0            0            0            0            0            0            0            0            0
            0            0            0            0            0            0            0            0            0            0
            0            0            0            0            0            0            0            0            0            0
            0            0            0            0            0            0            0            0            0            0
            0            0            0            0            0            0            0            0            0            0
            0            0            0            0            0            0            0            0            0            0
            0            0            0            0            0            0            0            0            0            0
            0            0            0            0            0            0            0            0            0            0
            0            0            0            0            0            0            0            0            0            0
            0            0            0            0            0            0            0            0            0            0
            0            0            0            0            0            0            0            0            0            0
            0            0            0            0            0            0            0            0            0            0
            0            0            0            0            0            0            0            0            0            0
            0            0            0            0            0            0            0            0            0            0
            0            0            0            0            0            0            0            0            0            0
            0            0            0            0            0            0            0            0            0            0
            0            0            0            0            0            0            0            0            0            0
            0            0            0            0            0            0            0            0            0            0
            0            0            0            0            0            0            0            0            0            0
            0            0            0            0            0            0            0            0            0            0
            0            0            0            0            0            0            0            0            0            0
            0            0            0            0            0            0            0            0            0            0
            0            0            0            0            0            0            0            0            0            0
            0            0            0            0            0            0            0            0            0            0
            0            0            0            0            0            0            0            0            0            0
            0            0            0            0            0            0            0            0            0            0
            0            0            0            0            0            0            0            0            0            0
            0            0            0            0            0            0            0            0            0            0
            0            0            0            0            0            0            0            0            0            0
            0            0            0            0            0            0            0            0            0            0
            0            0            0            0            0            0            0            0            0            0
            0            0            0            0            0            0            0            0            0            0
            0            0            0            0            0            0            0            0            0            0
            0            0            0            0            0            0            0            0            0            0
            0            0            0            0            0            0            0            0            0            0
            0            0            0            0            0            0            0            0            0            0
            0            0            0            0            0            0            0            0            0            0
            0            0            0            0            0            0            0            0            0            0
            0            0            0            0            0            0            0            0            0            0
            0            0            0            0            0            0            0            0            0            0
         -inf  -4.7311e-02  -1.4912e-01  -8.5435e-02  -1.3100e-01  -6.4282e-02  -6.1386e-02  -8.5990e-02  -8.9563e-02  -9.7959e-02
         -inf  -6.0046e-02  -2.9253e-02  -5.1866e-02   3.3408e-02   1.9057e-02   4.6551e-02   5.9232e-02   1.9395e-02   4.2761e-02
          inf  -1.3755e-01  -2.2932e-01  -1.7821e-01  -9.8741e-02  -4.6173e-02  -5.2029e-02  -8.4753e-02  -8.3336e-02  -6.7549e-02
          inf  -1.8871e-01  -1.2899e-01  -1.0612e-01  -1.0735e-01  -5.8294e-02  -2.1010e-02  -4.6188e-02  -1.4808e-02   6.4216e-03
         -inf  -2.2014e-02  -2.5185e-02  -6.0846e-03   1.1761e-02  -7.7935e-03  -7.7923e-04   8.5003e-03  -1.2922e-03   3.2251e-02
         -inf  -1.4317e-01  -1.4328e-01  -1.0347e-01  -1.5572e-01  -1.1788e-01  -1.0284e-01  -1.0658e-01  -9.9158e-02  -6.6377e-02
          inf   2.9579e-01   8.7530e-02   1.2354e-01   8.1029e-02   8.5230e-02   7.3289e-02   6.9403e-02   3.5021e-02   1.8617e-02
          inf  -8.8833e-02  -9.3007e-02  -6.3066e-02  -2.1650e-02   1.1849e-02   6.6523e-03   2.3292e-03  -1.7848e-02  -1.3333e-02
         -inf   1.7012e-02   4.7424e-04   2.0498e-02   2.7692e-02   4.4965e-03   4.2292e-03   6.2517e-03  -1.9186e-02  -3.2939e-02
          inf   4.8309e-02   1.8632e-02   5.3553e-02   3.1836e-02   2.3779e-02   2.2594e-02   2.1935e-02   2.3320e-02   1.7306e-02
         -inf  -1.0149e-01  -2.0407e-02   1.9812e-02   2.3109e-02   3.8932e-02   3.6751e-02   4.0251e-02   3.7162e-02   2.7367e-02
         -inf   8.2615e-02   1.8681e-02  -5.1480e-03   1.6438e-02   1.6327e-03   4.6593e-03   1.8682e-02   2.5936e-02   3.6797e-02
          inf   6.1803e-02   5.9333e-02   2.6932e-02   4.2706e-02   4.3206e-02   3.8956e-02   4.0248e-02   3.5850e-02   2.9267e-02
          inf   3.9336e-02   2.6327e-02  -8.7276e-05  -1.8572e-02  -8.1453e-03  -5.0609e-03   9.1829e-04   1.8362e-03   1.0467e-02
          inf  -2.6955e-02   4.6026e-03  -2.5162e-02  -4.1386e-02  -2.8019e-02  -1.8278e-02  -1.6581e-02  -1.6543e-02  -1.3929e-02
          inf  -2.5839e-03  -1.6159e-02  -1.2113e-02  -8.1458e-03  -1.1526e-02  -1.2001e-02  -1.1143e-02  -2.3721e-03   1.8659e-03
         -inf  -3.7868e-02  -2.1810e-02  -3.0609e-02  -2.2877e-02  -2.5045e-02  -2.4665e-02  -3.1138e-02  -2.8354e-02  -2.3400e-02
          inf  -1.1151e-02  -1.8889e-02   2.1458e-03   3.7594e-03   8.7766e-03   7.0567e-03   1.0815e-03   3.8701e-04   3.8750e-05
          inf   1.6399e-02   1.7866e-02   1.1342e-02   1.7798e-02   1.9080e-02   1.8035e-02   1.5097e-02   1.1817e-02   1.2389e-02
          inf  -8.6108e-03   3.8492e-03   7.3663e-03   8.6183e-03   4.0366e-03   9.5711e-03   9.3391e-03   1.5623e-02   1.4257e-02
          inf   1.3286e-02   2.6418e-02   1.8700e-02   7.7649e-03   5.9404e-03  -1.2861e-03   2.0698e-03   7.8074e-03   8.2312e-03
         -inf  -8.8018e-03  -5.1080e-03  -6.5451e-03  -1.1434e-02  -9.1645e-03  -1.2295e-02  -1.1034e-02  -1.0198e-02  -6.2033e-03
          inf  -3.7772e-02  -2.5822e-02  -1.6033e-02  -5.0254e-03  -5.6035e-03  -5.2013e-03  -3.2652e-03  -4.1982e-03  -2.3058e-03
         -inf  -4.1931e-03  -1.5252e-02  -1.0149e-02  -9.2635e-03  -5.3232e-03  -5.1456e-03  -6.8543e-03  -4.0610e-03  -4.2653e-04
          inf   3.0877e-02   3.0339e-03   2.7545e-03   8.3847e-03   9.1218e-03   9.4839e-03   5.3347e-03   9.8487e-03   8.6007e-03
         -inf   1.9961e-02   1.2229e-02   4.1528e-03   1.6036e-03  -6.4345e-03  -9.4324e-03  -9.0670e-03  -7.5056e-03  -7.3227e-03
          inf  -2.4806e-03   1.7081e-03   1.8813e-03   6.4996e-03   6.7843e-03   9.2000e-03   2.2212e-03   3.3580e-03   3.6064e-03
          inf   2.9312e-02   2.1903e-03   2.6385e-03   1.1881e-04  -4.6608e-04  -2.4899e-03   6.7026e-05  -9.3017e-04   1.9097e-03
          inf   4.6544e-03   5.3811e-03  -3.5916e-03  -5.9884e-03  -9.3566e-03  -5.7084e-03  -5.8257e-03  -4.9096e-03  -1.8064e-03
          inf   3.4904e-04  -6.7562e-03  -4.8761e-03  -6.3981e-03  -2.0673e-03   1.4602e-03  -6.3966e-04   2.7974e-03  -3.1485e-03
            0            0            0            0            0            0            0            0            0            0
            0            0            0            0            0            0            0            0            0            0
            0            0            0            0            0            0            0            0            0            0
            0            0            0            0            0            0            0            0            0            0
            0            0            0            0            0            0            0            0            0            0
            0            0            0            0            0            0            0            0            0            0
            0            0            0            0            0            0            0            0            0            0
            0            0            0            0            0            0            0            0            0            0
            0            0            0            0            0            0            0            0            0            0
            0            0            0            0            0            0            0            0            0            0
            0            0            0            0            0            0            0            0            0            0
            0            0            0            0            0            0            0            0            0            0
            0            0            0            0            0            0            0            0            0            0
            0            0            0            0            0            0            0            0            0            0
            0            0            0            0            0            0            0            0            0            0
            0            0            0            0            0            0            0            0            0            0
            0            0            0            0            0            0            0            0            0            0
            0            0            0            0            0            0            0            0            0            0
            0            0            0            0            0            0            0            0            0            0
            0            0            0            0            0            0            0            0            0            0
            0            0            0            0            0            0            0            0            0            0
            0            0            0            0            0            0            0            0            0            0
            0            0            0            0            0            0            0            0            0            0
            0            0            0            0            0            0            0            0            0            0
            0            0            0            0            0            0            0            0            0            0
            0            0            0            0            0            0            0            0            0            0
            0            0            0            0            0            0            0            0            0            0
            0            0            0            0            0            0            0            0            0            0
            0            0            0            0            0            0            0            0            0            0
            0            0            0            0            0            0            0            0            0            0

        0        0        0        0        0        0        0        0        0        0
        0        0        0        0        0        0        0        0        0        0
        0        0        0        0        0        0        0        0        0        0
        0        0        0        0        0        0        0        0        0        0
        0        0        0        0        0        0        0        0        0        0
        0        0        0        0        0        0        0        0        0        0
        0        0        0        0        0        0        0        0        0        0
        0        0        0        0        0        0        0        0        0        0
        0        0        0        0        0        0        0        0        0        0
        0        0        0        0        0        0        0        0        0        0
        0        0        0        0        0        0        0        0        0        0
        0        0        0        0        0        0        0        0        0        0
        0        0        0        0        0        0        0        0        0        0
        0        0        0        0        0        0        0        0        0        0
        0        0        0        0        0        0        0        0        0        0
        0        0        0        0        0        0        0        0        0        0
        0        0        0        0        0        0        0        0        0        0
        0        0        0        0        0        0        0        0        0        0
        0        0        0        0        0        0        0        0        0        0
        0        0        0        0        0        0        0        0        0        0
        0        0        0        0        0        0        0        0        0        0
        0        0        0        0        0        0        0        0        0        0
        0        0        0        0        0        0        0        0        0        0
        0        0        0        0        0        0        0        0        0        0
        0        0        0        0        0        0        0        0        0        0
        0        0        0        0        0        0        0        0        0        0
        0        0        0        0        0        0        0        0        0        0
        0        0        0        0        0        0        0        0        0        0
        0        0        0        0        0        0        0        0        0        0
        0        0        0        0        0        0        0        0        0        0
        0        0        0        0        0        0        0        0        0        0
        0        0        0        0        0        0        0        0        0        0
        0        0        0        0        0        0        0        0        0        0
        0        0        0        0        0        0        0        0        0        0
        0        0        0        0        0        0        0        0        0        0
        0        0        0        0        0        0        0        0        0        0
        0        0        0        0        0        0        0        0        0        0
        0        0        0        0        0        0        0        0        0        0
        0        0        0        0        0        0        0        0        0        0
        0        0        0        0        0        0        0        0        0        0
        0        0        0        0        0        0        0        0        0        0
        0        0        0        0        0        0        0        0        0        0
        0        0        0        0        0        0        0        0        0        0
        0        0        0        0        0        0        0        0        0        0
        0        0        0        0        0        0        0        0        0        0
        0        0        0        0        0        0        0        0        0        0
        0        0        0        0        0        0        0        0        0        0
        0        0        0        0        0        0        0        0        0        0
        0        0        0        0        0        0        0        0        0        0
        0        0        0        0        0        0        0        0        0        0
        0        0        0        0        0        0        0        0        0        0
        0        0        0        0        0        0        0        0        0        0
        0        0        0        0        0        0        0        0        0        0
        0        0        0        0        0        0        0        0        0        0
        0        0        0        0        0        0        0        0        0        0
        0        0        0        0        0        0        0        0        0        0
        0        0        0        0        0        0        0        0        0        0
        0        0        0        0        0        0        0        0        0        0
        0        0        0        0        0        0        0        0        0        0
        0        0        0        0        0        0        0        0        0        0
      inf   0.2497   0.2950   0.3049   0.3194   0.3400   0.3544   0.3525   0.3546   0.3558
      inf   0.4523   0.4188   0.4098   0.3912   0.3739   0.3572   0.3421   0.3443   0.3543
      inf   0.3257   0.3337   0.3254   0.3276   0.3223   0.3311   0.3286   0.3258   0.3265
      inf   0.2916   0.3060   0.3178   0.3056   0.2987   0.3023   0.3033   0.3013   0.3000
      inf   0.2815   0.2686   0.2875   0.2730   0.2658   0.2669   0.2670   0.2568   0.2723
      inf   0.2837   0.3032   0.2695   0.2944   0.2914   0.2857   0.2853   0.2787   0.2727
      inf   0.3126   0.3011   0.2950   0.2818   0.2694   0.2554   0.2528   0.2529   0.2527
      inf   0.2506   0.2267   0.2135   0.2251   0.2327   0.2347   0.2335   0.2397   0.2440
      inf   0.1842   0.1949   0.1860   0.1830   0.1948   0.1905   0.1927   0.2002   0.2049
      inf   0.2448   0.2292   0.2311   0.2342   0.2201   0.2149   0.2119   0.2086   0.2069
      inf   0.2115   0.2046   0.2007   0.2019   0.1963   0.1872   0.1850   0.1909   0.1869
      inf   0.2095   0.1902   0.1907   0.1850   0.1850   0.1856   0.1860   0.1854   0.1878
      inf   0.1569   0.1728   0.1672   0.1668   0.1650   0.1616   0.1652   0.1656   0.1672
      inf   0.1597   0.1809   0.1805   0.1774   0.1714   0.1671   0.1660   0.1631   0.1628
      inf   0.1523   0.1515   0.1527   0.1517   0.1500   0.1483   0.1494   0.1478   0.1476
      inf   0.1495   0.1559   0.1509   0.1520   0.1544   0.1546   0.1518   0.1512   0.1498
      inf   0.1414   0.1399   0.1457   0.1424   0.1405   0.1447   0.1447   0.1426   0.1417
      inf   0.1440   0.1546   0.1512   0.1443   0.1421   0.1431   0.1430   0.1422   0.1402
      inf   0.1308   0.1375   0.1366   0.1346   0.1327   0.1316   0.1314   0.1309   0.1318
      inf   0.1211   0.1197   0.1255   0.1256   0.1252   0.1243   0.1264   0.1299   0.1286
      inf   0.1049   0.1088   0.1181   0.1212   0.1188   0.1238   0.1286   0.1283   0.1289
      inf   0.1085   0.1179   0.1218   0.1212   0.1188   0.1182   0.1181   0.1193   0.1200
      inf   0.1309   0.1234   0.1176   0.1181   0.1201   0.1201   0.1198   0.1195   0.1183
      inf   0.1106   0.1198   0.1151   0.1130   0.1137   0.1145   0.1132   0.1140   0.1141
      inf   0.0971   0.0995   0.1015   0.1014   0.1036   0.1028   0.1033   0.1045   0.1054
      inf   0.1096   0.1029   0.1014   0.1034   0.1036   0.1048   0.1047   0.1041   0.1042
      inf   0.1182   0.1058   0.1063   0.1021   0.1044   0.1043   0.1069   0.1065   0.1059
      inf   0.1206   0.1205   0.1191   0.1139   0.1125   0.1097   0.1092   0.1086   0.1094
      inf   0.0961   0.0922   0.0956   0.0981   0.0992   0.0988   0.0993   0.0995   0.0999
      inf   0.0917   0.0963   0.0987   0.0989   0.1010   0.1016   0.1007   0.1006   0.1009
        0        0        0        0        0        0        0        0        0        0
        0        0        0        0        0        0        0        0        0        0
        0        0        0        0        0        0        0        0        0        0
        0        0        0        0        0        0        0        0        0        0
        0        0        0        0        0        0        0        0        0        0
        0        0        0        0        0        0        0        0        0        0
        0        0        0        0        0        0        0        0        0        0
        0        0        0        0        0        0        0        0        0        0
        0        0        0        0        0        0        0        0        0        0
        0        0        0        0        0        0        0        0        0        0
        0        0        0        0        0        0        0        0        0        0
        0        0        0        0        0        0        0        0        0        0
        0        0        0        0        0        0        0        0        0        0
        0        0        0        0        0        0        0        0        0        0
        0        0        0        0        0        0        0        0        0        0
        0        0        0        0        0        0        0        0        0        0
        0        0        0        0        0        0        0        0        0        0
        0        0        0        0        0        0        0        0        0        0
        0        0        0        0        0        0        0        0        0        0
        0        0        0        0        0        0        0        0        0        0
        0        0        0        0        0        0        0        0        0        0
        0        0        0        0        0        0        0        0        0        0
        0        0        0        0        0        0        0        0        0        0
        0        0        0        0        0        0        0        0        0        0
        0        0        0        0        0        0        0        0        0        0
        0        0        0        0        0        0        0        0        0        0
        0        0        0        0        0        0        0        0        0        0
        0        0        0        0        0        0        0        0        0        0
        0        0        0        0        0        0        0        0        0        0
        0        0        0        0        0        0        0        0        0        0

        0        0        0        0        0        0        0        0        0        0
        0        0        0        0        0        0        0        0        0        0
        0        0        0        0        0        0        0        0        0        0
        0        0        0        0        0        0        0        0        0        0
        0        0        0        0        0        0        0        0        0        0
        0        0        0        0        0        0        0        0        0        0
        0        0        0        0        0        0        0        0        0        0
        0        0        0        0        0        0        0        0        0        0
        0        0        0        0        0        0        0        0        0        0
        0        0        0        0        0        0        0        0        0        0
        0        0        0        0        0        0        0        0        0        0
        0        0        0        0        0        0        0        0        0        0
        0        0        0        0        0        0        0        0        0        0
        0        0        0        0        0        0        0        0        0        0
        0        0        0        0        0        0        0        0        0        0
        0        0        0        0        0        0        0        0        0        0
        0        0        0        0        0        0        0        0        0        0
        0        0        0        0        0        0        0        0        0        0
        0        0        0        0        0        0        0        0        0        0
        0        0        0        0        0        0        0        0        0        0
        0        0        0        0        0        0        0        0        0        0
        0        0        0        0        0        0        0        0        0        0
        0        0        0        0        0        0        0        0        0        0
        0        0        0        0        0        0        0        0        0        0
        0        0        0        0        0        0        0        0        0        0
        0        0        0        0        0        0        0        0        0        0
        0        0        0        0        0        0        0        0        0        0
        0        0        0        0        0        0        0        0        0        0
        0        0        0        0        0        0        0        0        0        0
        0        0        0        0        0        0        0        0        0        0
        0        0        0        0        0        0        0        0        0        0
        0        0        0        0        0        0        0        0        0        0
        0        0        0        0        0        0        0        0        0        0
        0        0        0        0        0        0        0        0        0        0
        0        0        0        0        0        0        0        0        0        0
        0        0        0        0        0        0        0        0        0        0
        0        0        0        0        0        0        0        0        0        0
        0        0        0        0        0        0        0        0        0        0
        0        0        0        0        0        0        0        0        0        0
        0        0        0        0        0        0        0        0        0        0
        0        0        0        0        0        0        0        0        0        0
        0        0        0        0        0        0        0        0        0        0
        0        0        0        0        0        0        0        0        0        0
        0        0        0        0        0        0        0        0        0        0
        0        0        0        0        0        0        0        0        0        0
        0        0        0        0        0        0        0        0        0        0
        0        0        0        0        0        0        0        0        0        0
        0        0        0        0        0        0        0        0        0        0
        0        0        0        0        0        0        0        0        0        0
        0        0        0        0        0        0        0        0        0        0
        0        0        0        0        0        0        0        0        0        0
        0        0        0        0        0        0        0        0        0        0
        0        0        0        0        0        0        0        0        0        0
        0        0        0        0        0        0        0        0        0        0
        0        0        0        0        0        0        0        0        0        0
        0        0        0        0        0        0        0        0        0        0
        0        0        0        0        0        0        0        0        0        0
        0        0        0        0        0        0        0        0        0        0
        0        0        0        0        0        0        0        0        0        0
        0        0        0        0        0        0        0        0        0        0
      nan   1.6032   1.7845   1.9035   1.9307   2.0230   2.0566   2.0473   2.0438   2.0339
      nan   2.1621   2.0263   2.0243   2.0517   2.0539   2.0144   1.9813   2.0049   2.0539
      nan   1.9252   1.8480   1.8643   1.8981   1.8974   1.9042   1.8802   1.8828   1.8910
      nan   1.6899   1.6756   1.6895   1.6716   1.7095   1.7032   1.7171   1.7447   1.7320
      nan   1.8357   1.7361   1.8383   1.7865   1.7624   1.7713   1.7579   1.7186   1.8133
      nan   1.6421   1.6654   1.6339   1.7021   1.7269   1.7057   1.7074   1.6932   1.6667
      nan   1.9150   1.8204   1.9033   1.8539   1.8089   1.7498   1.7341   1.7124   1.6970
      nan   1.5463   1.4876   1.4711   1.4960   1.5439   1.5337   1.5451   1.5409   1.5700
      nan   1.2360   1.2911   1.2913   1.3120   1.3756   1.3654   1.3775   1.4017   1.4333
      nan   1.4830   1.5067   1.5361   1.5404   1.5029   1.4817   1.4652   1.4631   1.4600
      nan   1.3229   1.3607   1.3735   1.3710   1.3588   1.3392   1.3284   1.3532   1.3568
      nan   1.3839   1.3666   1.3557   1.3449   1.3563   1.3472   1.3450   1.3611   1.3600
      nan   1.2619   1.3131   1.3293   1.3131   1.3130   1.3121   1.3100   1.3189   1.3232
      nan   1.3498   1.3336   1.3334   1.3198   1.3124   1.2966   1.2945   1.2824   1.2832
      nan   1.2222   1.2222   1.2119   1.2270   1.2435   1.2457   1.2476   1.2456   1.2387
      nan   1.1639   1.2128   1.2407   1.2237   1.2292   1.2321   1.2162   1.2126   1.2103
      nan   1.3253   1.2453   1.2342   1.2147   1.2139   1.2256   1.2119   1.2054   1.2084
      nan   1.1893   1.2034   1.2144   1.2102   1.1905   1.1962   1.1955   1.1942   1.1894
      nan   1.2213   1.2458   1.1972   1.1868   1.1705   1.1718   1.1647   1.1571   1.1596
      nan   1.1150   1.1020   1.1295   1.1220   1.1220   1.1175   1.1280   1.1282   1.1345
      nan   1.0882   1.1259   1.1380   1.1344   1.1272   1.1231   1.1319   1.1264   1.1224
      nan   1.0643   1.1263   1.1258   1.1195   1.1082   1.1163   1.1241   1.1171   1.1146
      nan   1.1072   1.0931   1.0986   1.0976   1.0898   1.0837   1.0757   1.0783   1.0750
      nan   1.0982   1.0987   1.0704   1.0585   1.0572   1.0554   1.0549   1.0594   1.0532
      nan   1.0138   1.0117   1.0062   1.0064   1.0012   1.0129   1.0166   1.0196   1.0200
      nan   0.9897   0.9965   0.9962   1.0002   1.0045   1.0043   1.0128   1.0163   1.0156
      nan   0.9920   1.0115   1.0107   1.0170   1.0162   1.0114   1.0173   1.0211   1.0229
      nan   0.9992   1.0118   1.0111   1.0086   0.9982   0.9959   0.9969   1.0007   1.0023
      nan   0.9888   0.9894   1.0008   1.0020   1.0024   1.0037   1.0031   1.0064   1.0039
      nan   0.9429   0.9650   0.9837   0.9759   0.9767   0.9790   0.9719   0.9793   0.9804
        0        0        0        0        0        0        0        0        0        0
        0        0        0        0        0        0        0        0        0        0
        0        0        0        0        0        0        0        0        0        0
        0        0        0        0        0        0        0        0        0        0
        0        0        0        0        0        0        0        0        0        0
        0        0        0        0        0        0        0        0        0        0
        0        0        0        0        0        0        0        0        0        0
        0        0        0        0        0        0        0        0        0        0
        0        0        0        0        0        0        0        0        0        0
        0        0        0        0        0        0        0        0        0        0
        0        0        0        0        0        0        0        0        0        0
        0        0        0        0        0        0        0        0        0        0
        0        0        0        0        0        0        0        0        0        0
        0        0        0        0        0        0        0        0        0        0
        0        0        0        0        0        0        0        0        0        0
        0        0        0        0        0        0        0        0        0        0
        0        0        0        0        0        0        0        0        0        0
        0        0        0        0        0        0        0        0        0        0
        0        0        0        0        0        0        0        0        0        0
        0        0        0        0        0        0        0        0        0        0
        0        0        0        0        0        0        0        0        0        0
        0        0        0        0        0        0        0        0        0        0
        0        0        0        0        0        0        0        0        0        0
        0        0        0        0        0        0        0        0        0        0
        0        0        0        0        0        0        0        0        0        0
        0        0        0        0        0        0        0        0        0        0
        0        0        0        0        0        0        0        0        0        0
        0        0        0        0        0        0        0        0        0        0
        0        0        0        0        0        0        0        0        0        0
        0        0        0        0        0        0        0        0        0        0

            0            0            0            0            0            0            0            0            0            0
            0            0            0            0            0            0            0            0            0            0
            0            0            0            0            0            0            0            0            0            0
            0            0            0            0            0            0            0            0            0            0
            0            0            0            0            0            0            0            0            0            0
            0            0            0            0            0            0            0            0            0            0
            0            0            0            0            0            0            0            0            0            0
            0            0            0            0            0            0            0            0            0            0
            0            0            0            0            0            0            0            0            0            0
            0            0            0            0            0            0            0            0            0            0
            0            0            0            0            0            0            0            0            0            0
            0            0            0            0            0            0            0            0            0            0
            0            0            0            0            0            0            0            0            0            0
            0            0            0            0            0            0            0            0            0            0
            0            0            0            0            0            0            0            0            0            0
            0            0            0            0            0            0            0            0            0            0
            0            0            0            0            0            0            0            0            0            0
            0            0            0            0            0            0            0            0            0            0
            0            0            0            0            0            0            0            0            0            0
            0            0            0            0            0            0            0            0            0            0
            0            0            0            0            0            0            0            0            0            0
            0            0            0            0            0            0            0            0            0            0
            0            0            0            0            0            0            0            0            0            0
            0            0            0            0            0            0            0            0            0            0
            0            0            0            0            0            0            0            0            0            0
            0            0            0            0            0            0            0            0            0            0
            0            0            0            0            0            0            0            0            0            0
            0            0            0            0            0            0            0            0            0            0
            0            0            0            0            0            0            0            0            0            0
            0            0            0            0            0            0            0            0            0            0
            0            0            0            0            0            0            0            0            0            0
            0            0            0            0            0            0            0            0            0            0
            0            0            0            0            0            0            0            0            0            0
            0            0            0            0            0            0            0            0            0            0
            0            0            0            0            0            0            0            0            0            0
            0            0            0            0            0            0            0            0            0            0
            0            0            0            0            0            0            0            0            0            0
            0            0            0            0            0            0            0            0            0            0
            0            0            0            0            0            0            0            0            0            0
            0            0            0            0            0            0            0            0            0            0
            0            0            0            0            0            0            0            0            0            0
            0            0            0            0            0            0            0            0            0            0
            0            0            0            0            0            0            0            0            0            0
            0            0            0            0            0            0            0            0            0            0
            0            0            0            0            0            0            0            0            0            0
            0            0            0            0            0            0            0            0            0            0
            0            0            0            0            0            0            0            0            0            0
            0            0            0            0            0            0            0            0            0            0
            0            0            0            0            0            0            0            0            0            0
            0            0            0            0            0            0            0            0            0            0
            0            0            0            0            0            0            0            0            0            0
            0            0            0            0            0            0            0            0            0            0
            0            0            0            0            0            0            0            0            0            0
            0            0            0            0            0            0            0            0            0            0
            0            0            0            0            0            0            0            0            0            0
            0            0            0            0            0            0            0            0            0            0
            0            0            0            0            0            0            0            0            0            0
            0            0            0            0            0            0            0            0            0            0
            0            0            0            0            0            0            0            0            0            0
            0            0            0            0            0            0            0            0            0            0
          nan   2.3518e+02   2.7123e+02   3.3380e+02   3.3014e+02   4.1062e+02   4.4070e+02   4.2788e+02   4.2966e+02   4.2917e+02
          nan   6.2798e+02   5.6500e+02   5.3496e+02   5.0572e+02   4.7590e+02   4.3680e+02   4.0809e+02   4.2248e+02   4.3941e+02
          nan   3.5509e+02   2.5791e+02   3.0466e+02   3.7110e+02   3.8237e+02   3.9706e+02   3.7718e+02   3.7374e+02   3.8212e+02
          nan   2.1998e+02   2.9177e+02   3.2704e+02   3.0370e+02   3.1499e+02   3.2844e+02   3.2746e+02   3.3188e+02   3.2980e+02
          nan   2.9392e+02   2.7274e+02   3.0604e+02   2.8317e+02   2.7234e+02   2.7364e+02   2.7324e+02   2.5614e+02   2.8264e+02
          nan   2.3116e+02   2.7142e+02   2.4182e+02   2.4543e+02   2.7109e+02   2.7183e+02   2.6746e+02   2.6134e+02   2.6705e+02
          nan   1.1331e+02   3.1118e+02   2.8651e+02   2.8947e+02   2.6397e+02   2.4509e+02   2.4222e+02   2.4975e+02   2.5063e+02
          nan   2.1662e+02   1.7646e+02   1.7177e+02   1.9775e+02   2.1129e+02   2.1417e+02   2.1339e+02   2.2145e+02   2.2931e+02
          nan   1.2767e+02   1.4579e+02   1.3489e+02   1.2916e+02   1.4940e+02   1.4414e+02   1.4714e+02   1.5656e+02   1.6298e+02
          nan   2.1577e+02   2.0201e+02   2.0058e+02   2.0793e+02   1.8869e+02   1.8160e+02   1.7760e+02   1.7337e+02   1.7233e+02
          nan   1.3731e+02   1.5541e+02   1.5337e+02   1.5472e+02   1.4455e+02   1.3439e+02   1.3129e+02   1.4083e+02   1.3883e+02
          nan   1.5454e+02   1.4815e+02   1.4949e+02   1.4204e+02   1.4077e+02   1.3983e+02   1.3914e+02   1.3905e+02   1.3976e+02
          nan   9.4788e+01   1.1280e+02   1.1278e+02   1.0906e+02   1.0714e+02   1.0470e+02   1.0859e+02   1.1005e+02   1.1351e+02
          nan   1.0092e+02   1.2888e+02   1.2903e+02   1.2324e+02   1.1766e+02   1.1236e+02   1.1188e+02   1.0911e+02   1.0834e+02
          nan   9.2489e+01   9.4981e+01   9.4967e+01   9.1234e+01   9.1584e+01   9.0248e+01   9.1923e+01   8.9927e+01   8.9775e+01
          nan   8.6503e+01   9.5683e+01   9.2408e+01   9.3439e+01   9.7148e+01   9.6896e+01   9.3504e+01   9.3205e+01   9.1447e+01
          nan   8.1770e+01   7.9978e+01   8.4712e+01   8.2560e+01   8.0063e+01   8.4581e+01   8.3264e+01   8.1143e+01   8.1131e+01
          nan   8.4883e+01   9.4427e+01   8.9949e+01   8.2942e+01   8.0275e+01   8.1173e+01   8.0990e+01   8.0617e+01   7.8826e+01
          nan   7.4022e+01   8.0482e+01   7.8098e+01   7.4264e+01   7.2301e+01   7.2237e+01   7.1643e+01   7.1248e+01   7.2296e+01
          nan   6.1227e+01   5.9542e+01   6.4574e+01   6.4554e+01   6.4256e+01   6.3003e+01   6.5423e+01   6.8892e+01   6.7594e+01
          nan   4.5525e+01   4.9904e+01   5.9754e+01   6.1835e+01   5.9892e+01   6.4228e+01   6.8726e+01   6.8257e+01   6.8666e+01
          nan   4.8528e+01   5.9295e+01   6.2950e+01   6.1942e+01   5.9054e+01   5.8307e+01   5.8124e+01   5.9221e+01   5.9825e+01
          nan   6.3939e+01   5.7656e+01   5.4461e+01   5.6411e+01   5.7921e+01   5.7938e+01   5.7581e+01   5.7370e+01   5.6469e+01
          nan   5.1616e+01   5.8292e+01   5.4465e+01   5.2463e+01   5.3051e+01   5.3564e+01   5.2289e+01   5.3096e+01   5.2905e+01
          nan   3.7688e+01   4.1296e+01   4.2462e+01   4.2218e+01   4.4065e+01   4.3099e+01   4.3711e+01   4.4542e+01   4.5373e+01
          nan   4.9170e+01   4.4491e+01   4.3539e+01   4.5141e+01   4.4924e+01   4.5193e+01   4.5016e+01   4.4655e+01   4.4553e+01
          nan   5.5628e+01   4.6501e+01   4.6012e+01   4.2782e+01   4.4408e+01   4.4227e+01   4.6462e+01   4.5965e+01   4.5469e+01
          nan   5.6099e+01   5.8281e+01   5.6162e+01   5.1687e+01   5.0331e+01   4.8252e+01   4.7845e+01   4.7477e+01   4.8037e+01
          nan   3.7650e+01   3.4787e+01   3.7150e+01   3.9207e+01   4.0104e+01   3.9839e+01   4.0031e+01   4.0120e+01   4.0480e+01
          nan   3.3305e+01   3.7772e+01   3.9882e+01   3.9891e+01   4.1753e+01   4.2208e+01   4.1435e+01   4.1353e+01   4.1547e+01
            0            0            0            0            0            0            0            0            0            0
            0            0            0            0            0            0            0            0            0            0
            0            0            0            0            0            0            0            0            0            0
            0            0            0            0            0            0            0            0            0            0
            0            0            0            0            0            0            0            0            0            0
            0            0            0            0            0            0            0            0            0            0
            0            0            0            0            0            0            0            0            0            0
            0            0            0            0            0            0            0            0            0            0
            0            0            0            0            0            0            0            0            0            0
            0            0            0            0            0            0            0            0            0            0
            0            0            0            0            0            0            0            0            0            0
            0            0            0            0            0            0            0            0            0            0
            0            0            0            0            0            0            0            0            0            0
            0            0            0            0            0            0            0            0            0            0
            0            0            0            0            0            0            0            0            0            0
            0            0            0            0            0            0            0            0            0            0
            0            0            0            0            0            0            0            0            0            0
            0            0            0            0            0            0            0            0            0            0
            0            0            0            0            0            0            0            0            0            0
            0            0            0            0            0            0            0            0            0            0
            0            0            0            0            0            0            0            0            0            0
            0            0            0            0            0            0            0            0            0            0
            0            0            0            0            0            0            0            0            0            0
            0            0            0            0            0            0            0            0            0            0
            0            0            0            0            0            0            0            0            0            0
            0            0            0            0            0            0            0            0            0            0
            0            0            0            0            0            0            0            0            0            0
            0            0            0            0            0            0            0            0            0            0
            0            0            0            0            0            0            0            0            0            0
            0            0            0            0            0            0            0            0            0            0

            0            0            0            0            0            0            0            0            0            0
            0            0            0            0            0            0            0            0            0            0
            0            0            0            0            0            0            0            0            0            0
            0            0            0            0            0            0            0            0            0            0
            0            0            0            0            0            0            0            0            0            0
            0            0            0            0            0            0            0            0            0            0
            0            0            0            0            0            0            0            0            0            0
            0            0            0            0            0            0            0            0            0            0
            0            0            0            0            0            0            0            0            0            0
            0            0            0            0            0            0            0            0            0            0
            0            0            0            0            0            0            0            0            0            0
            0            0            0            0            0            0            0            0            0            0
            0            0            0            0            0            0            0            0            0            0
            0            0            0            0            0            0            0            0            0            0
            0            0            0            0            0            0            0            0            0            0
            0            0            0            0            0            0            0            0            0            0
            0            0            0            0            0            0            0            0            0            0
            0            0            0            0            0            0            0            0            0            0
            0            0            0            0            0            0            0            0            0            0
            0            0            0            0            0            0            0            0            0            0
            0            0            0            0            0            0            0            0            0            0
            0            0            0            0            0            0            0            0            0            0
            0            0            0            0            0            0            0            0            0            0
            0            0            0            0            0            0            0            0            0            0
            0            0            0            0            0            0            0            0            0            0
            0            0            0            0            0            0            0            0            0            0
            0            0            0            0            0            0            0            0            0            0
            0            0            0            0            0            0            0            0            0            0
            0            0            0            0            0            0            0            0            0            0
            0            0            0            0            0            0            0            0            0            0
            0            0            0            0            0            0            0            0            0            0
            0            0            0            0            0            0            0            0            0            0
            0            0            0            0            0            0            0            0            0            0
            0            0            0            0            0            0            0            0            0            0
            0            0            0            0            0            0            0            0            0            0
            0            0            0            0            0            0            0            0            0            0
            0            0            0            0            0            0            0            0            0            0
            0            0            0            0            0            0            0            0            0            0
            0            0            0            0            0            0            0            0            0            0
            0            0            0            0            0            0            0            0            0            0
            0            0            0            0            0            0            0            0            0            0
            0            0            0            0            0            0            0            0            0            0
            0            0            0            0            0            0            0            0            0            0
            0            0            0            0            0            0            0            0            0            0
            0            0            0            0            0            0            0            0            0            0
            0            0            0            0            0            0            0            0            0            0
            0            0            0            0            0            0            0            0            0            0
            0            0            0            0            0            0            0            0            0            0
            0            0            0            0            0            0            0            0            0            0
            0            0            0            0            0            0            0            0            0            0
            0            0            0            0            0            0            0            0            0            0
            0            0            0            0            0            0            0            0            0            0
            0            0            0            0            0            0            0            0            0            0
            0            0            0            0            0            0            0            0            0            0
            0            0            0            0            0            0            0            0            0            0
            0            0            0            0            0            0            0            0            0            0
            0            0            0            0            0            0            0            0            0            0
            0            0            0            0            0            0            0            0            0            0
            0            0            0            0            0            0            0            0            0            0
            0            0            0            0            0            0            0            0            0            0
          nan   6.7880e+01   9.1010e+01   9.5370e+01   9.4047e+01   1.0052e+02   1.0173e+02   1.0267e+02   1.0215e+02   1.0354e+02
          nan   6.9907e+01   8.0499e+01   7.6104e+01   8.3947e+01   8.8643e+01   8.8573e+01   9.2880e+01   9.4390e+01   9.5981e+01
          nan   1.1362e+02   9.5128e+01   9.9319e+01   1.0083e+02   1.0046e+02   1.0090e+02   9.7976e+01   9.8942e+01   9.9405e+01
          nan   8.3309e+01   7.8843e+01   7.8955e+01   7.7447e+01   7.7753e+01   7.7081e+01   7.9004e+01   8.1445e+01   8.1061e+01
          nan   7.6617e+01   7.5486e+01   7.8207e+01   7.7981e+01   7.7562e+01   7.7131e+01   7.6814e+01   7.4248e+01   8.0906e+01
          nan   6.6060e+01   7.4788e+01   7.1300e+01   7.3551e+01   7.5669e+01   7.6222e+01   7.4666e+01   7.4591e+01   7.4395e+01
          nan   8.5267e+01   8.3208e+01   8.9339e+01   8.9346e+01   8.4536e+01   8.0651e+01   7.9911e+01   7.7495e+01   7.6166e+01
          nan   6.6168e+01   5.9271e+01   5.7782e+01   6.0114e+01   6.3248e+01   6.3321e+01   6.3981e+01   6.4843e+01   6.6677e+01
          nan   3.5616e+01   4.1855e+01   4.1442e+01   3.9671e+01   4.5695e+01   4.4965e+01   4.5704e+01   4.7933e+01   5.1108e+01
          nan   5.8608e+01   5.9638e+01   6.2687e+01   6.0937e+01   5.7999e+01   5.6959e+01   5.6394e+01   5.6073e+01   5.6311e+01
          nan   4.3563e+01   4.2532e+01   4.4719e+01   4.5146e+01   4.3771e+01   4.2586e+01   4.2469e+01   4.5325e+01   4.5719e+01
          nan   5.3825e+01   5.0774e+01   5.0678e+01   4.9761e+01   4.7723e+01   4.6273e+01   4.6045e+01   4.7512e+01   4.7594e+01
          nan   3.8348e+01   4.1353e+01   3.8902e+01   3.8548e+01   3.8367e+01   3.7976e+01   3.8967e+01   3.9187e+01   4.0036e+01
          nan   3.6070e+01   4.2210e+01   4.0878e+01   3.9011e+01   3.8307e+01   3.6857e+01   3.7281e+01   3.7136e+01   3.6945e+01
          nan   3.1835e+01   3.3038e+01   3.3688e+01   3.3735e+01   3.2938e+01   3.1760e+01   3.2402e+01   3.1641e+01   3.1489e+01
          nan   2.6309e+01   3.0873e+01   3.1461e+01   3.1370e+01   3.3262e+01   3.2905e+01   3.1771e+01   3.1574e+01   3.0948e+01
          nan   3.1860e+01   2.8657e+01   3.0115e+01   2.9442e+01   2.8691e+01   2.9875e+01   2.9596e+01   2.8652e+01   2.8585e+01
          nan   2.9536e+01   3.1231e+01   2.8598e+01   2.7113e+01   2.6311e+01   2.6326e+01   2.6098e+01   2.6341e+01   2.6055e+01
          nan   2.8925e+01   3.0726e+01   2.8511e+01   2.6572e+01   2.6096e+01   2.6767e+01   2.6000e+01   2.5737e+01   2.6193e+01
          nan   2.2246e+01   2.1317e+01   2.2659e+01   2.2623e+01   2.2438e+01   2.1935e+01   2.2955e+01   2.4449e+01   2.3963e+01
          nan   1.6660e+01   2.0202e+01   2.3500e+01   2.2852e+01   2.2325e+01   2.3394e+01   2.4639e+01   2.4553e+01   2.4525e+01
          nan   1.7396e+01   2.2364e+01   2.3612e+01   2.3185e+01   2.1709e+01   2.1512e+01   2.1337e+01   2.1632e+01   2.1609e+01
          nan   2.2193e+01   1.9012e+01   1.8441e+01   1.9425e+01   1.9690e+01   1.9680e+01   1.9508e+01   1.9524e+01   1.9330e+01
          nan   1.9262e+01   2.0863e+01   1.9631e+01   1.8872e+01   1.8864e+01   1.8921e+01   1.8428e+01   1.8669e+01   1.8381e+01
          nan   1.5281e+01   1.5116e+01   1.5235e+01   1.5236e+01   1.5901e+01   1.5402e+01   1.5576e+01   1.5932e+01   1.6174e+01
          nan   1.8532e+01   1.6961e+01   1.6475e+01   1.6956e+01   1.6713e+01   1.6420e+01   1.6291e+01   1.6219e+01   1.6061e+01
          nan   1.8828e+01   1.7006e+01   1.6273e+01   1.5428e+01   1.5823e+01   1.5780e+01   1.6352e+01   1.6108e+01   1.5959e+01
          nan   2.0146e+01   2.0126e+01   1.8886e+01   1.7599e+01   1.7052e+01   1.6627e+01   1.6483e+01   1.6505e+01   1.6613e+01
          nan   1.3484e+01   1.2577e+01   1.3226e+01   1.4072e+01   1.4542e+01   1.4338e+01   1.4279e+01   1.4224e+01   1.4336e+01
          nan   1.1270e+01   1.3637e+01   1.4441e+01   1.4401e+01   1.5080e+01   1.5205e+01   1.4870e+01   1.4883e+01   1.4909e+01
            0            0            0            0            0            0            0            0            0            0
            0            0            0            0            0            0            0            0            0            0
            0            0            0            0            0            0            0            0            0            0
            0            0            0            0            0            0            0            0            0            0
            0            0            0            0            0            0            0            0            0            0
            0            0            0            0            0            0            0            0            0            0
            0            0            0            0            0            0            0            0            0            0
            0            0            0            0            0            0            0            0            0            0
            0            0            0            0            0            0            0            0            0            0
            0            0            0            0            0            0            0            0            0            0
            0            0            0            0            0            0            0            0            0            0
            0            0            0            0            0            0            0            0            0            0
            0            0            0            0            0            0            0            0            0            0
            0            0            0            0            0            0            0            0            0            0
            0            0            0            0            0            0            0            0            0            0
            0            0            0            0            0            0            0            0            0            0
            0            0            0            0            0            0            0            0            0            0
            0            0            0            0            0            0            0            0            0            0
            0            0            0            0            0            0            0            0            0            0
            0            0            0            0            0            0            0            0            0            0
            0            0            0            0            0            0            0            0            0            0
            0            0            0            0            0            0            0            0            0            0
            0            0            0            0            0            0            0            0            0            0
            0            0            0            0            0            0            0            0            0            0
            0            0            0            0            0            0            0            0            0            0
            0            0            0            0            0            0            0            0            0            0
            0            0            0            0            0            0            0            0            0            0
            0            0            0            0            0            0            0            0            0            0
            0            0            0            0            0            0            0            0            0            0
            0            0            0            0            0            0            0            0            0            0

        0        0        0        0        0        0        0        0        0        0
        0        0        0        0        0        0        0        0        0        0
        0        0        0        0        0        0        0        0        0        0
        0        0        0        0        0        0        0        0        0        0
        0        0        0        0        0        0        0        0        0        0
        0        0        0        0        0        0        0        0        0        0
        0        0        0        0        0        0        0        0        0        0
        0        0        0        0        0        0        0        0        0        0
        0        0        0        0        0        0        0        0        0        0
        0        0        0        0        0        0        0        0        0        0
        0        0        0        0        0        0        0        0        0        0
        0        0        0        0        0        0        0        0        0        0
        0        0        0        0        0        0        0        0        0        0
        0        0        0        0        0        0        0        0        0        0
        0        0        0        0        0        0        0        0        0        0
        0        0        0        0        0        0        0        0        0        0
        0        0        0        0        0        0        0        0        0        0
        0        0        0        0        0        0        0        0        0        0
        0        0        0        0        0        0        0        0        0        0
        0        0        0        0        0        0        0        0        0        0
        0        0        0        0        0        0        0        0        0        0
        0        0        0        0        0        0        0        0        0        0
        0        0        0        0        0        0        0        0        0        0
        0        0        0        0        0        0        0        0        0        0
        0        0        0        0        0        0        0        0        0        0
        0        0        0        0        0        0        0        0        0        0
        0        0        0        0        0        0        0        0        0        0
        0        0        0        0        0        0        0        0        0        0
        0        0        0        0        0        0        0        0        0        0
        0        0        0        0        0        0        0        0        0        0
        0        0        0        0        0        0        0        0        0        0
        0        0        0        0        0        0        0        0        0        0
        0        0        0        0        0        0        0        0        0        0
        0        0        0        0        0        0        0        0        0        0
        0        0        0        0        0        0        0        0        0        0
        0        0        0        0        0        0        0        0        0        0
        0        0        0        0        0        0        0        0        0        0
        0        0        0        0        0        0        0        0        0        0
        0        0        0        0        0        0        0        0        0        0
        0        0        0        0        0        0        0        0        0        0
        0        0        0        0        0        0        0        0        0        0
        0        0        0        0        0        0        0        0        0        0
        0        0        0        0        0        0        0        0        0        0
        0        0        0        0        0        0        0        0        0        0
        0        0        0        0        0        0        0        0        0        0
        0        0        0        0        0        0        0        0        0        0
        0        0        0        0        0        0        0        0        0        0
        0        0        0        0        0        0        0        0        0        0
        0        0        0        0        0        0        0        0        0        0
        0        0        0        0        0        0        0        0        0        0
        0        0        0        0        0        0        0        0        0        0
        0        0        0        0        0        0        0        0        0        0
        0        0        0        0        0        0        0        0        0        0
        0        0        0        0        0        0        0        0        0        0
        0        0        0        0        0        0        0        0        0        0
        0        0        0        0        0        0        0        0        0        0
        0        0        0        0        0        0        0        0        0        0
        0        0        0        0        0        0        0        0        0        0
        0        0        0        0        0        0        0        0        0        0
        0        0        0        0        0        0        0        0        0        0
      inf   0.4537   0.3394   0.3016   0.2826   0.2703   0.2622   0.2569   0.2528   0.2495
      inf   0.4455   0.3359   0.2992   0.2817   0.2715   0.2647   0.2600   0.2559   0.2524
      inf   0.4596   0.3461   0.3077   0.2884   0.2772   0.2691   0.2640   0.2599   0.2567
      inf   0.4692   0.3522   0.3130   0.2937   0.2823   0.2741   0.2685   0.2644   0.2612
      inf   0.4767   0.3583   0.3180   0.2987   0.2869   0.2788   0.2732   0.2694   0.2653
      inf   0.4835   0.3614   0.3226   0.3014   0.2893   0.2813   0.2757   0.2714   0.2682
      inf   0.4834   0.3632   0.3233   0.3034   0.2918   0.2843   0.2786   0.2745   0.2711
      inf   0.4945   0.3718   0.3314   0.3101   0.2974   0.2891   0.2833   0.2788   0.2751
      inf   0.5027   0.3772   0.3357   0.3150   0.3018   0.2937   0.2876   0.2829   0.2792
      inf   0.5051   0.3796   0.3374   0.3163   0.3040   0.2957   0.2898   0.2855   0.2822
      inf   0.5129   0.3849   0.3423   0.3208   0.3080   0.2996   0.2935   0.2889   0.2854
      inf   0.5163   0.3878   0.3449   0.3234   0.3105   0.3019   0.2957   0.2910   0.2874
      inf   0.5236   0.3921   0.3490   0.3273   0.3143   0.3056   0.2993   0.2947   0.2910
      inf   0.5294   0.3961   0.3521   0.3303   0.3172   0.3086   0.3022   0.2977   0.2941
      inf   0.5335   0.4005   0.3563   0.3340   0.3209   0.3121   0.3056   0.3008   0.2972
      inf   0.5400   0.4050   0.3596   0.3373   0.3238   0.3147   0.3084   0.3035   0.2999
      inf   0.5443   0.4086   0.3630   0.3403   0.3269   0.3177   0.3112   0.3063   0.3026
      inf   0.5485   0.4114   0.3657   0.3433   0.3297   0.3205   0.3139   0.3089   0.3052
      inf   0.5540   0.4153   0.3688   0.3461   0.3323   0.3231   0.3165   0.3116   0.3077
      inf   0.5586   0.4194   0.3728   0.3496   0.3358   0.3263   0.3195   0.3143   0.3105
      inf   0.5629   0.4225   0.3755   0.3521   0.3382   0.3287   0.3217   0.3168   0.3130
      inf   0.5686   0.4260   0.3785   0.3549   0.3410   0.3315   0.3248   0.3198   0.3157
      inf   0.5732   0.4299   0.3824   0.3582   0.3439   0.3343   0.3274   0.3223   0.3184
      inf   0.5778   0.4329   0.3849   0.3607   0.3463   0.3368   0.3300   0.3249   0.3208
      inf   0.5820   0.4366   0.3882   0.3639   0.3493   0.3397   0.3327   0.3275   0.3234
      inf   0.5866   0.4401   0.3913   0.3667   0.3520   0.3422   0.3353   0.3300   0.3258
      inf   0.5899   0.4426   0.3935   0.3689   0.3543   0.3444   0.3374   0.3321   0.3280
      inf   0.5940   0.4457   0.3962   0.3716   0.3568   0.3469   0.3399   0.3345   0.3304
      inf   0.5990   0.4494   0.3995   0.3747   0.3596   0.3496   0.3424   0.3371   0.3330
      inf   0.6039   0.4527   0.4021   0.3770   0.3619   0.3519   0.3448   0.3393   0.3351
        0        0        0        0        0        0        0        0        0        0
        0        0        0        0        0        0        0        0        0        0
        0        0        0        0        0        0        0        0        0        0
        0        0        0        0        0        0        0        0        0        0
        0        0        0        0        0        0        0        0        0        0
        0        0        0        0        0        0        0        0        0        0
        0        0        0        0        0        0        0        0        0        0
        0        0        0        0        0        0        0        0        0        0
        0        0        0        0        0        0        0        0        0        0
        0        0        0        0        0        0        0        0        0        0
        0        0        0        0        0        0        0        0        0        0
        0        0        0        0        0        0        0        0        0        0
        0        0        0        0        0        0        0        0        0        0
        0        0        0        0        0        0        0        0        0        0
        0        0        0        0        0        0        0        0        0        0
        0        0        0        0        0        0        0        0        0        0
        0        0        0        0        0        0        0        0        0        0
        0        0        0        0        0        0        0        0        0        0
        0        0        0        0        0        0        0        0        0        0
        0        0        0        0        0        0        0        0        0        0
        0        0        0        0        0        0        0        0        0        0
        0        0        0        0        0        0        0        0        0        0
        0        0        0        0        0        0        0        0        0        0
        0        0        0        0        0        0        0        0        0        0
        0        0        0        0        0        0        0        0        0        0
        0        0        0        0        0        0        0        0        0        0
        0        0        0        0        0        0        0        0        0        0
        0        0        0        0        0        0        0        0        0        0
        0        0        0        0        0        0        0        0        0        0
        0        0        0        0        0        0        0        0        0        0

