   2.0000
   2.0050
   2.0100
   2.0150
   2.0200
   2.0250
   2.0300
   2.0350
   2.0400
   2.0450
   2.0500
   2.0550
   2.0600
   2.0650
   2.0700
   2.0750
   2.0800
   2.0850
   2.0900
   2.0950
   2.1000
   2.1050
   2.1100
   2.1150
   2.1200
   2.1250
   2.1300
   2.1350
   2.1400
   2.1450
   2.1500
   2.1550
   2.1600
   2.1650
   2.1700
   2.1750
   2.1800
   2.1850
   2.1900
   2.1950
   2.2000
   2.2050
   2.2100
   2.2150
   2.2200
   2.2250
   2.2300
   2.2350
   2.2400
   2.2450
   2.2500
   2.2550
   2.2600
   2.2650
   2.2700
   2.2750
   2.2800
   2.2850
   2.2900
   2.2950
   2.3000
   2.3050
   2.3100
   2.3150
   2.3200
   2.3250
   2.3300
   2.3350
   2.3400
   2.3450
   2.3500
   2.3550
   2.3600
   2.3650
   2.3700
   2.3750
   2.3800
   2.3850
   2.3900
   2.3950
   2.4000
   2.4050
   2.4100
   2.4150
   2.4200
   2.4250
   2.4300
   2.4350
   2.4400
   2.4450
   2.4500
   2.4550
   2.4600
   2.4650
   2.4700
   2.4750
   2.4800
   2.4850
   2.4900
   2.4950
   2.5000
   2.5050
   2.5100
   2.5150
   2.5200
   2.5250
   2.5300
   2.5350
   2.5400
   2.5450
   2.5500
   2.5550
   2.5600
   2.5650
   2.5700
   2.5750
   2.5800
   2.5850
   2.5900
   2.5950

     -inf  -4.0000  -3.0000  -2.6667  -2.5000  -2.3990  -2.3317  -2.2836  -2.2475  -2.2194
     -inf  -4.0000  -3.0000  -2.6667  -2.5000  -2.4000  -2.3333  -2.2857  -2.2500  -2.2222
     -inf  -4.0000  -3.0000  -2.6667  -2.5000  -2.4000  -2.3333  -2.2857  -2.2500  -2.2222
     -inf  -4.0000  -3.0000  -2.6667  -2.5000  -2.4000  -2.3333  -2.2857  -2.2500  -2.2222
     -inf  -3.9900  -2.9925  -2.6600  -2.4937  -2.3940  -2.3275  -2.2800  -2.2444  -2.2167
     -inf  -4.0000  -3.0000  -2.6667  -2.5000  -2.4000  -2.3333  -2.2857  -2.2500  -2.2222
     -inf  -4.0000  -3.0000  -2.6667  -2.5000  -2.4000  -2.3333  -2.2857  -2.2500  -2.2222
     -inf  -4.0000  -3.0000  -2.6667  -2.5000  -2.4000  -2.3333  -2.2857  -2.2500  -2.2222
     -inf  -4.0000  -3.0000  -2.6650  -2.4975  -2.3970  -2.3300  -2.2821  -2.2462  -2.2183
     -inf  -4.0000  -3.0000  -2.6650  -2.4975  -2.3970  -2.3300  -2.2821  -2.2462  -2.2183
     -inf  -4.0000  -3.0000  -2.6667  -2.5000  -2.4000  -2.3333  -2.2857  -2.2500  -2.2222
     -inf  -4.0000  -3.0000  -2.6667  -2.5000  -2.4000  -2.3333  -2.2857  -2.2500  -2.2222
     -inf  -4.0000  -3.0000  -2.6667  -2.5000  -2.4000  -2.3333  -2.2857  -2.2500  -2.2222
     -inf  -4.0000  -3.0000  -2.6667  -2.5000  -2.4000  -2.3325  -2.2843  -2.2481  -2.2200
     -inf  -4.0000  -3.0000  -2.6667  -2.5000  -2.4000  -2.3333  -2.2857  -2.2500  -2.2222
     -inf  -4.0000  -3.0000  -2.6667  -2.5000  -2.4000  -2.3333  -2.2857  -2.2500  -2.2222
     -inf  -4.0000  -3.0000  -2.6667  -2.5000  -2.4000  -2.3333  -2.2857  -2.2500  -2.2222
     -inf  -3.9950  -2.9950  -2.6617  -2.4950  -2.3950  -2.3283  -2.2807  -2.2450  -2.2172
     -inf  -4.0000  -3.0000  -2.6667  -2.5000  -2.4000  -2.3333  -2.2857  -2.2500  -2.2222
     -inf  -4.0000  -3.0000  -2.6667  -2.5000  -2.4000  -2.3333  -2.2857  -2.2500  -2.2222
     -inf  -4.0000  -3.0000  -2.6667  -2.5000  -2.4000  -2.3333  -2.2857  -2.2500  -2.2222
     -inf  -4.0000  -3.0000  -2.6667  -2.5000  -2.4000  -2.3333  -2.2857  -2.2500  -2.2222
     -inf  -4.0000  -3.0000  -2.6667  -2.5000  -2.4000  -2.3333  -2.2857  -2.2500  -2.2222
     -inf  -4.0000  -3.0000  -2.6667  -2.5000  -2.4000  -2.3333  -2.2857  -2.2500  -2.2222
     -inf  -4.0000  -3.0000  -2.6667  -2.5000  -2.4000  -2.3333  -2.2857  -2.2500  -2.2222
     -inf  -4.0000  -3.0000  -2.6667  -2.5000  -2.4000  -2.3333  -2.2857  -2.2500  -2.2222
     -inf  -4.0000  -3.0000  -2.6667  -2.5000  -2.4000  -2.3333  -2.2857  -2.2500  -2.2222
     -inf  -4.0000  -3.0000  -2.6667  -2.5000  -2.4000  -2.3333  -2.2857  -2.2500  -2.2222
     -inf  -4.0000  -3.0000  -2.6667  -2.5000  -2.4000  -2.3333  -2.2857  -2.2500  -2.2222
        0        0        0        0        0        0        0        0        0        0
        0        0        0        0        0        0        0        0        0        0
        0        0        0        0        0        0        0        0        0        0
        0        0        0        0        0        0        0        0        0        0
        0        0        0        0        0        0        0        0        0        0
        0        0        0        0        0        0        0        0        0        0
        0        0        0        0        0        0        0        0        0        0
        0        0        0        0        0        0        0        0        0        0
        0        0        0        0        0        0        0        0        0        0
        0        0        0        0        0        0        0        0        0        0
        0        0        0        0        0        0        0        0        0        0
        0        0        0        0        0        0        0        0        0        0
        0        0        0        0        0        0        0        0        0        0
        0        0        0        0        0        0        0        0        0        0
        0        0        0        0        0        0        0        0        0        0
        0        0        0        0        0        0        0        0        0        0
        0        0        0        0        0        0        0        0        0        0
        0        0        0        0        0        0        0        0        0        0
        0        0        0        0        0        0        0        0        0        0
        0        0        0        0        0        0        0        0        0        0
        0        0        0        0        0        0        0        0        0        0
        0        0        0        0        0        0        0        0        0        0
        0        0        0        0        0        0        0        0        0        0
        0        0        0        0        0        0        0        0        0        0
        0        0        0        0        0        0        0        0        0        0
        0        0        0        0        0        0        0        0        0        0
        0        0        0        0        0        0        0        0        0        0
        0        0        0        0        0        0        0        0        0        0
        0        0        0        0        0        0        0        0        0        0
        0        0        0        0        0        0        0        0        0        0
        0        0        0        0        0        0        0        0        0        0
        0        0        0        0        0        0        0        0        0        0
        0        0        0        0        0        0        0        0        0        0
        0        0        0        0        0        0        0        0        0        0
        0        0        0        0        0        0        0        0        0        0
        0        0        0        0        0        0        0        0        0        0
        0        0        0        0        0        0        0        0        0        0
        0        0        0        0        0        0        0        0        0        0
        0        0        0        0        0        0        0        0        0        0
        0        0        0        0        0        0        0        0        0        0
        0        0        0        0        0        0        0        0        0        0
        0        0        0        0        0        0        0        0        0        0
        0        0        0        0        0        0        0        0        0        0
        0        0        0        0        0        0        0        0        0        0
        0        0        0        0        0        0        0        0        0        0
        0        0        0        0        0        0        0        0        0        0
        0        0        0        0        0        0        0        0        0        0
        0        0        0        0        0        0        0        0        0        0
        0        0        0        0        0        0        0        0        0        0
        0        0        0        0        0        0        0        0        0        0
        0        0        0        0        0        0        0        0        0        0
        0        0        0        0        0        0        0        0        0        0
        0        0        0        0        0        0        0        0        0        0
        0        0        0        0        0        0        0        0        0        0
        0        0        0        0        0        0        0        0        0        0
        0        0        0        0        0        0        0        0        0        0
        0        0        0        0        0        0        0        0        0        0
        0        0        0        0        0        0        0        0        0        0
        0        0        0        0        0        0        0        0        0        0
        0        0        0        0        0        0        0        0        0        0
        0        0        0        0        0        0        0        0        0        0
        0        0        0        0        0        0        0        0        0        0
        0        0        0        0        0        0        0        0        0        0
        0        0        0        0        0        0        0        0        0        0
        0        0        0        0        0        0        0        0        0        0
        0        0        0        0        0        0        0        0        0        0
        0        0        0        0        0        0        0        0        0        0
        0        0        0        0        0        0        0        0        0        0
        0        0        0        0        0        0        0        0        0        0
        0        0        0        0        0        0        0        0        0        0
        0        0        0        0        0        0        0        0        0        0
        0        0        0        0        0        0        0        0        0        0
        0        0        0        0        0        0        0        0        0        0
        0        0        0        0        0        0        0        0        0        0
        0        0        0        0        0        0        0        0        0        0
        0        0        0        0        0        0        0        0        0        0
        0        0        0        0        0        0        0        0        0        0
        0        0        0        0        0        0        0        0        0        0
        0        0        0        0        0        0        0        0        0        0
        0        0        0        0        0        0        0        0        0        0
        0        0        0        0        0        0        0        0        0        0
        0        0        0        0        0        0        0        0        0        0
        0        0        0        0        0        0        0        0        0        0
        0        0        0        0        0        0        0        0        0        0
        0        0        0        0        0        0        0        0        0        0
        0        0        0        0        0        0        0        0        0        0
        0        0        0        0        0        0        0        0        0        0
        0        0        0        0        0        0        0        0        0        0
        0        0        0        0        0        0        0        0        0        0
        0        0        0        0        0        0        0        0        0        0
        0        0        0        0        0        0        0        0        0        0

      inf   2.0000   1.5000   1.3333   1.2500   1.1997   1.1663   1.1423   1.1244   1.1104
      inf   2.0000   1.5000   1.3333   1.2500   1.2000   1.1667   1.1429   1.1250   1.1111
      inf   2.0000   1.5000   1.3333   1.2500   1.2000   1.1667   1.1429   1.1250   1.1111
      inf   2.0000   1.5000   1.3333   1.2500   1.2000   1.1667   1.1429   1.1250   1.1111
      inf   1.9975   1.4981   1.3317   1.2484   1.1985   1.1652   1.1414   1.1236   1.1097
      inf   2.0000   1.5000   1.3333   1.2500   1.2000   1.1667   1.1429   1.1250   1.1111
      inf   2.0000   1.5000   1.3333   1.2500   1.2000   1.1667   1.1429   1.1250   1.1111
      inf   2.0000   1.5000   1.3333   1.2500   1.2000   1.1667   1.1429   1.1250   1.1111
      inf   2.0000   1.5000   1.3329   1.2494   1.1992   1.1658   1.1420   1.1241   1.1101
      inf   2.0000   1.5000   1.3329   1.2494   1.1992   1.1658   1.1420   1.1241   1.1101
      inf   2.0000   1.5000   1.3333   1.2500   1.2000   1.1667   1.1429   1.1250   1.1111
      inf   2.0000   1.5000   1.3333   1.2500   1.2000   1.1667   1.1429   1.1250   1.1111
      inf   2.0000   1.5000   1.3333   1.2500   1.2000   1.1667   1.1429   1.1250   1.1111
      inf   2.0000   1.5000   1.3333   1.2500   1.2000   1.1665   1.1425   1.1245   1.1106
      inf   2.0000   1.5000   1.3333   1.2500   1.2000   1.1667   1.1429   1.1250   1.1111
      inf   2.0000   1.5000   1.3333   1.2500   1.2000   1.1667   1.1429   1.1250   1.1111
      inf   2.0000   1.5000   1.3333   1.2500   1.2000   1.1667   1.1429   1.1250   1.1111
      inf   1.9988   1.4988   1.3321   1.2488   1.1987   1.1654   1.1416   1.1238   1.1099
      inf   2.0000   1.5000   1.3333   1.2500   1.2000   1.1667   1.1429   1.1250   1.1111
      inf   2.0000   1.5000   1.3333   1.2500   1.2000   1.1667   1.1429   1.1250   1.1111
      inf   2.0000   1.5000   1.3333   1.2500   1.2000   1.1667   1.1429   1.1250   1.1111
      inf   2.0000   1.5000   1.3333   1.2500   1.2000   1.1667   1.1429   1.1250   1.1111
      inf   2.0000   1.5000   1.3333   1.2500   1.2000   1.1667   1.1429   1.1250   1.1111
      inf   2.0000   1.5000   1.3333   1.2500   1.2000   1.1667   1.1429   1.1250   1.1111
      inf   2.0000   1.5000   1.3333   1.2500   1.2000   1.1667   1.1429   1.1250   1.1111
      inf   2.0000   1.5000   1.3333   1.2500   1.2000   1.1667   1.1429   1.1250   1.1111
      inf   2.0000   1.5000   1.3333   1.2500   1.2000   1.1667   1.1429   1.1250   1.1111
      inf   2.0000   1.5000   1.3333   1.2500   1.2000   1.1667   1.1429   1.1250   1.1111
      inf   2.0000   1.5000   1.3333   1.2500   1.2000   1.1667   1.1429   1.1250   1.1111
        0        0        0        0        0        0        0        0        0        0
        0        0        0        0        0        0        0        0        0        0
        0        0        0        0        0        0        0        0        0        0
        0        0        0        0        0        0        0        0        0        0
        0        0        0        0        0        0        0        0        0        0
        0        0        0        0        0        0        0        0        0        0
        0        0        0        0        0        0        0        0        0        0
        0        0        0        0        0        0        0        0        0        0
        0        0        0        0        0        0        0        0        0        0
        0        0        0        0        0        0        0        0        0        0
        0        0        0        0        0        0        0        0        0        0
        0        0        0        0        0        0        0        0        0        0
        0        0        0        0        0        0        0        0        0        0
        0        0        0        0        0        0        0        0        0        0
        0        0        0        0        0        0        0        0        0        0
        0        0        0        0        0        0        0        0        0        0
        0        0        0        0        0        0        0        0        0        0
        0        0        0        0        0        0        0        0        0        0
        0        0        0        0        0        0        0        0        0        0
        0        0        0        0        0        0        0        0        0        0
        0        0        0        0        0        0        0        0        0        0
        0        0        0        0        0        0        0        0        0        0
        0        0        0        0        0        0        0        0        0        0
        0        0        0        0        0        0        0        0        0        0
        0        0        0        0        0        0        0        0        0        0
        0        0        0        0        0        0        0        0        0        0
        0        0        0        0        0        0        0        0        0        0
        0        0        0        0        0        0        0        0        0        0
        0        0        0        0        0        0        0        0        0        0
        0        0        0        0        0        0        0        0        0        0
        0        0        0        0        0        0        0        0        0        0
        0        0        0        0        0        0        0        0        0        0
        0        0        0        0        0        0        0        0        0        0
        0        0        0        0        0        0        0        0        0        0
        0        0        0        0        0        0        0        0        0        0
        0        0        0        0        0        0        0        0        0        0
        0        0        0        0        0        0        0        0        0        0
        0        0        0        0        0        0        0        0        0        0
        0        0        0        0        0        0        0        0        0        0
        0        0        0        0        0        0        0        0        0        0
        0        0        0        0        0        0        0        0        0        0
        0        0        0        0        0        0        0        0        0        0
        0        0        0        0        0        0        0        0        0        0
        0        0        0        0        0        0        0        0        0        0
        0        0        0        0        0        0        0        0        0        0
        0        0        0        0        0        0        0        0        0        0
        0        0        0        0        0        0        0        0        0        0
        0        0        0        0        0        0        0        0        0        0
        0        0        0        0        0        0        0        0        0        0
        0        0        0        0        0        0        0        0        0        0
        0        0        0        0        0        0        0        0        0        0
        0        0        0        0        0        0        0        0        0        0
        0        0        0        0        0        0        0        0        0        0
        0        0        0        0        0        0        0        0        0        0
        0        0        0        0        0        0        0        0        0        0
        0        0        0        0        0        0        0        0        0        0
        0        0        0        0        0        0        0        0        0        0
        0        0        0        0        0        0        0        0        0        0
        0        0        0        0        0        0        0        0        0        0
        0        0        0        0        0        0        0        0        0        0
        0        0        0        0        0        0        0        0        0        0
        0        0        0        0        0        0        0        0        0        0
        0        0        0        0        0        0        0        0        0        0
        0        0        0        0        0        0        0        0        0        0
        0        0        0        0        0        0        0        0        0        0
        0        0        0        0        0        0        0        0        0        0
        0        0        0        0        0        0        0        0        0        0
        0        0        0        0        0        0        0        0        0        0
        0        0        0        0        0        0        0        0        0        0
        0        0        0        0        0        0        0        0        0        0
        0        0        0        0        0        0        0        0        0        0
        0        0        0        0        0        0        0        0        0        0
        0        0        0        0        0        0        0        0        0        0
        0        0        0        0        0        0        0        0        0        0
        0        0        0        0        0        0        0        0        0        0
        0        0        0        0        0        0        0        0        0        0
        0        0        0        0        0        0        0        0        0        0
        0        0        0        0        0        0        0        0        0        0
        0        0        0        0        0        0        0        0        0        0
        0        0        0        0        0        0        0        0        0        0
        0        0        0        0        0        0        0        0        0        0
        0        0        0        0        0        0        0        0        0        0
        0        0        0        0        0        0        0        0        0        0
        0        0        0        0        0        0        0        0        0        0
        0        0        0        0        0        0        0        0        0        0
        0        0        0        0        0        0        0        0        0        0
        0        0        0        0        0        0        0        0        0        0
        0        0        0        0        0        0        0        0        0        0
        0        0        0        0        0        0        0        0        0        0
        0        0        0        0        0        0        0        0        0        0
        0        0        0        0        0        0        0        0        0        0

      inf   2.0000   1.5000   1.3333   1.2500   1.1997   1.1663   1.1423   1.1244   1.1104
      inf   2.0000   1.5000   1.3333   1.2500   1.2000   1.1667   1.1429   1.1250   1.1111
      inf   2.0000   1.5000   1.3333   1.2500   1.2000   1.1667   1.1429   1.1250   1.1111
      inf   2.0000   1.5000   1.3333   1.2500   1.2000   1.1667   1.1429   1.1250   1.1111
      inf   1.9975   1.4981   1.3317   1.2484   1.1985   1.1652   1.1414   1.1236   1.1097
      inf   2.0000   1.5000   1.3333   1.2500   1.2000   1.1667   1.1429   1.1250   1.1111
      inf   2.0000   1.5000   1.3333   1.2500   1.2000   1.1667   1.1429   1.1250   1.1111
      inf   2.0000   1.5000   1.3333   1.2500   1.2000   1.1667   1.1429   1.1250   1.1111
      inf   2.0000   1.5000   1.3329   1.2494   1.1992   1.1658   1.1420   1.1241   1.1101
      inf   2.0000   1.5000   1.3329   1.2494   1.1992   1.1658   1.1420   1.1241   1.1101
      inf   2.0000   1.5000   1.3333   1.2500   1.2000   1.1667   1.1429   1.1250   1.1111
      inf   2.0000   1.5000   1.3333   1.2500   1.2000   1.1667   1.1429   1.1250   1.1111
      inf   2.0000   1.5000   1.3333   1.2500   1.2000   1.1667   1.1429   1.1250   1.1111
      inf   2.0000   1.5000   1.3333   1.2500   1.2000   1.1665   1.1425   1.1245   1.1106
      inf   2.0000   1.5000   1.3333   1.2500   1.2000   1.1667   1.1429   1.1250   1.1111
      inf   2.0000   1.5000   1.3333   1.2500   1.2000   1.1667   1.1429   1.1250   1.1111
      inf   2.0000   1.5000   1.3333   1.2500   1.2000   1.1667   1.1429   1.1250   1.1111
      inf   1.9988   1.4988   1.3321   1.2488   1.1987   1.1654   1.1416   1.1238   1.1099
      inf   2.0000   1.5000   1.3333   1.2500   1.2000   1.1667   1.1429   1.1250   1.1111
      inf   2.0000   1.5000   1.3333   1.2500   1.2000   1.1667   1.1429   1.1250   1.1111
      inf   2.0000   1.5000   1.3333   1.2500   1.2000   1.1667   1.1429   1.1250   1.1111
      inf   2.0000   1.5000   1.3333   1.2500   1.2000   1.1667   1.1429   1.1250   1.1111
      inf   2.0000   1.5000   1.3333   1.2500   1.2000   1.1667   1.1429   1.1250   1.1111
      inf   2.0000   1.5000   1.3333   1.2500   1.2000   1.1667   1.1429   1.1250   1.1111
      inf   2.0000   1.5000   1.3333   1.2500   1.2000   1.1667   1.1429   1.1250   1.1111
      inf   2.0000   1.5000   1.3333   1.2500   1.2000   1.1667   1.1429   1.1250   1.1111
      inf   2.0000   1.5000   1.3333   1.2500   1.2000   1.1667   1.1429   1.1250   1.1111
      inf   2.0000   1.5000   1.3333   1.2500   1.2000   1.1667   1.1429   1.1250   1.1111
      inf   2.0000   1.5000   1.3333   1.2500   1.2000   1.1667   1.1429   1.1250   1.1111
        0        0        0        0        0        0        0        0        0        0
        0        0        0        0        0        0        0        0        0        0
        0        0        0        0        0        0        0        0        0        0
        0        0        0        0        0        0        0        0        0        0
        0        0        0        0        0        0        0        0        0        0
        0        0        0        0        0        0        0        0        0        0
        0        0        0        0        0        0        0        0        0        0
        0        0        0        0        0        0        0        0        0        0
        0        0        0        0        0        0        0        0        0        0
        0        0        0        0        0        0        0        0        0        0
        0        0        0        0        0        0        0        0        0        0
        0        0        0        0        0        0        0        0        0        0
        0        0        0        0        0        0        0        0        0        0
        0        0        0        0        0        0        0        0        0        0
        0        0        0        0        0        0        0        0        0        0
        0        0        0        0        0        0        0        0        0        0
        0        0        0        0        0        0        0        0        0        0
        0        0        0        0        0        0        0        0        0        0
        0        0        0        0        0        0        0        0        0        0
        0        0        0        0        0        0        0        0        0        0
        0        0        0        0        0        0        0        0        0        0
        0        0        0        0        0        0        0        0        0        0
        0        0        0        0        0        0        0        0        0        0
        0        0        0        0        0        0        0        0        0        0
        0        0        0        0        0        0        0        0        0        0
        0        0        0        0        0        0        0        0        0        0
        0        0        0        0        0        0        0        0        0        0
        0        0        0        0        0        0        0        0        0        0
        0        0        0        0        0        0        0        0        0        0
        0        0        0        0        0        0        0        0        0        0
        0        0        0        0        0        0        0        0        0        0
        0        0        0        0        0        0        0        0        0        0
        0        0        0        0        0        0        0        0        0        0
        0        0        0        0        0        0        0        0        0        0
        0        0        0        0        0        0        0        0        0        0
        0        0        0        0        0        0        0        0        0        0
        0        0        0        0        0        0        0        0        0        0
        0        0        0        0        0        0        0        0        0        0
        0        0        0        0        0        0        0        0        0        0
        0        0        0        0        0        0        0        0        0        0
        0        0        0        0        0        0        0        0        0        0
        0        0        0        0        0        0        0        0        0        0
        0        0        0        0        0        0        0        0        0        0
        0        0        0        0        0        0        0        0        0        0
        0        0        0        0        0        0        0        0        0        0
        0        0        0        0        0        0        0        0        0        0
        0        0        0        0        0        0        0        0        0        0
        0        0        0        0        0        0        0        0        0        0
        0        0        0        0        0        0        0        0        0        0
        0        0        0        0        0        0        0        0        0        0
        0        0        0        0        0        0        0        0        0        0
        0        0        0        0        0        0        0        0        0        0
        0        0        0        0        0        0        0        0        0        0
        0        0        0        0        0        0        0        0        0        0
        0        0        0        0        0        0        0        0        0        0
        0        0        0        0        0        0        0        0        0        0
        0        0        0        0        0        0        0        0        0        0
        0        0        0        0        0        0        0        0        0        0
        0        0        0        0        0        0        0        0        0        0
        0        0        0        0        0        0        0        0        0        0
        0        0        0        0        0        0        0        0        0        0
        0        0        0        0        0        0        0        0        0        0
        0        0        0        0        0        0        0        0        0        0
        0        0        0        0        0        0        0        0        0        0
        0        0        0        0        0        0        0        0        0        0
        0        0        0        0        0        0        0        0        0        0
        0        0        0        0        0        0        0        0        0        0
        0        0        0        0        0        0        0        0        0        0
        0        0        0        0        0        0        0        0        0        0
        0        0        0        0        0        0        0        0        0        0
        0        0        0        0        0        0        0        0        0        0
        0        0        0        0        0        0        0        0        0        0
        0        0        0        0        0        0        0        0        0        0
        0        0        0        0        0        0        0        0        0        0
        0        0        0        0        0        0        0        0        0        0
        0        0        0        0        0        0        0        0        0        0
        0        0        0        0        0        0        0        0        0        0
        0        0        0        0        0        0        0        0        0        0
        0        0        0        0        0        0        0        0        0        0
        0        0        0        0        0        0        0        0        0        0
        0        0        0        0        0        0        0        0        0        0
        0        0        0        0        0        0        0        0        0        0
        0        0        0        0        0        0        0        0        0        0
        0        0        0        0        0        0        0        0        0        0
        0        0        0        0        0        0        0        0        0        0
        0        0        0        0        0        0        0        0        0        0
        0        0        0        0        0        0        0        0        0        0
        0        0        0        0        0        0        0        0        0        0
        0        0        0        0        0        0        0        0        0        0
        0        0        0        0        0        0        0        0        0        0
        0        0        0        0        0        0        0        0        0        0

          nan  -3.2000e+03  -1.2000e+03  -7.1111e+02  -5.0000e+02  -3.8368e+02  -3.1066e+02  -2.6073e+02  -2.2450e+02  -1.9703e+02
          nan  -3.1841e+03  -1.1940e+03  -7.0757e+02  -4.9751e+02  -3.8209e+02  -3.0956e+02  -2.5992e+02  -2.2388e+02  -1.9655e+02
          nan  -3.1682e+03  -1.1881e+03  -7.0405e+02  -4.9504e+02  -3.8019e+02  -3.0802e+02  -2.5863e+02  -2.2277e+02  -1.9557e+02
          nan  -3.1525e+03  -1.1822e+03  -7.0056e+02  -4.9258e+02  -3.7830e+02  -3.0650e+02  -2.5735e+02  -2.2166e+02  -1.9460e+02
          nan  -3.1213e+03  -1.1705e+03  -6.9362e+02  -4.8770e+02  -3.7455e+02  -3.0346e+02  -2.5480e+02  -2.1947e+02  -1.9267e+02
          nan  -3.1215e+03  -1.1706e+03  -6.9366e+02  -4.8773e+02  -3.7458e+02  -3.0348e+02  -2.5481e+02  -2.1948e+02  -1.9268e+02
          nan  -3.1061e+03  -1.1648e+03  -6.9025e+02  -4.8533e+02  -3.7273e+02  -3.0198e+02  -2.5356e+02  -2.1840e+02  -1.9174e+02
          nan  -3.0909e+03  -1.1591e+03  -6.8686e+02  -4.8295e+02  -3.7090e+02  -3.0050e+02  -2.5232e+02  -2.1733e+02  -1.9079e+02
          nan  -3.0757e+03  -1.1534e+03  -6.8264e+02  -4.7962e+02  -3.6816e+02  -2.9817e+02  -2.5029e+02  -2.1554e+02  -1.8919e+02
          nan  -3.0607e+03  -1.1478e+03  -6.7931e+02  -4.7728e+02  -3.6637e+02  -2.9672e+02  -2.4907e+02  -2.1449e+02  -1.8827e+02
          nan  -3.0458e+03  -1.1422e+03  -6.7685e+02  -4.7591e+02  -3.6550e+02  -2.9612e+02  -2.4864e+02  -2.1416e+02  -1.8801e+02
          nan  -3.0310e+03  -1.1366e+03  -6.7356e+02  -4.7359e+02  -3.6372e+02  -2.9468e+02  -2.4743e+02  -2.1312e+02  -1.8710e+02
          nan  -3.0163e+03  -1.1311e+03  -6.7029e+02  -4.7130e+02  -3.6196e+02  -2.9325e+02  -2.4623e+02  -2.1208e+02  -1.8619e+02
          nan  -3.0017e+03  -1.1256e+03  -6.6705e+02  -4.6902e+02  -3.6021e+02  -2.9162e+02  -2.4473e+02  -2.1070e+02  -1.8492e+02
          nan  -2.9872e+03  -1.1202e+03  -6.6383e+02  -4.6676e+02  -3.5847e+02  -2.9043e+02  -2.4386e+02  -2.1004e+02  -1.8440e+02
          nan  -2.9729e+03  -1.1148e+03  -6.6063e+02  -4.6451e+02  -3.5674e+02  -2.8903e+02  -2.4268e+02  -2.0903e+02  -1.8351e+02
          nan  -2.9586e+03  -1.1095e+03  -6.5746e+02  -4.6228e+02  -3.5503e+02  -2.8764e+02  -2.4152e+02  -2.0803e+02  -1.8263e+02
          nan  -2.9370e+03  -1.1005e+03  -6.5186e+02  -4.5822e+02  -3.5186e+02  -2.8503e+02  -2.3931e+02  -2.0611e+02  -1.8094e+02
          nan  -2.9303e+03  -1.0989e+03  -6.5119e+02  -4.5786e+02  -3.5164e+02  -2.8489e+02  -2.3921e+02  -2.0604e+02  -1.8088e+02
          nan  -2.9164e+03  -1.0936e+03  -6.4808e+02  -4.5568e+02  -3.4996e+02  -2.8354e+02  -2.3807e+02  -2.0506e+02  -1.8002e+02
          nan  -2.9025e+03  -1.0884e+03  -6.4500e+02  -4.5351e+02  -3.4830e+02  -2.8219e+02  -2.3694e+02  -2.0408e+02  -1.7917e+02
          nan  -2.8887e+03  -1.0833e+03  -6.4194e+02  -4.5136e+02  -3.4665e+02  -2.8085e+02  -2.3581e+02  -2.0311e+02  -1.7832e+02
          nan  -2.8750e+03  -1.0781e+03  -6.3890e+02  -4.4923e+02  -3.4501e+02  -2.7952e+02  -2.3470e+02  -2.0215e+02  -1.7747e+02
          nan  -2.8615e+03  -1.0731e+03  -6.3588e+02  -4.4710e+02  -3.4338e+02  -2.7820e+02  -2.3359e+02  -2.0120e+02  -1.7663e+02
          nan  -2.8480e+03  -1.0680e+03  -6.3289e+02  -4.4500e+02  -3.4176e+02  -2.7689e+02  -2.3249e+02  -2.0025e+02  -1.7580e+02
          nan  -2.8346e+03  -1.0630e+03  -6.2991e+02  -4.4291e+02  -3.4015e+02  -2.7559e+02  -2.3140e+02  -1.9931e+02  -1.7498e+02
          nan  -2.8213e+03  -1.0580e+03  -6.2696e+02  -4.4083e+02  -3.3856e+02  -2.7429e+02  -2.3031e+02  -1.9837e+02  -1.7415e+02
          nan  -2.8081e+03  -1.0530e+03  -6.2402e+02  -4.3877e+02  -3.3697e+02  -2.7301e+02  -2.2923e+02  -1.9745e+02  -1.7334e+02
          nan  -2.7950e+03  -1.0481e+03  -6.2111e+02  -4.3672e+02  -3.3540e+02  -2.7174e+02  -2.2816e+02  -1.9652e+02  -1.7253e+02
            0            0            0            0            0            0            0            0            0            0
            0            0            0            0            0            0            0            0            0            0
            0            0            0            0            0            0            0            0            0            0
            0            0            0            0            0            0            0            0            0            0
            0            0            0            0            0            0            0            0            0            0
            0            0            0            0            0            0            0            0            0            0
            0            0            0            0            0            0            0            0            0            0
            0            0            0            0            0            0            0            0            0            0
            0            0            0            0            0            0            0            0            0            0
            0            0            0            0            0            0            0            0            0            0
            0            0            0            0            0            0            0            0            0            0
            0            0            0            0            0            0            0            0            0            0
            0            0            0            0            0            0            0            0            0            0
            0            0            0            0            0            0            0            0            0            0
            0            0            0            0            0            0            0            0            0            0
            0            0            0            0            0            0            0            0            0            0
            0            0            0            0            0            0            0            0            0            0
            0            0            0            0            0            0            0            0            0            0
            0            0            0            0            0            0            0            0            0            0
            0            0            0            0            0            0            0            0            0            0
            0            0            0            0            0            0            0            0            0            0
            0            0            0            0            0            0            0            0            0            0
            0            0            0            0            0            0            0            0            0            0
            0            0            0            0            0            0            0            0            0            0
            0            0            0            0            0            0            0            0            0            0
            0            0            0            0            0            0            0            0            0            0
            0            0            0            0            0            0            0            0            0            0
            0            0            0            0            0            0            0            0            0            0
            0            0            0            0            0            0            0            0            0            0
            0            0            0            0            0            0            0            0            0            0
            0            0            0            0            0            0            0            0            0            0
            0            0            0            0            0            0            0            0            0            0
            0            0            0            0            0            0            0            0            0            0
            0            0            0            0            0            0            0            0            0            0
            0            0            0            0            0            0            0            0            0            0
            0            0            0            0            0            0            0            0            0            0
            0            0            0            0            0            0            0            0            0            0
            0            0            0            0            0            0            0            0            0            0
            0            0            0            0            0            0            0            0            0            0
            0            0            0            0            0            0            0            0            0            0
            0            0            0            0            0            0            0            0            0            0
            0            0            0            0            0            0            0            0            0            0
            0            0            0            0            0            0            0            0            0            0
            0            0            0            0            0            0            0            0            0            0
            0            0            0            0            0            0            0            0            0            0
            0            0            0            0            0            0            0            0            0            0
            0            0            0            0            0            0            0            0            0            0
            0            0            0            0            0            0            0            0            0            0
            0            0            0            0            0            0            0            0            0            0
            0            0            0            0            0            0            0            0            0            0
            0            0            0            0            0            0            0            0            0            0
            0            0            0            0            0            0            0            0            0            0
            0            0            0            0            0            0            0            0            0            0
            0            0            0            0            0            0            0            0            0            0
            0            0            0            0            0            0            0            0            0            0
            0            0            0            0            0            0            0            0            0            0
            0            0            0            0            0            0            0            0            0            0
            0            0            0            0            0            0            0            0            0            0
            0            0            0            0            0            0            0            0            0            0
            0            0            0            0            0            0            0            0            0            0
            0            0            0            0            0            0            0            0            0            0
            0            0            0            0            0            0            0            0            0            0
            0            0            0            0            0            0            0            0            0            0
            0            0            0            0            0            0            0            0            0            0
            0            0            0            0            0            0            0            0            0            0
            0            0            0            0            0            0            0            0            0            0
            0            0            0            0            0            0            0            0            0            0
            0            0            0            0            0            0            0            0            0            0
            0            0            0            0            0            0            0            0            0            0
            0            0            0            0            0            0            0            0            0            0
            0            0            0            0            0            0            0            0            0            0
            0            0            0            0            0            0            0            0            0            0
            0            0            0            0            0            0            0            0            0            0
            0            0            0            0            0            0            0            0            0            0
            0            0            0            0            0            0            0            0            0            0
            0            0            0            0            0            0            0            0            0            0
            0            0            0            0            0            0            0            0            0            0
            0            0            0            0            0            0            0            0            0            0
            0            0            0            0            0            0            0            0            0            0
            0            0            0            0            0            0            0            0            0            0
            0            0            0            0            0            0            0            0            0            0
            0            0            0            0            0            0            0            0            0            0
            0            0            0            0            0            0            0            0            0            0
            0            0            0            0            0            0            0            0            0            0
            0            0            0            0            0            0            0            0            0            0
            0            0            0            0            0            0            0            0            0            0
            0            0            0            0            0            0            0            0            0            0
            0            0            0            0            0            0            0            0            0            0
            0            0            0            0            0            0            0            0            0            0
            0            0            0            0            0            0            0            0            0            0
            0            0            0            0            0            0            0            0            0            0

          nan  -1.6000e+03  -6.0000e+02  -3.5556e+02  -2.5000e+02  -1.9192e+02  -1.5544e+02  -1.3049e+02  -1.1237e+02  -9.8642e+01
          nan  -1.5960e+03  -5.9850e+02  -3.5467e+02  -2.4938e+02  -1.9152e+02  -1.5517e+02  -1.3029e+02  -1.1222e+02  -9.8519e+01
          nan  -1.5920e+03  -5.9701e+02  -3.5379e+02  -2.4876e+02  -1.9104e+02  -1.5478e+02  -1.2996e+02  -1.1194e+02  -9.8274e+01
          nan  -1.5881e+03  -5.9553e+02  -3.5291e+02  -2.4814e+02  -1.9057e+02  -1.5440e+02  -1.2964e+02  -1.1166e+02  -9.8030e+01
          nan  -1.5802e+03  -5.9258e+02  -3.5116e+02  -2.4691e+02  -1.8962e+02  -1.5363e+02  -1.2900e+02  -1.1111e+02  -9.7543e+01
          nan  -1.5802e+03  -5.9259e+02  -3.5117e+02  -2.4691e+02  -1.8963e+02  -1.5364e+02  -1.2900e+02  -1.1111e+02  -9.7546e+01
          nan  -1.5764e+03  -5.9113e+02  -3.5030e+02  -2.4631e+02  -1.8916e+02  -1.5326e+02  -1.2868e+02  -1.1084e+02  -9.7306e+01
          nan  -1.5725e+03  -5.8968e+02  -3.4944e+02  -2.4570e+02  -1.8870e+02  -1.5288e+02  -1.2837e+02  -1.1057e+02  -9.7067e+01
          nan  -1.5686e+03  -5.8824e+02  -3.4837e+02  -2.4485e+02  -1.8800e+02  -1.5229e+02  -1.2785e+02  -1.1011e+02  -9.6659e+01
          nan  -1.5648e+03  -5.8680e+02  -3.4751e+02  -2.4425e+02  -1.8754e+02  -1.5191e+02  -1.2754e+02  -1.0984e+02  -9.6423e+01
          nan  -1.5610e+03  -5.8537e+02  -3.4688e+02  -2.4390e+02  -1.8732e+02  -1.5176e+02  -1.2743e+02  -1.0976e+02  -9.6357e+01
          nan  -1.5572e+03  -5.8394e+02  -3.4604e+02  -2.4331e+02  -1.8686e+02  -1.5139e+02  -1.2712e+02  -1.0949e+02  -9.6122e+01
          nan  -1.5534e+03  -5.8252e+02  -3.4520e+02  -2.4272e+02  -1.8641e+02  -1.5102e+02  -1.2681e+02  -1.0922e+02  -9.5889e+01
          nan  -1.5496e+03  -5.8111e+02  -3.4436e+02  -2.4213e+02  -1.8596e+02  -1.5061e+02  -1.2642e+02  -1.0887e+02  -9.5561e+01
          nan  -1.5459e+03  -5.7971e+02  -3.4353e+02  -2.4155e+02  -1.8551e+02  -1.5030e+02  -1.2620e+02  -1.0870e+02  -9.5426e+01
          nan  -1.5422e+03  -5.7831e+02  -3.4270e+02  -2.4096e+02  -1.8506e+02  -1.4993e+02  -1.2589e+02  -1.0843e+02  -9.5196e+01
          nan  -1.5385e+03  -5.7692e+02  -3.4188e+02  -2.4038e+02  -1.8462e+02  -1.4957e+02  -1.2559e+02  -1.0817e+02  -9.4967e+01
          nan  -1.5329e+03  -5.7458e+02  -3.4042e+02  -2.3933e+02  -1.8379e+02  -1.4889e+02  -1.2501e+02  -1.0767e+02  -9.4526e+01
          nan  -1.5311e+03  -5.7416e+02  -3.4024e+02  -2.3923e+02  -1.8373e+02  -1.4886e+02  -1.2499e+02  -1.0766e+02  -9.4512e+01
          nan  -1.5274e+03  -5.7279e+02  -3.3943e+02  -2.3866e+02  -1.8329e+02  -1.4850e+02  -1.2469e+02  -1.0740e+02  -9.4287e+01
          nan  -1.5238e+03  -5.7143e+02  -3.3862e+02  -2.3810e+02  -1.8286e+02  -1.4815e+02  -1.2439e+02  -1.0714e+02  -9.4062e+01
          nan  -1.5202e+03  -5.7007e+02  -3.3782e+02  -2.3753e+02  -1.8242e+02  -1.4780e+02  -1.2410e+02  -1.0689e+02  -9.3839e+01
          nan  -1.5166e+03  -5.6872e+02  -3.3702e+02  -2.3697e+02  -1.8199e+02  -1.4745e+02  -1.2380e+02  -1.0664e+02  -9.3617e+01
          nan  -1.5130e+03  -5.6738e+02  -3.3622e+02  -2.3641e+02  -1.8156e+02  -1.4710e+02  -1.2351e+02  -1.0638e+02  -9.3395e+01
          nan  -1.5094e+03  -5.6604e+02  -3.3543e+02  -2.3585e+02  -1.8113e+02  -1.4675e+02  -1.2322e+02  -1.0613e+02  -9.3175e+01
          nan  -1.5059e+03  -5.6471e+02  -3.3464e+02  -2.3529e+02  -1.8071e+02  -1.4641e+02  -1.2293e+02  -1.0588e+02  -9.2956e+01
          nan  -1.5023e+03  -5.6338e+02  -3.3385e+02  -2.3474e+02  -1.8028e+02  -1.4606e+02  -1.2264e+02  -1.0563e+02  -9.2737e+01
          nan  -1.4988e+03  -5.6206e+02  -3.3307e+02  -2.3419e+02  -1.7986e+02  -1.4572e+02  -1.2235e+02  -1.0539e+02  -9.2520e+01
          nan  -1.4953e+03  -5.6075e+02  -3.3229e+02  -2.3364e+02  -1.7944e+02  -1.4538e+02  -1.2207e+02  -1.0514e+02  -9.2304e+01
            0            0            0            0            0            0            0            0            0            0
            0            0            0            0            0            0            0            0            0            0
            0            0            0            0            0            0            0            0            0            0
            0            0            0            0            0            0            0            0            0            0
            0            0            0            0            0            0            0            0            0            0
            0            0            0            0            0            0            0            0            0            0
            0            0            0            0            0            0            0            0            0            0
            0            0            0            0            0            0            0            0            0            0
            0            0            0            0            0            0            0            0            0            0
            0            0            0            0            0            0            0            0            0            0
            0            0            0            0            0            0            0            0            0            0
            0            0            0            0            0            0            0            0            0            0
            0            0            0            0            0            0            0            0            0            0
            0            0            0            0            0            0            0            0            0            0
            0            0            0            0            0            0            0            0            0            0
            0            0            0            0            0            0            0            0            0            0
            0            0            0            0            0            0            0            0            0            0
            0            0            0            0            0            0            0            0            0            0
            0            0            0            0            0            0            0            0            0            0
            0            0            0            0            0            0            0            0            0            0
            0            0            0            0            0            0            0            0            0            0
            0            0            0            0            0            0            0            0            0            0
            0            0            0            0            0            0            0            0            0            0
            0            0            0            0            0            0            0            0            0            0
            0            0            0            0            0            0            0            0            0            0
            0            0            0            0            0            0            0            0            0            0
            0            0            0            0            0            0            0            0            0            0
            0            0            0            0            0            0            0            0            0            0
            0            0            0            0            0            0            0            0            0            0
            0            0            0            0            0            0            0            0            0            0
            0            0            0            0            0            0            0            0            0            0
            0            0            0            0            0            0            0            0            0            0
            0            0            0            0            0            0            0            0            0            0
            0            0            0            0            0            0            0            0            0            0
            0            0            0            0            0            0            0            0            0            0
            0            0            0            0            0            0            0            0            0            0
            0            0            0            0            0            0            0            0            0            0
            0            0            0            0            0            0            0            0            0            0
            0            0            0            0            0            0            0            0            0            0
            0            0            0            0            0            0            0            0            0            0
            0            0            0            0            0            0            0            0            0            0
            0            0            0            0            0            0            0            0            0            0
            0            0            0            0            0            0            0            0            0            0
            0            0            0            0            0            0            0            0            0            0
            0            0            0            0            0            0            0            0            0            0
            0            0            0            0            0            0            0            0            0            0
            0            0            0            0            0            0            0            0            0            0
            0            0            0            0            0            0            0            0            0            0
            0            0            0            0            0            0            0            0            0            0
            0            0            0            0            0            0            0            0            0            0
            0            0            0            0            0            0            0            0            0            0
            0            0            0            0            0            0            0            0            0            0
            0            0            0            0            0            0            0            0            0            0
            0            0            0            0            0            0            0            0            0            0
            0            0            0            0            0            0            0            0            0            0
            0            0            0            0            0            0            0            0            0            0
            0            0            0            0            0            0            0            0            0            0
            0            0            0            0            0            0            0            0            0            0
            0            0            0            0            0            0            0            0            0            0
            0            0            0            0            0            0            0            0            0            0
            0            0            0            0            0            0            0            0            0            0
            0            0            0            0            0            0            0            0            0            0
            0            0            0            0            0            0            0            0            0            0
            0            0            0            0            0            0            0            0            0            0
            0            0            0            0            0            0            0            0            0            0
            0            0            0            0            0            0            0            0            0            0
            0            0            0            0            0            0            0            0            0            0
            0            0            0            0            0            0            0            0            0            0
            0            0            0            0            0            0            0            0            0            0
            0            0            0            0            0            0            0            0            0            0
            0            0            0            0            0            0            0            0            0            0
            0            0            0            0            0            0            0            0            0            0
            0            0            0            0            0            0            0            0            0            0
            0            0            0            0            0            0            0            0            0            0
            0            0            0            0            0            0            0            0            0            0
            0            0            0            0            0            0            0            0            0            0
            0            0            0            0            0            0            0            0            0            0
            0            0            0            0            0            0            0            0            0            0
            0            0            0            0            0            0            0            0            0            0
            0            0            0            0            0            0            0            0            0            0
            0            0            0            0            0            0            0            0            0            0
            0            0            0            0            0            0            0            0            0            0
            0            0            0            0            0            0            0            0            0            0
            0            0            0            0            0            0            0            0            0            0
            0            0            0            0            0            0            0            0            0            0
            0            0            0            0            0            0            0            0            0            0
            0            0            0            0            0            0            0            0            0            0
            0            0            0            0            0            0            0            0            0            0
            0            0            0            0            0            0            0            0            0            0
            0            0            0            0            0            0            0            0            0            0
            0            0            0            0            0            0            0            0            0            0

          nan  -1.6000e+03  -6.0000e+02  -3.5556e+02  -2.5000e+02  -1.9192e+02  -1.5544e+02  -1.3049e+02  -1.1237e+02  -9.8642e+01
          nan  -1.5960e+03  -5.9850e+02  -3.5467e+02  -2.4938e+02  -1.9152e+02  -1.5517e+02  -1.3029e+02  -1.1222e+02  -9.8519e+01
          nan  -1.5920e+03  -5.9701e+02  -3.5379e+02  -2.4876e+02  -1.9104e+02  -1.5478e+02  -1.2996e+02  -1.1194e+02  -9.8274e+01
          nan  -1.5881e+03  -5.9553e+02  -3.5291e+02  -2.4814e+02  -1.9057e+02  -1.5440e+02  -1.2964e+02  -1.1166e+02  -9.8030e+01
          nan  -1.5802e+03  -5.9258e+02  -3.5116e+02  -2.4691e+02  -1.8962e+02  -1.5363e+02  -1.2900e+02  -1.1111e+02  -9.7543e+01
          nan  -1.5802e+03  -5.9259e+02  -3.5117e+02  -2.4691e+02  -1.8963e+02  -1.5364e+02  -1.2900e+02  -1.1111e+02  -9.7546e+01
          nan  -1.5764e+03  -5.9113e+02  -3.5030e+02  -2.4631e+02  -1.8916e+02  -1.5326e+02  -1.2868e+02  -1.1084e+02  -9.7306e+01
          nan  -1.5725e+03  -5.8968e+02  -3.4944e+02  -2.4570e+02  -1.8870e+02  -1.5288e+02  -1.2837e+02  -1.1057e+02  -9.7067e+01
          nan  -1.5686e+03  -5.8824e+02  -3.4837e+02  -2.4485e+02  -1.8800e+02  -1.5229e+02  -1.2785e+02  -1.1011e+02  -9.6659e+01
          nan  -1.5648e+03  -5.8680e+02  -3.4751e+02  -2.4425e+02  -1.8754e+02  -1.5191e+02  -1.2754e+02  -1.0984e+02  -9.6423e+01
          nan  -1.5610e+03  -5.8537e+02  -3.4688e+02  -2.4390e+02  -1.8732e+02  -1.5176e+02  -1.2743e+02  -1.0976e+02  -9.6357e+01
          nan  -1.5572e+03  -5.8394e+02  -3.4604e+02  -2.4331e+02  -1.8686e+02  -1.5139e+02  -1.2712e+02  -1.0949e+02  -9.6122e+01
          nan  -1.5534e+03  -5.8252e+02  -3.4520e+02  -2.4272e+02  -1.8641e+02  -1.5102e+02  -1.2681e+02  -1.0922e+02  -9.5889e+01
          nan  -1.5496e+03  -5.8111e+02  -3.4436e+02  -2.4213e+02  -1.8596e+02  -1.5061e+02  -1.2642e+02  -1.0887e+02  -9.5561e+01
          nan  -1.5459e+03  -5.7971e+02  -3.4353e+02  -2.4155e+02  -1.8551e+02  -1.5030e+02  -1.2620e+02  -1.0870e+02  -9.5426e+01
          nan  -1.5422e+03  -5.7831e+02  -3.4270e+02  -2.4096e+02  -1.8506e+02  -1.4993e+02  -1.2589e+02  -1.0843e+02  -9.5196e+01
          nan  -1.5385e+03  -5.7692e+02  -3.4188e+02  -2.4038e+02  -1.8462e+02  -1.4957e+02  -1.2559e+02  -1.0817e+02  -9.4967e+01
          nan  -1.5329e+03  -5.7458e+02  -3.4042e+02  -2.3933e+02  -1.8379e+02  -1.4889e+02  -1.2501e+02  -1.0767e+02  -9.4526e+01
          nan  -1.5311e+03  -5.7416e+02  -3.4024e+02  -2.3923e+02  -1.8373e+02  -1.4886e+02  -1.2499e+02  -1.0766e+02  -9.4512e+01
          nan  -1.5274e+03  -5.7279e+02  -3.3943e+02  -2.3866e+02  -1.8329e+02  -1.4850e+02  -1.2469e+02  -1.0740e+02  -9.4287e+01
          nan  -1.5238e+03  -5.7143e+02  -3.3862e+02  -2.3810e+02  -1.8286e+02  -1.4815e+02  -1.2439e+02  -1.0714e+02  -9.4062e+01
          nan  -1.5202e+03  -5.7007e+02  -3.3782e+02  -2.3753e+02  -1.8242e+02  -1.4780e+02  -1.2410e+02  -1.0689e+02  -9.3839e+01
          nan  -1.5166e+03  -5.6872e+02  -3.3702e+02  -2.3697e+02  -1.8199e+02  -1.4745e+02  -1.2380e+02  -1.0664e+02  -9.3617e+01
          nan  -1.5130e+03  -5.6738e+02  -3.3622e+02  -2.3641e+02  -1.8156e+02  -1.4710e+02  -1.2351e+02  -1.0638e+02  -9.3395e+01
          nan  -1.5094e+03  -5.6604e+02  -3.3543e+02  -2.3585e+02  -1.8113e+02  -1.4675e+02  -1.2322e+02  -1.0613e+02  -9.3175e+01
          nan  -1.5059e+03  -5.6471e+02  -3.3464e+02  -2.3529e+02  -1.8071e+02  -1.4641e+02  -1.2293e+02  -1.0588e+02  -9.2956e+01
          nan  -1.5023e+03  -5.6338e+02  -3.3385e+02  -2.3474e+02  -1.8028e+02  -1.4606e+02  -1.2264e+02  -1.0563e+02  -9.2737e+01
          nan  -1.4988e+03  -5.6206e+02  -3.3307e+02  -2.3419e+02  -1.7986e+02  -1.4572e+02  -1.2235e+02  -1.0539e+02  -9.2520e+01
          nan  -1.4953e+03  -5.6075e+02  -3.3229e+02  -2.3364e+02  -1.7944e+02  -1.4538e+02  -1.2207e+02  -1.0514e+02  -9.2304e+01
            0            0            0            0            0            0            0            0            0            0
            0            0            0            0            0            0            0            0            0            0
            0            0            0            0            0            0            0            0            0            0
            0            0            0            0            0            0            0            0            0            0
            0            0            0            0            0            0            0            0            0            0
            0            0            0            0            0            0            0            0            0            0
            0            0            0            0            0            0            0            0            0            0
            0            0            0            0            0            0            0            0            0            0
            0            0            0            0            0            0            0            0            0            0
            0            0            0            0            0            0            0            0            0            0
            0            0            0            0            0            0            0            0            0            0
            0            0            0            0            0            0            0            0            0            0
            0            0            0            0            0            0            0            0            0            0
            0            0            0            0            0            0            0            0            0            0
            0            0            0            0            0            0            0            0            0            0
            0            0            0            0            0            0            0            0            0            0
            0            0            0            0            0            0            0            0            0            0
            0            0            0            0            0            0            0            0            0            0
            0            0            0            0            0            0            0            0            0            0
            0            0            0            0            0            0            0            0            0            0
            0            0            0            0            0            0            0            0            0            0
            0            0            0            0            0            0            0            0            0            0
            0            0            0            0            0            0            0            0            0            0
            0            0            0            0            0            0            0            0            0            0
            0            0            0            0            0            0            0            0            0            0
            0            0            0            0            0            0            0            0            0            0
            0            0            0            0            0            0            0            0            0            0
            0            0            0            0            0            0            0            0            0            0
            0            0            0            0            0            0            0            0            0            0
            0            0            0            0            0            0            0            0            0            0
            0            0            0            0            0            0            0            0            0            0
            0            0            0            0            0            0            0            0            0            0
            0            0            0            0            0            0            0            0            0            0
            0            0            0            0            0            0            0            0            0            0
            0            0            0            0            0            0            0            0            0            0
            0            0            0            0            0            0            0            0            0            0
            0            0            0            0            0            0            0            0            0            0
            0            0            0            0            0            0            0            0            0            0
            0            0            0            0            0            0            0            0            0            0
            0            0            0            0            0            0            0            0            0            0
            0            0            0            0            0            0            0            0            0            0
            0            0            0            0            0            0            0            0            0            0
            0            0            0            0            0            0            0            0            0            0
            0            0            0            0            0            0            0            0            0            0
            0            0            0            0            0            0            0            0            0            0
            0            0            0            0            0            0            0            0            0            0
            0            0            0            0            0            0            0            0            0            0
            0            0            0            0            0            0            0            0            0            0
            0            0            0            0            0            0            0            0            0            0
            0            0            0            0            0            0            0            0            0            0
            0            0            0            0            0            0            0            0            0            0
            0            0            0            0            0            0            0            0            0            0
            0            0            0            0            0            0            0            0            0            0
            0            0            0            0            0            0            0            0            0            0
            0            0            0            0            0            0            0            0            0            0
            0            0            0            0            0            0            0            0            0            0
            0            0            0            0            0            0            0            0            0            0
            0            0            0            0            0            0            0            0            0            0
            0            0            0            0            0            0            0            0            0            0
            0            0            0            0            0            0            0            0            0            0
            0            0            0            0            0            0            0            0            0            0
            0            0            0            0            0            0            0            0            0            0
            0            0            0            0            0            0            0            0            0            0
            0            0            0            0            0            0            0            0            0            0
            0            0            0            0            0            0            0            0            0            0
            0            0            0            0            0            0            0            0            0            0
            0            0            0            0            0            0            0            0            0            0
            0            0            0            0            0            0            0            0            0            0
            0            0            0            0            0            0            0            0            0            0
            0            0            0            0            0            0            0            0            0            0
            0            0            0            0            0            0            0            0            0            0
            0            0            0            0            0            0            0            0            0            0
            0            0            0            0            0            0            0            0            0            0
            0            0            0            0            0            0            0            0            0            0
            0            0            0            0            0            0            0            0            0            0
            0            0            0            0            0            0            0            0            0            0
            0            0            0            0            0            0            0            0            0            0
            0            0            0            0            0            0            0            0            0            0
            0            0            0            0            0            0            0            0            0            0
            0            0            0            0            0            0            0            0            0            0
            0            0            0            0            0            0            0            0            0            0
            0            0            0            0            0            0            0            0            0            0
            0            0            0            0            0            0            0            0            0            0
            0            0            0            0            0            0            0            0            0            0
            0            0            0            0            0            0            0            0            0            0
            0            0            0            0            0            0            0            0            0            0
            0            0            0            0            0            0            0            0            0            0
            0            0            0            0            0            0            0            0            0            0
            0            0            0            0            0            0            0            0            0            0
            0            0            0            0            0            0            0            0            0            0
            0            0            0            0            0            0            0            0            0            0

      nan        0        0        0        0   0.2000   0.1667   0.1429   0.1250   0.1111
      nan        0        0        0        0        0        0        0        0        0
      nan        0        0        0        0        0        0        0        0        0
      nan        0        0        0        0        0        0        0        0        0
      inf   1.0000   0.5000   0.3333   0.2500   0.2000   0.1667   0.1429   0.1250   0.1111
      nan        0        0        0        0        0        0        0        0        0
      nan        0        0        0        0        0        0        0        0        0
      nan        0        0        0        0        0        0        0        0        0
      nan        0        0   0.3333   0.2500   0.2000   0.1667   0.1429   0.1250   0.1111
      nan        0        0   0.3333   0.2500   0.2000   0.1667   0.1429   0.1250   0.1111
      nan        0        0        0        0        0        0        0        0        0
      nan        0        0        0        0        0        0        0        0        0
      nan        0        0        0        0        0        0        0        0        0
      nan        0        0        0        0        0   0.1667   0.1429   0.1250   0.1111
      nan        0        0        0        0        0        0        0        0        0
      nan        0        0        0        0        0        0        0        0        0
      nan        0        0        0        0        0        0        0        0        0
      nan   1.0000   0.5000   0.3333   0.2500   0.2000   0.1667   0.1429   0.1250   0.1111
      nan        0        0        0        0        0        0        0        0        0
      nan        0        0        0        0        0        0        0        0        0
      nan        0        0        0        0        0        0        0        0        0
      nan        0        0        0        0        0        0        0        0        0
      nan        0        0        0        0        0        0        0        0        0
      nan        0        0        0        0        0        0        0        0        0
      nan        0        0        0        0        0        0        0        0        0
      nan        0        0        0        0        0        0        0        0        0
      nan        0        0        0        0        0        0        0        0        0
      nan        0        0        0        0        0        0        0        0        0
      nan        0        0        0        0        0        0        0        0        0
        0        0        0        0        0        0        0        0        0        0
        0        0        0        0        0        0        0        0        0        0
        0        0        0        0        0        0        0        0        0        0
        0        0        0        0        0        0        0        0        0        0
        0        0        0        0        0        0        0        0        0        0
        0        0        0        0        0        0        0        0        0        0
        0        0        0        0        0        0        0        0        0        0
        0        0        0        0        0        0        0        0        0        0
        0        0        0        0        0        0        0        0        0        0
        0        0        0        0        0        0        0        0        0        0
        0        0        0        0        0        0        0        0        0        0
        0        0        0        0        0        0        0        0        0        0
        0        0        0        0        0        0        0        0        0        0
        0        0        0        0        0        0        0        0        0        0
        0        0        0        0        0        0        0        0        0        0
        0        0        0        0        0        0        0        0        0        0
        0        0        0        0        0        0        0        0        0        0
        0        0        0        0        0        0        0        0        0        0
        0        0        0        0        0        0        0        0        0        0
        0        0        0        0        0        0        0        0        0        0
        0        0        0        0        0        0        0        0        0        0
        0        0        0        0        0        0        0        0        0        0
        0        0        0        0        0        0        0        0        0        0
        0        0        0        0        0        0        0        0        0        0
        0        0        0        0        0        0        0        0        0        0
        0        0        0        0        0        0        0        0        0        0
        0        0        0        0        0        0        0        0        0        0
        0        0        0        0        0        0        0        0        0        0
        0        0        0        0        0        0        0        0        0        0
        0        0        0        0        0        0        0        0        0        0
        0        0        0        0        0        0        0        0        0        0
        0        0        0        0        0        0        0        0        0        0
        0        0        0        0        0        0        0        0        0        0
        0        0        0        0        0        0        0        0        0        0
        0        0        0        0        0        0        0        0        0        0
        0        0        0        0        0        0        0        0        0        0
        0        0        0        0        0        0        0        0        0        0
        0        0        0        0        0        0        0        0        0        0
        0        0        0        0        0        0        0        0        0        0
        0        0        0        0        0        0        0        0        0        0
        0        0        0        0        0        0        0        0        0        0
        0        0        0        0        0        0        0        0        0        0
        0        0        0        0        0        0        0        0        0        0
        0        0        0        0        0        0        0        0        0        0
        0        0        0        0        0        0        0        0        0        0
        0        0        0        0        0        0        0        0        0        0
        0        0        0        0        0        0        0        0        0        0
        0        0        0        0        0        0        0        0        0        0
        0        0        0        0        0        0        0        0        0        0
        0        0        0        0        0        0        0        0        0        0
        0        0        0        0        0        0        0        0        0        0
        0        0        0        0        0        0        0        0        0        0
        0        0        0        0        0        0        0        0        0        0
        0        0        0        0        0        0        0        0        0        0
        0        0        0        0        0        0        0        0        0        0
        0        0        0        0        0        0        0        0        0        0
        0        0        0        0        0        0        0        0        0        0
        0        0        0        0        0        0        0        0        0        0
        0        0        0        0        0        0        0        0        0        0
        0        0        0        0        0        0        0        0        0        0
        0        0        0        0        0        0        0        0        0        0
        0        0        0        0        0        0        0        0        0        0
        0        0        0        0        0        0        0        0        0        0
        0        0        0        0        0        0        0        0        0        0
        0        0        0        0        0        0        0        0        0        0
        0        0        0        0        0        0        0        0        0        0
        0        0        0        0        0        0        0        0        0        0
        0        0        0        0        0        0        0        0        0        0
        0        0        0        0        0        0        0        0        0        0
        0        0        0        0        0        0        0        0        0        0
        0        0        0        0        0        0        0        0        0        0
        0        0        0        0        0        0        0        0        0        0
        0        0        0        0        0        0        0        0        0        0
        0        0        0        0        0        0        0        0        0        0
        0        0        0        0        0        0        0        0        0        0
        0        0        0        0        0        0        0        0        0        0
        0        0        0        0        0        0        0        0        0        0
        0        0        0        0        0        0        0        0        0        0
        0        0        0        0        0        0        0        0        0        0
        0        0        0        0        0        0        0        0        0        0
        0        0        0        0        0        0        0        0        0        0
        0        0        0        0        0        0        0        0        0        0
        0        0        0        0        0        0        0        0        0        0
        0        0        0        0        0        0        0        0        0        0
        0        0        0        0        0        0        0        0        0        0
        0        0        0        0        0        0        0        0        0        0
        0        0        0        0        0        0        0        0        0        0
        0        0        0        0        0        0        0        0        0        0
        0        0        0        0        0        0        0        0        0        0
        0        0        0        0        0        0        0        0        0        0
        0        0        0        0        0        0        0        0        0        0

