   2.0000
   2.0050
   2.0100
   2.0150
   2.0200
   2.0250
   2.0300
   2.0350
   2.0400
   2.0450
   2.0500
   2.0550
   2.0600
   2.0650
   2.0700
   2.0750
   2.0800
   2.0850
   2.0900
   2.0950
   2.1000
   2.1050
   2.1100
   2.1150
   2.1200
   2.1250
   2.1300
   2.1350
   2.1400
   2.1450
   2.1500
   2.1550
   2.1600
   2.1650
   2.1700
   2.1750
   2.1800
   2.1850
   2.1900
   2.1950
   2.2000
   2.2050
   2.2100
   2.2150
   2.2200
   2.2250
   2.2300
   2.2350
   2.2400
   2.2450
   2.2500
   2.2550
   2.2600
   2.2650
   2.2700
   2.2750
   2.2800
   2.2850
   2.2900
   2.2950
   2.3000
   2.3050
   2.3100
   2.3150
   2.3200
   2.3250
   2.3300
   2.3350
   2.3400
   2.3450
   2.3500
   2.3550
   2.3600
   2.3650
   2.3700
   2.3750
   2.3800
   2.3850
   2.3900
   2.3950
   2.4000
   2.4050
   2.4100
   2.4150
   2.4200
   2.4250
   2.4300
   2.4350
   2.4400
   2.4450
   2.4500
   2.4550
   2.4600
   2.4650
   2.4700
   2.4750
   2.4800
   2.4850
   2.4900
   2.4950
   2.5000
   2.5050
   2.5100
   2.5150
   2.5200
   2.5250
   2.5300
   2.5350
   2.5400
   2.5450
   2.5500
   2.5550
   2.5600
   2.5650
   2.5700
   2.5750
   2.5800
   2.5850
   2.5900
   2.5950

        0        0        0        0        0        0        0        0        0        0
        0        0        0        0        0        0        0        0        0        0
        0        0        0        0        0        0        0        0        0        0
        0        0        0        0        0        0        0        0        0        0
        0        0        0        0        0        0        0        0        0        0
        0        0        0        0        0        0        0        0        0        0
        0        0        0        0        0        0        0        0        0        0
        0        0        0        0        0        0        0        0        0        0
        0        0        0        0        0        0        0        0        0        0
        0        0        0        0        0        0        0        0        0        0
        0        0        0        0        0        0        0        0        0        0
        0        0        0        0        0        0        0        0        0        0
        0        0        0        0        0        0        0        0        0        0
        0        0        0        0        0        0        0        0        0        0
        0        0        0        0        0        0        0        0        0        0
        0        0        0        0        0        0        0        0        0        0
        0        0        0        0        0        0        0        0        0        0
        0        0        0        0        0        0        0        0        0        0
        0        0        0        0        0        0        0        0        0        0
        0        0        0        0        0        0        0        0        0        0
        0        0        0        0        0        0        0        0        0        0
        0        0        0        0        0        0        0        0        0        0
        0        0        0        0        0        0        0        0        0        0
        0        0        0        0        0        0        0        0        0        0
        0        0        0        0        0        0        0        0        0        0
        0        0        0        0        0        0        0        0        0        0
        0        0        0        0        0        0        0        0        0        0
        0        0        0        0        0        0        0        0        0        0
        0        0        0        0        0        0        0        0        0        0
        0        0        0        0        0        0        0        0        0        0
     -inf  -1.6284  -1.6182  -1.6069  -1.6073  -1.6072  -1.6067  -1.6065  -1.6093  -1.6074
     -inf  -1.5839  -1.5765  -1.5772  -1.5825  -1.5847  -1.5849  -1.5869  -1.5876  -1.5855
     -inf  -1.5885  -1.6057  -1.6034  -1.6011  -1.5886  -1.5822  -1.5842  -1.5829  -1.5809
     -inf  -1.6156  -1.5948  -1.5863  -1.5785  -1.5857  -1.5825  -1.5801  -1.5792  -1.5822
     -inf  -1.5852  -1.5933  -1.5933  -1.5835  -1.5740  -1.5655  -1.5562  -1.5534  -1.5539
     -inf  -1.5945  -1.5761  -1.5754  -1.5715  -1.5745  -1.5726  -1.5781  -1.5810  -1.5787
     -inf  -1.5881  -1.5775  -1.5826  -1.5801  -1.5816  -1.5810  -1.5862  -1.5824  -1.5792
     -inf  -1.5936  -1.5856  -1.5780  -1.5789  -1.5798  -1.5743  -1.5720  -1.5702  -1.5672
     -inf  -1.5517  -1.5480  -1.5411  -1.5450  -1.5517  -1.5590  -1.5622  -1.5694  -1.5720
     -inf  -1.6119  -1.5931  -1.5864  -1.5795  -1.5809  -1.5780  -1.5734  -1.5720  -1.5694
     -inf  -1.5312  -1.5382  -1.5464  -1.5560  -1.5597  -1.5648  -1.5699  -1.5690  -1.5729
     -inf  -1.5491  -1.5582  -1.5502  -1.5495  -1.5557  -1.5513  -1.5418  -1.5405  -1.5409
     -inf  -1.5342  -1.5578  -1.5604  -1.5558  -1.5552  -1.5631  -1.5596  -1.5593  -1.5577
     -inf  -1.5788  -1.5683  -1.5487  -1.5536  -1.5480  -1.5430  -1.5434  -1.5433  -1.5412
     -inf  -1.5705  -1.5427  -1.5319  -1.5226  -1.5202  -1.5164  -1.5192  -1.5200  -1.5198
     -inf  -1.5446  -1.5527  -1.5513  -1.5377  -1.5311  -1.5302  -1.5227  -1.5213  -1.5180
     -inf  -1.5153  -1.5026  -1.5089  -1.5179  -1.5186  -1.5182  -1.5162  -1.5144  -1.5169
     -inf  -1.5327  -1.5356  -1.5288  -1.5233  -1.5114  -1.5101  -1.5119  -1.5125  -1.5212
     -inf  -1.5288  -1.5102  -1.4956  -1.4832  -1.4787  -1.4719  -1.4696  -1.4713  -1.4736
     -inf  -1.4934  -1.5023  -1.5073  -1.5042  -1.4986  -1.4925  -1.4822  -1.4870  -1.4883
     -inf  -1.4527  -1.4327  -1.4401  -1.4485  -1.4558  -1.4638  -1.4687  -1.4718  -1.4666
     -inf  -1.4860  -1.4942  -1.4859  -1.4774  -1.4768  -1.4748  -1.4695  -1.4691  -1.4661
     -inf  -1.5214  -1.5177  -1.5303  -1.5235  -1.5153  -1.5130  -1.5134  -1.5075  -1.5024
     -inf  -1.4913  -1.4885  -1.4900  -1.4820  -1.4736  -1.4760  -1.4745  -1.4753  -1.4720
     -inf  -1.4077  -1.4288  -1.4424  -1.4360  -1.4334  -1.4335  -1.4314  -1.4314  -1.4237
     -inf  -1.4841  -1.4582  -1.4458  -1.4369  -1.4367  -1.4375  -1.4397  -1.4491  -1.4554
     -inf  -1.4821  -1.4964  -1.4944  -1.4711  -1.4619  -1.4493  -1.4396  -1.4345  -1.4328
     -inf  -1.4652  -1.4478  -1.4330  -1.4307  -1.4281  -1.4344  -1.4408  -1.4403  -1.4401
     -inf  -1.4287  -1.4166  -1.4048  -1.4111  -1.4070  -1.4043  -1.4041  -1.4024  -1.4049
        0        0        0        0        0        0        0        0        0        0
        0        0        0        0        0        0        0        0        0        0
        0        0        0        0        0        0        0        0        0        0
        0        0        0        0        0        0        0        0        0        0
        0        0        0        0        0        0        0        0        0        0
        0        0        0        0        0        0        0        0        0        0
        0        0        0        0        0        0        0        0        0        0
        0        0        0        0        0        0        0        0        0        0
        0        0        0        0        0        0        0        0        0        0
        0        0        0        0        0        0        0        0        0        0
        0        0        0        0        0        0        0        0        0        0
        0        0        0        0        0        0        0        0        0        0
        0        0        0        0        0        0        0        0        0        0
        0        0        0        0        0        0        0        0        0        0
        0        0        0        0        0        0        0        0        0        0
        0        0        0        0        0        0        0        0        0        0
        0        0        0        0        0        0        0        0        0        0
        0        0        0        0        0        0        0        0        0        0
        0        0        0        0        0        0        0        0        0        0
        0        0        0        0        0        0        0        0        0        0
        0        0        0        0        0        0        0        0        0        0
        0        0        0        0        0        0        0        0        0        0
        0        0        0        0        0        0        0        0        0        0
        0        0        0        0        0        0        0        0        0        0
        0        0        0        0        0        0        0        0        0        0
        0        0        0        0        0        0        0        0        0        0
        0        0        0        0        0        0        0        0        0        0
        0        0        0        0        0        0        0        0        0        0
        0        0        0        0        0        0        0        0        0        0
        0        0        0        0        0        0        0        0        0        0
        0        0        0        0        0        0        0        0        0        0
        0        0        0        0        0        0        0        0        0        0
        0        0        0        0        0        0        0        0        0        0
        0        0        0        0        0        0        0        0        0        0
        0        0        0        0        0        0        0        0        0        0
        0        0        0        0        0        0        0        0        0        0
        0        0        0        0        0        0        0        0        0        0
        0        0        0        0        0        0        0        0        0        0
        0        0        0        0        0        0        0        0        0        0
        0        0        0        0        0        0        0        0        0        0
        0        0        0        0        0        0        0        0        0        0
        0        0        0        0        0        0        0        0        0        0
        0        0        0        0        0        0        0        0        0        0
        0        0        0        0        0        0        0        0        0        0
        0        0        0        0        0        0        0        0        0        0
        0        0        0        0        0        0        0        0        0        0
        0        0        0        0        0        0        0        0        0        0
        0        0        0        0        0        0        0        0        0        0
        0        0        0        0        0        0        0        0        0        0
        0        0        0        0        0        0        0        0        0        0
        0        0        0        0        0        0        0        0        0        0
        0        0        0        0        0        0        0        0        0        0
        0        0        0        0        0        0        0        0        0        0
        0        0        0        0        0        0        0        0        0        0
        0        0        0        0        0        0        0        0        0        0
        0        0        0        0        0        0        0        0        0        0
        0        0        0        0        0        0        0        0        0        0
        0        0        0        0        0        0        0        0        0        0
        0        0        0        0        0        0        0        0        0        0
        0        0        0        0        0        0        0        0        0        0
        0        0        0        0        0        0        0        0        0        0

        0        0        0        0        0        0        0        0        0        0
        0        0        0        0        0        0        0        0        0        0
        0        0        0        0        0        0        0        0        0        0
        0        0        0        0        0        0        0        0        0        0
        0        0        0        0        0        0        0        0        0        0
        0        0        0        0        0        0        0        0        0        0
        0        0        0        0        0        0        0        0        0        0
        0        0        0        0        0        0        0        0        0        0
        0        0        0        0        0        0        0        0        0        0
        0        0        0        0        0        0        0        0        0        0
        0        0        0        0        0        0        0        0        0        0
        0        0        0        0        0        0        0        0        0        0
        0        0        0        0        0        0        0        0        0        0
        0        0        0        0        0        0        0        0        0        0
        0        0        0        0        0        0        0        0        0        0
        0        0        0        0        0        0        0        0        0        0
        0        0        0        0        0        0        0        0        0        0
        0        0        0        0        0        0        0        0        0        0
        0        0        0        0        0        0        0        0        0        0
        0        0        0        0        0        0        0        0        0        0
        0        0        0        0        0        0        0        0        0        0
        0        0        0        0        0        0        0        0        0        0
        0        0        0        0        0        0        0        0        0        0
        0        0        0        0        0        0        0        0        0        0
        0        0        0        0        0        0        0        0        0        0
        0        0        0        0        0        0        0        0        0        0
        0        0        0        0        0        0        0        0        0        0
        0        0        0        0        0        0        0        0        0        0
        0        0        0        0        0        0        0        0        0        0
        0        0        0        0        0        0        0        0        0        0
      inf   0.8541   0.8454   0.8372   0.8360   0.8373   0.8370   0.8369   0.8388   0.8378
      inf   0.8014   0.7953   0.8037   0.8131   0.8168   0.8195   0.8189   0.8172   0.8170
      inf   0.8357   0.8438   0.8419   0.8359   0.8192   0.8133   0.8152   0.8159   0.8135
      inf   0.8578   0.8353   0.8274   0.8227   0.8270   0.8249   0.8224   0.8229   0.8252
      inf   0.8163   0.8284   0.8308   0.8235   0.8160   0.8029   0.7936   0.7907   0.7905
      inf   0.8115   0.7952   0.7993   0.7932   0.7905   0.7896   0.7981   0.8035   0.8043
      inf   0.8377   0.8285   0.8349   0.8279   0.8237   0.8245   0.8279   0.8256   0.8224
      inf   0.8389   0.8308   0.8269   0.8246   0.8257   0.8214   0.8197   0.8183   0.8131
      inf   0.7797   0.7712   0.7684   0.7766   0.7868   0.7954   0.7998   0.8070   0.8108
      inf   0.8561   0.8366   0.8338   0.8242   0.8241   0.8238   0.8216   0.8211   0.8195
      inf   0.8101   0.8009   0.8040   0.8126   0.8153   0.8167   0.8180   0.8186   0.8219
      inf   0.8144   0.8143   0.8087   0.8070   0.8077   0.7974   0.7854   0.7852   0.7853
      inf   0.7988   0.8138   0.8120   0.8105   0.8114   0.8174   0.8149   0.8131   0.8127
      inf   0.8344   0.8261   0.8091   0.8100   0.8057   0.8027   0.8030   0.8031   0.8015
      inf   0.8163   0.7894   0.7708   0.7642   0.7657   0.7642   0.7656   0.7664   0.7677
      inf   0.8123   0.8156   0.8142   0.8004   0.7939   0.7931   0.7855   0.7792   0.7707
      inf   0.7758   0.7614   0.7637   0.7736   0.7798   0.7790   0.7743   0.7723   0.7760
      inf   0.8070   0.8117   0.7953   0.7808   0.7638   0.7589   0.7612   0.7631   0.7722
      inf   0.7971   0.7817   0.7463   0.7155   0.7029   0.6857   0.6805   0.6818   0.6854
      inf   0.7582   0.7672   0.7744   0.7672   0.7566   0.7422   0.7292   0.7303   0.7291
      inf   0.7149   0.6843   0.6847   0.6942   0.7036   0.7141   0.7244   0.7290   0.7255
      inf   0.7454   0.7520   0.7483   0.7381   0.7347   0.7313   0.7217   0.7215   0.7137
      inf   0.7955   0.7912   0.8029   0.7983   0.7901   0.7863   0.7840   0.7801   0.7776
      inf   0.7620   0.7597   0.7646   0.7525   0.7339   0.7317   0.7311   0.7310   0.7275
      inf   0.6816   0.7016   0.7191   0.7125   0.7034   0.7016   0.7022   0.6967   0.6820
      inf   0.7521   0.7337   0.7149   0.6988   0.6959   0.7031   0.7084   0.7177   0.7222
      inf   0.7610   0.7692   0.7733   0.7489   0.7306   0.7016   0.6774   0.6708   0.6745
      inf   0.7231   0.7097   0.7080   0.7021   0.6991   0.7039   0.7114   0.7121   0.7110
      inf   0.7246   0.7023   0.6884   0.6832   0.6748   0.6645   0.6640   0.6589   0.6642
        0        0        0        0        0        0        0        0        0        0
        0        0        0        0        0        0        0        0        0        0
        0        0        0        0        0        0        0        0        0        0
        0        0        0        0        0        0        0        0        0        0
        0        0        0        0        0        0        0        0        0        0
        0        0        0        0        0        0        0        0        0        0
        0        0        0        0        0        0        0        0        0        0
        0        0        0        0        0        0        0        0        0        0
        0        0        0        0        0        0        0        0        0        0
        0        0        0        0        0        0        0        0        0        0
        0        0        0        0        0        0        0        0        0        0
        0        0        0        0        0        0        0        0        0        0
        0        0        0        0        0        0        0        0        0        0
        0        0        0        0        0        0        0        0        0        0
        0        0        0        0        0        0        0        0        0        0
        0        0        0        0        0        0        0        0        0        0
        0        0        0        0        0        0        0        0        0        0
        0        0        0        0        0        0        0        0        0        0
        0        0        0        0        0        0        0        0        0        0
        0        0        0        0        0        0        0        0        0        0
        0        0        0        0        0        0        0        0        0        0
        0        0        0        0        0        0        0        0        0        0
        0        0        0        0        0        0        0        0        0        0
        0        0        0        0        0        0        0        0        0        0
        0        0        0        0        0        0        0        0        0        0
        0        0        0        0        0        0        0        0        0        0
        0        0        0        0        0        0        0        0        0        0
        0        0        0        0        0        0        0        0        0        0
        0        0        0        0        0        0        0        0        0        0
        0        0        0        0        0        0        0        0        0        0
        0        0        0        0        0        0        0        0        0        0
        0        0        0        0        0        0        0        0        0        0
        0        0        0        0        0        0        0        0        0        0
        0        0        0        0        0        0        0        0        0        0
        0        0        0        0        0        0        0        0        0        0
        0        0        0        0        0        0        0        0        0        0
        0        0        0        0        0        0        0        0        0        0
        0        0        0        0        0        0        0        0        0        0
        0        0        0        0        0        0        0        0        0        0
        0        0        0        0        0        0        0        0        0        0
        0        0        0        0        0        0        0        0        0        0
        0        0        0        0        0        0        0        0        0        0
        0        0        0        0        0        0        0        0        0        0
        0        0        0        0        0        0        0        0        0        0
        0        0        0        0        0        0        0        0        0        0
        0        0        0        0        0        0        0        0        0        0
        0        0        0        0        0        0        0        0        0        0
        0        0        0        0        0        0        0        0        0        0
        0        0        0        0        0        0        0        0        0        0
        0        0        0        0        0        0        0        0        0        0
        0        0        0        0        0        0        0        0        0        0
        0        0        0        0        0        0        0        0        0        0
        0        0        0        0        0        0        0        0        0        0
        0        0        0        0        0        0        0        0        0        0
        0        0        0        0        0        0        0        0        0        0
        0        0        0        0        0        0        0        0        0        0
        0        0        0        0        0        0        0        0        0        0
        0        0        0        0        0        0        0        0        0        0
        0        0        0        0        0        0        0        0        0        0
        0        0        0        0        0        0        0        0        0        0
        0        0        0        0        0        0        0        0        0        0

        0        0        0        0        0        0        0        0        0        0
        0        0        0        0        0        0        0        0        0        0
        0        0        0        0        0        0        0        0        0        0
        0        0        0        0        0        0        0        0        0        0
        0        0        0        0        0        0        0        0        0        0
        0        0        0        0        0        0        0        0        0        0
        0        0        0        0        0        0        0        0        0        0
        0        0        0        0        0        0        0        0        0        0
        0        0        0        0        0        0        0        0        0        0
        0        0        0        0        0        0        0        0        0        0
        0        0        0        0        0        0        0        0        0        0
        0        0        0        0        0        0        0        0        0        0
        0        0        0        0        0        0        0        0        0        0
        0        0        0        0        0        0        0        0        0        0
        0        0        0        0        0        0        0        0        0        0
        0        0        0        0        0        0        0        0        0        0
        0        0        0        0        0        0        0        0        0        0
        0        0        0        0        0        0        0        0        0        0
        0        0        0        0        0        0        0        0        0        0
        0        0        0        0        0        0        0        0        0        0
        0        0        0        0        0        0        0        0        0        0
        0        0        0        0        0        0        0        0        0        0
        0        0        0        0        0        0        0        0        0        0
        0        0        0        0        0        0        0        0        0        0
        0        0        0        0        0        0        0        0        0        0
        0        0        0        0        0        0        0        0        0        0
        0        0        0        0        0        0        0        0        0        0
        0        0        0        0        0        0        0        0        0        0
        0        0        0        0        0        0        0        0        0        0
        0        0        0        0        0        0        0        0        0        0
      inf   0.8541   0.8454   0.8372   0.8360   0.8373   0.8370   0.8369   0.8388   0.8378
      inf   0.8014   0.7953   0.8037   0.8131   0.8168   0.8195   0.8189   0.8172   0.8170
      inf   0.8357   0.8438   0.8419   0.8359   0.8192   0.8133   0.8152   0.8159   0.8135
      inf   0.8578   0.8353   0.8274   0.8227   0.8270   0.8249   0.8224   0.8229   0.8252
      inf   0.8163   0.8284   0.8308   0.8235   0.8160   0.8029   0.7936   0.7907   0.7905
      inf   0.8115   0.7952   0.7993   0.7932   0.7905   0.7896   0.7981   0.8035   0.8043
      inf   0.8377   0.8285   0.8349   0.8279   0.8237   0.8245   0.8279   0.8256   0.8224
      inf   0.8389   0.8308   0.8269   0.8246   0.8257   0.8214   0.8197   0.8183   0.8131
      inf   0.7797   0.7712   0.7684   0.7766   0.7868   0.7954   0.7998   0.8070   0.8108
      inf   0.8561   0.8366   0.8338   0.8242   0.8241   0.8238   0.8216   0.8211   0.8195
      inf   0.8101   0.8009   0.8040   0.8126   0.8153   0.8167   0.8180   0.8186   0.8219
      inf   0.8144   0.8143   0.8087   0.8070   0.8077   0.7974   0.7854   0.7852   0.7853
      inf   0.7988   0.8138   0.8120   0.8105   0.8114   0.8174   0.8149   0.8131   0.8127
      inf   0.8344   0.8261   0.8091   0.8100   0.8057   0.8027   0.8030   0.8031   0.8015
      inf   0.8163   0.7894   0.7708   0.7642   0.7657   0.7642   0.7656   0.7664   0.7677
      inf   0.8123   0.8156   0.8142   0.8004   0.7939   0.7931   0.7855   0.7792   0.7707
      inf   0.7758   0.7614   0.7637   0.7736   0.7798   0.7790   0.7743   0.7723   0.7760
      inf   0.8070   0.8117   0.7953   0.7808   0.7638   0.7589   0.7612   0.7631   0.7722
      inf   0.7971   0.7817   0.7463   0.7155   0.7029   0.6857   0.6805   0.6818   0.6854
      inf   0.7582   0.7672   0.7744   0.7672   0.7566   0.7422   0.7292   0.7303   0.7291
      inf   0.7149   0.6843   0.6847   0.6942   0.7036   0.7141   0.7244   0.7290   0.7255
      inf   0.7454   0.7520   0.7483   0.7381   0.7347   0.7313   0.7217   0.7215   0.7137
      inf   0.7955   0.7912   0.8029   0.7983   0.7901   0.7863   0.7840   0.7801   0.7776
      inf   0.7620   0.7597   0.7646   0.7525   0.7339   0.7317   0.7311   0.7310   0.7275
      inf   0.6816   0.7016   0.7191   0.7125   0.7034   0.7016   0.7022   0.6967   0.6820
      inf   0.7521   0.7337   0.7149   0.6988   0.6959   0.7031   0.7084   0.7177   0.7222
      inf   0.7610   0.7692   0.7733   0.7489   0.7306   0.7016   0.6774   0.6708   0.6745
      inf   0.7231   0.7097   0.7080   0.7021   0.6991   0.7039   0.7114   0.7121   0.7110
      inf   0.7246   0.7023   0.6884   0.6832   0.6748   0.6645   0.6640   0.6589   0.6642
        0        0        0        0        0        0        0        0        0        0
        0        0        0        0        0        0        0        0        0        0
        0        0        0        0        0        0        0        0        0        0
        0        0        0        0        0        0        0        0        0        0
        0        0        0        0        0        0        0        0        0        0
        0        0        0        0        0        0        0        0        0        0
        0        0        0        0        0        0        0        0        0        0
        0        0        0        0        0        0        0        0        0        0
        0        0        0        0        0        0        0        0        0        0
        0        0        0        0        0        0        0        0        0        0
        0        0        0        0        0        0        0        0        0        0
        0        0        0        0        0        0        0        0        0        0
        0        0        0        0        0        0        0        0        0        0
        0        0        0        0        0        0        0        0        0        0
        0        0        0        0        0        0        0        0        0        0
        0        0        0        0        0        0        0        0        0        0
        0        0        0        0        0        0        0        0        0        0
        0        0        0        0        0        0        0        0        0        0
        0        0        0        0        0        0        0        0        0        0
        0        0        0        0        0        0        0        0        0        0
        0        0        0        0        0        0        0        0        0        0
        0        0        0        0        0        0        0        0        0        0
        0        0        0        0        0        0        0        0        0        0
        0        0        0        0        0        0        0        0        0        0
        0        0        0        0        0        0        0        0        0        0
        0        0        0        0        0        0        0        0        0        0
        0        0        0        0        0        0        0        0        0        0
        0        0        0        0        0        0        0        0        0        0
        0        0        0        0        0        0        0        0        0        0
        0        0        0        0        0        0        0        0        0        0
        0        0        0        0        0        0        0        0        0        0
        0        0        0        0        0        0        0        0        0        0
        0        0        0        0        0        0        0        0        0        0
        0        0        0        0        0        0        0        0        0        0
        0        0        0        0        0        0        0        0        0        0
        0        0        0        0        0        0        0        0        0        0
        0        0        0        0        0        0        0        0        0        0
        0        0        0        0        0        0        0        0        0        0
        0        0        0        0        0        0        0        0        0        0
        0        0        0        0        0        0        0        0        0        0
        0        0        0        0        0        0        0        0        0        0
        0        0        0        0        0        0        0        0        0        0
        0        0        0        0        0        0        0        0        0        0
        0        0        0        0        0        0        0        0        0        0
        0        0        0        0        0        0        0        0        0        0
        0        0        0        0        0        0        0        0        0        0
        0        0        0        0        0        0        0        0        0        0
        0        0        0        0        0        0        0        0        0        0
        0        0        0        0        0        0        0        0        0        0
        0        0        0        0        0        0        0        0        0        0
        0        0        0        0        0        0        0        0        0        0
        0        0        0        0        0        0        0        0        0        0
        0        0        0        0        0        0        0        0        0        0
        0        0        0        0        0        0        0        0        0        0
        0        0        0        0        0        0        0        0        0        0
        0        0        0        0        0        0        0        0        0        0
        0        0        0        0        0        0        0        0        0        0
        0        0        0        0        0        0        0        0        0        0
        0        0        0        0        0        0        0        0        0        0
        0        0        0        0        0        0        0        0        0        0
        0        0        0        0        0        0        0        0        0        0

        0        0        0        0        0        0        0        0        0        0
        0        0        0        0        0        0        0        0        0        0
        0        0        0        0        0        0        0        0        0        0
        0        0        0        0        0        0        0        0        0        0
        0        0        0        0        0        0        0        0        0        0
        0        0        0        0        0        0        0        0        0        0
        0        0        0        0        0        0        0        0        0        0
        0        0        0        0        0        0        0        0        0        0
        0        0        0        0        0        0        0        0        0        0
        0        0        0        0        0        0        0        0        0        0
        0        0        0        0        0        0        0        0        0        0
        0        0        0        0        0        0        0        0        0        0
        0        0        0        0        0        0        0        0        0        0
        0        0        0        0        0        0        0        0        0        0
        0        0        0        0        0        0        0        0        0        0
        0        0        0        0        0        0        0        0        0        0
        0        0        0        0        0        0        0        0        0        0
        0        0        0        0        0        0        0        0        0        0
        0        0        0        0        0        0        0        0        0        0
        0        0        0        0        0        0        0        0        0        0
        0        0        0        0        0        0        0        0        0        0
        0        0        0        0        0        0        0        0        0        0
        0        0        0        0        0        0        0        0        0        0
        0        0        0        0        0        0        0        0        0        0
        0        0        0        0        0        0        0        0        0        0
        0        0        0        0        0        0        0        0        0        0
        0        0        0        0        0        0        0        0        0        0
        0        0        0        0        0        0        0        0        0        0
        0        0        0        0        0        0        0        0        0        0
        0        0        0        0        0        0        0        0        0        0
      nan   0.7869   1.1255   1.1107   1.2341   1.0847   0.9986   0.9298   0.9709   0.9428
      nan   0.4372   0.5815   0.7205   0.7107   0.6672   0.7362   0.7502   0.7326   0.7703
      nan   0.8355   0.9078   0.7416   0.8184   1.2914   1.3407   1.2905   1.3321   1.3485
      nan   0.4795   0.9639   0.9462   1.1184   1.1662   1.0666   1.1050   1.0174   1.0662
      nan   0.8720   0.7127   0.8629   1.0484   1.3275   1.4881   1.8273   1.6695   1.5688
      nan   0.4244   0.9241   0.9160   1.0697   1.0186   0.9922   1.0513   1.0183   0.9856
      nan   0.7100   0.8061   0.7730   0.8193   0.8059   0.8944   0.9739   1.0255   1.0469
      nan   0.5852   0.6679   0.7191   0.6551   0.6397   0.7787   0.8211   0.7872   0.8339
      nan   0.5024   0.3637   0.5068   0.5593   0.6984   0.8917   0.8579   1.1564   1.1150
      nan   0.8785   0.8931   0.9734   0.9399   0.8890   0.8523   0.9640   0.8908   0.8967
      nan   0.6208   0.9826   1.0302   1.1264   1.0505   1.1116   1.1873   1.0901   1.1643
      nan   0.3873   0.7124   0.9574   0.8475   0.9193   0.9796   1.4045   1.3099   1.2282
      nan   2.6392   1.9730   1.5607   1.4359   1.3223   1.4227   1.4437   1.3438   1.2724
      nan   1.2730   1.2244   1.8610   1.5940   1.5580   1.4572   1.3894   1.3309   1.2911
      nan   1.1891   1.3225   1.2581   1.3351   1.1592   1.1815   1.1441   1.1317   1.1077
      nan   0.3429   0.7279   0.7019   1.0578   1.0385   1.1088   1.3221   1.2396   1.2217
      nan   1.1020   1.4549   1.4389   1.3524   1.2162   1.1246   1.0534   1.0065   0.9851
      nan   1.5395   1.1810   1.0905   1.0486   1.3469   1.2334   1.1532   1.0998   1.5031
      nan   1.4192   1.4165   1.5350   1.6439   1.6212   1.6297   1.5839   1.4986   1.4271
      nan   0.3314   0.8738   1.0065   0.9108   0.9765   1.1527   1.5584   1.5978   1.5841
      nan   1.0461   1.5356   1.2117   1.1919   1.2150   1.3606   1.3334   1.2713   1.4366
      nan   0.4604   0.5795   0.6549   0.7836   0.7779   0.8127   0.9864   0.9166   1.0072
      nan   0.8123   0.7647   1.0490   1.0263   1.1009   1.0073   0.9289   1.0586   1.1483
      nan   0.6180   0.6060   0.4950   0.7166   1.0409   1.0510   1.1730   1.1005   1.1226
      nan   0.8079   1.0202   1.0971   0.9905   0.9020   0.8937   0.8674   0.8350   1.1109
      nan   0.5668   0.9575   1.0805   1.0902   0.9883   0.8735   0.8751   1.2635   1.3965
      nan   0.8608   0.8821   1.3123   2.4415   2.2944   2.6160   2.7275   2.6207   2.4631
      nan   0.6711   0.7597   1.1462   1.1352   1.0828   1.1946   1.2847   1.2597   1.1655
      nan   1.6415   1.1379   1.1247   1.0377   1.0086   0.9940   0.9251   0.8711   0.9346
        0        0        0        0        0        0        0        0        0        0
        0        0        0        0        0        0        0        0        0        0
        0        0        0        0        0        0        0        0        0        0
        0        0        0        0        0        0        0        0        0        0
        0        0        0        0        0        0        0        0        0        0
        0        0        0        0        0        0        0        0        0        0
        0        0        0        0        0        0        0        0        0        0
        0        0        0        0        0        0        0        0        0        0
        0        0        0        0        0        0        0        0        0        0
        0        0        0        0        0        0        0        0        0        0
        0        0        0        0        0        0        0        0        0        0
        0        0        0        0        0        0        0        0        0        0
        0        0        0        0        0        0        0        0        0        0
        0        0        0        0        0        0        0        0        0        0
        0        0        0        0        0        0        0        0        0        0
        0        0        0        0        0        0        0        0        0        0
        0        0        0        0        0        0        0        0        0        0
        0        0        0        0        0        0        0        0        0        0
        0        0        0        0        0        0        0        0        0        0
        0        0        0        0        0        0        0        0        0        0
        0        0        0        0        0        0        0        0        0        0
        0        0        0        0        0        0        0        0        0        0
        0        0        0        0        0        0        0        0        0        0
        0        0        0        0        0        0        0        0        0        0
        0        0        0        0        0        0        0        0        0        0
        0        0        0        0        0        0        0        0        0        0
        0        0        0        0        0        0        0        0        0        0
        0        0        0        0        0        0        0        0        0        0
        0        0        0        0        0        0        0        0        0        0
        0        0        0        0        0        0        0        0        0        0
        0        0        0        0        0        0        0        0        0        0
        0        0        0        0        0        0        0        0        0        0
        0        0        0        0        0        0        0        0        0        0
        0        0        0        0        0        0        0        0        0        0
        0        0        0        0        0        0        0        0        0        0
        0        0        0        0        0        0        0        0        0        0
        0        0        0        0        0        0        0        0        0        0
        0        0        0        0        0        0        0        0        0        0
        0        0        0        0        0        0        0        0        0        0
        0        0        0        0        0        0        0        0        0        0
        0        0        0        0        0        0        0        0        0        0
        0        0        0        0        0        0        0        0        0        0
        0        0        0        0        0        0        0        0        0        0
        0        0        0        0        0        0        0        0        0        0
        0        0        0        0        0        0        0        0        0        0
        0        0        0        0        0        0        0        0        0        0
        0        0        0        0        0        0        0        0        0        0
        0        0        0        0        0        0        0        0        0        0
        0        0        0        0        0        0        0        0        0        0
        0        0        0        0        0        0        0        0        0        0
        0        0        0        0        0        0        0        0        0        0
        0        0        0        0        0        0        0        0        0        0
        0        0        0        0        0        0        0        0        0        0
        0        0        0        0        0        0        0        0        0        0
        0        0        0        0        0        0        0        0        0        0
        0        0        0        0        0        0        0        0        0        0
        0        0        0        0        0        0        0        0        0        0
        0        0        0        0        0        0        0        0        0        0
        0        0        0        0        0        0        0        0        0        0
        0        0        0        0        0        0        0        0        0        0
        0        0        0        0        0        0        0        0        0        0

         0         0         0         0         0         0         0         0         0         0
         0         0         0         0         0         0         0         0         0         0
         0         0         0         0         0         0         0         0         0         0
         0         0         0         0         0         0         0         0         0         0
         0         0         0         0         0         0         0         0         0         0
         0         0         0         0         0         0         0         0         0         0
         0         0         0         0         0         0         0         0         0         0
         0         0         0         0         0         0         0         0         0         0
         0         0         0         0         0         0         0         0         0         0
         0         0         0         0         0         0         0         0         0         0
         0         0         0         0         0         0         0         0         0         0
         0         0         0         0         0         0         0         0         0         0
         0         0         0         0         0         0         0         0         0         0
         0         0         0         0         0         0         0         0         0         0
         0         0         0         0         0         0         0         0         0         0
         0         0         0         0         0         0         0         0         0         0
         0         0         0         0         0         0         0         0         0         0
         0         0         0         0         0         0         0         0         0         0
         0         0         0         0         0         0         0         0         0         0
         0         0         0         0         0         0         0         0         0         0
         0         0         0         0         0         0         0         0         0         0
         0         0         0         0         0         0         0         0         0         0
         0         0         0         0         0         0         0         0         0         0
         0         0         0         0         0         0         0         0         0         0
         0         0         0         0         0         0         0         0         0         0
         0         0         0         0         0         0         0         0         0         0
         0         0         0         0         0         0         0         0         0         0
         0         0         0         0         0         0         0         0         0         0
         0         0         0         0         0         0         0         0         0         0
         0         0         0         0         0         0         0         0         0         0
       nan    0.5004    1.2349    1.1676    1.1469    0.9817    0.8487    0.7575    0.7815    0.7549
       nan    0.4902    0.4643    1.0801    1.3023    1.1755    1.1827    1.0518    0.9772    0.9102
       nan    0.5797    0.4948    0.3940    0.6167    2.4823    2.4891    2.2900    2.1653    2.0897
       nan    0.2850    1.2509    1.1554    1.1021    1.0977    0.9911    1.0354    0.9456    0.9730
       nan    0.3769    0.5467    0.6014    0.9515    1.4097    2.7861    3.3272    3.0488    2.8472
       nan    0.3245    0.9524    0.9805    0.9843    0.9855    1.1180    1.7278    1.9078    1.7402
       nan    0.6207    0.7127    0.7296    1.0057    1.0669    1.1649    1.1500    1.1740    1.2119
       nan    0.5227    0.4931    0.5844    0.5494    0.5674    0.6612    0.6648    0.7248    1.0400
       nan    0.3320    0.3883    0.3459    0.6635    1.2681    1.7163    1.6931    2.1241    2.1018
       nan    0.5421    1.0631    0.9221    1.3344    1.2760    1.1043    1.0802    0.9708    0.9434
       nan    0.2245    0.8965    0.9251    1.1930    1.0758    1.0103    0.9083    0.8429    0.9487
       nan    0.2348    0.6493    0.7765    0.7053    0.6235    1.5988    3.0181    2.7887    2.5392
       nan    3.4166    2.1668    1.5467    1.3846    1.2305    1.3737    1.3268    1.2335    1.1274
       nan    1.1029    1.0502    2.1299    1.6989    1.6606    1.5654    1.4251    1.2964    1.3018
       nan    1.9139    2.3418    2.9351    2.4718    2.0721    1.8873    1.7289    1.5768    1.6271
       nan    0.1544    0.4849    0.5591    1.4389    1.5917    1.5103    2.0498    2.3022    3.0390
       nan    1.0001    1.8528    1.7825    1.8573    1.8117    1.5931    1.6657    1.5603    1.5753
       nan    0.7351    0.7342    1.7039    2.3568    4.0166    3.8156    3.3808    3.1188    3.8906
       nan    1.1039    1.4434    5.8517    9.3430    8.7888    9.8633    8.8010    7.8207    7.1992
       nan    0.3865    1.0645    1.1810    1.4141    1.9920    3.4733    4.7204    4.3185    4.0276
       nan    3.7039    3.8960    2.6824    2.7719    2.8512    3.3025    3.8616    3.6544    3.4960
       nan    0.3065    0.4634    0.5117    0.9995    0.9558    1.0016    1.8706    1.7145    3.2412
       nan    0.4503    0.5426    0.9646    0.9089    1.2515    1.2049    1.1187    1.2043    1.2167
       nan    0.4581    0.5145    0.5101    1.6467    3.7603    3.5440    3.1714    2.7967    2.9971
       nan    0.8602    1.5656    2.4288    2.1872    2.3619    2.0947    1.8953    2.1489    4.8430
       nan    0.2406    0.7789    1.7971    2.7348    2.5192    2.5656    2.5148    3.1888    3.1403
       nan    0.6522    0.8389    1.5029    4.1192    5.8331   11.8284   15.7377   14.7200   13.5095
       nan    1.9071    1.4782    1.4067    1.3633    1.2930    1.7549    2.1290    1.9865    1.8095
       nan    1.3884    1.8750    1.9947    1.8601    2.0599    2.8033    2.4635    2.4921    2.8877
         0         0         0         0         0         0         0         0         0         0
         0         0         0         0         0         0         0         0         0         0
         0         0         0         0         0         0         0         0         0         0
         0         0         0         0         0         0         0         0         0         0
         0         0         0         0         0         0         0         0         0         0
         0         0         0         0         0         0         0         0         0         0
         0         0         0         0         0         0         0         0         0         0
         0         0         0         0         0         0         0         0         0         0
         0         0         0         0         0         0         0         0         0         0
         0         0         0         0         0         0         0         0         0         0
         0         0         0         0         0         0         0         0         0         0
         0         0         0         0         0         0         0         0         0         0
         0         0         0         0         0         0         0         0         0         0
         0         0         0         0         0         0         0         0         0         0
         0         0         0         0         0         0         0         0         0         0
         0         0         0         0         0         0         0         0         0         0
         0         0         0         0         0         0         0         0         0         0
         0         0         0         0         0         0         0         0         0         0
         0         0         0         0         0         0         0         0         0         0
         0         0         0         0         0         0         0         0         0         0
         0         0         0         0         0         0         0         0         0         0
         0         0         0         0         0         0         0         0         0         0
         0         0         0         0         0         0         0         0         0         0
         0         0         0         0         0         0         0         0         0         0
         0         0         0         0         0         0         0         0         0         0
         0         0         0         0         0         0         0         0         0         0
         0         0         0         0         0         0         0         0         0         0
         0         0         0         0         0         0         0         0         0         0
         0         0         0         0         0         0         0         0         0         0
         0         0         0         0         0         0         0         0         0         0
         0         0         0         0         0         0         0         0         0         0
         0         0         0         0         0         0         0         0         0         0
         0         0         0         0         0         0         0         0         0         0
         0         0         0         0         0         0         0         0         0         0
         0         0         0         0         0         0         0         0         0         0
         0         0         0         0         0         0         0         0         0         0
         0         0         0         0         0         0         0         0         0         0
         0         0         0         0         0         0         0         0         0         0
         0         0         0         0         0         0         0         0         0         0
         0         0         0         0         0         0         0         0         0         0
         0         0         0         0         0         0         0         0         0         0
         0         0         0         0         0         0         0         0         0         0
         0         0         0         0         0         0         0         0         0         0
         0         0         0         0         0         0         0         0         0         0
         0         0         0         0         0         0         0         0         0         0
         0         0         0         0         0         0         0         0         0         0
         0         0         0         0         0         0         0         0         0         0
         0         0         0         0         0         0         0         0         0         0
         0         0         0         0         0         0         0         0         0         0
         0         0         0         0         0         0         0         0         0         0
         0         0         0         0         0         0         0         0         0         0
         0         0         0         0         0         0         0         0         0         0
         0         0         0         0         0         0         0         0         0         0
         0         0         0         0         0         0         0         0         0         0
         0         0         0         0         0         0         0         0         0         0
         0         0         0         0         0         0         0         0         0         0
         0         0         0         0         0         0         0         0         0         0
         0         0         0         0         0         0         0         0         0         0
         0         0         0         0         0         0         0         0         0         0
         0         0         0         0         0         0         0         0         0         0
         0         0         0         0         0         0         0         0         0         0

         0         0         0         0         0         0         0         0         0         0
         0         0         0         0         0         0         0         0         0         0
         0         0         0         0         0         0         0         0         0         0
         0         0         0         0         0         0         0         0         0         0
         0         0         0         0         0         0         0         0         0         0
         0         0         0         0         0         0         0         0         0         0
         0         0         0         0         0         0         0         0         0         0
         0         0         0         0         0         0         0         0         0         0
         0         0         0         0         0         0         0         0         0         0
         0         0         0         0         0         0         0         0         0         0
         0         0         0         0         0         0         0         0         0         0
         0         0         0         0         0         0         0         0         0         0
         0         0         0         0         0         0         0         0         0         0
         0         0         0         0         0         0         0         0         0         0
         0         0         0         0         0         0         0         0         0         0
         0         0         0         0         0         0         0         0         0         0
         0         0         0         0         0         0         0         0         0         0
         0         0         0         0         0         0         0         0         0         0
         0         0         0         0         0         0         0         0         0         0
         0         0         0         0         0         0         0         0         0         0
         0         0         0         0         0         0         0         0         0         0
         0         0         0         0         0         0         0         0         0         0
         0         0         0         0         0         0         0         0         0         0
         0         0         0         0         0         0         0         0         0         0
         0         0         0         0         0         0         0         0         0         0
         0         0         0         0         0         0         0         0         0         0
         0         0         0         0         0         0         0         0         0         0
         0         0         0         0         0         0         0         0         0         0
         0         0         0         0         0         0         0         0         0         0
         0         0         0         0         0         0         0         0         0         0
       nan    0.5004    1.2349    1.1676    1.1469    0.9817    0.8487    0.7575    0.7815    0.7549
       nan    0.4902    0.4643    1.0801    1.3023    1.1755    1.1827    1.0518    0.9772    0.9102
       nan    0.5797    0.4948    0.3940    0.6167    2.4823    2.4891    2.2900    2.1653    2.0897
       nan    0.2850    1.2509    1.1554    1.1021    1.0977    0.9911    1.0354    0.9456    0.9730
       nan    0.3769    0.5467    0.6014    0.9515    1.4097    2.7861    3.3272    3.0488    2.8472
       nan    0.3245    0.9524    0.9805    0.9843    0.9855    1.1180    1.7278    1.9078    1.7402
       nan    0.6207    0.7127    0.7296    1.0057    1.0669    1.1649    1.1500    1.1740    1.2119
       nan    0.5227    0.4931    0.5844    0.5494    0.5674    0.6612    0.6648    0.7248    1.0400
       nan    0.3320    0.3883    0.3459    0.6635    1.2681    1.7163    1.6931    2.1241    2.1018
       nan    0.5421    1.0631    0.9221    1.3344    1.2760    1.1043    1.0802    0.9708    0.9434
       nan    0.2245    0.8965    0.9251    1.1930    1.0758    1.0103    0.9083    0.8429    0.9487
       nan    0.2348    0.6493    0.7765    0.7053    0.6235    1.5988    3.0181    2.7887    2.5392
       nan    3.4166    2.1668    1.5467    1.3846    1.2305    1.3737    1.3268    1.2335    1.1274
       nan    1.1029    1.0502    2.1299    1.6989    1.6606    1.5654    1.4251    1.2964    1.3018
       nan    1.9139    2.3418    2.9351    2.4718    2.0721    1.8873    1.7289    1.5768    1.6271
       nan    0.1544    0.4849    0.5591    1.4389    1.5917    1.5103    2.0498    2.3022    3.0390
       nan    1.0001    1.8528    1.7825    1.8573    1.8117    1.5931    1.6657    1.5603    1.5753
       nan    0.7351    0.7342    1.7039    2.3568    4.0166    3.8156    3.3808    3.1188    3.8906
       nan    1.1039    1.4434    5.8517    9.3430    8.7888    9.8633    8.8010    7.8207    7.1992
       nan    0.3865    1.0645    1.1810    1.4141    1.9920    3.4733    4.7204    4.3185    4.0276
       nan    3.7039    3.8960    2.6824    2.7719    2.8512    3.3025    3.8616    3.6544    3.4960
       nan    0.3065    0.4634    0.5117    0.9995    0.9558    1.0016    1.8706    1.7145    3.2412
       nan    0.4503    0.5426    0.9646    0.9089    1.2515    1.2049    1.1187    1.2043    1.2167
       nan    0.4581    0.5145    0.5101    1.6467    3.7603    3.5440    3.1714    2.7967    2.9971
       nan    0.8602    1.5656    2.4288    2.1872    2.3619    2.0947    1.8953    2.1489    4.8430
       nan    0.2406    0.7789    1.7971    2.7348    2.5192    2.5656    2.5148    3.1888    3.1403
       nan    0.6522    0.8389    1.5029    4.1192    5.8331   11.8284   15.7377   14.7200   13.5095
       nan    1.9071    1.4782    1.4067    1.3633    1.2930    1.7549    2.1290    1.9865    1.8095
       nan    1.3884    1.8750    1.9947    1.8601    2.0599    2.8033    2.4635    2.4921    2.8877
         0         0         0         0         0         0         0         0         0         0
         0         0         0         0         0         0         0         0         0         0
         0         0         0         0         0         0         0         0         0         0
         0         0         0         0         0         0         0         0         0         0
         0         0         0         0         0         0         0         0         0         0
         0         0         0         0         0         0         0         0         0         0
         0         0         0         0         0         0         0         0         0         0
         0         0         0         0         0         0         0         0         0         0
         0         0         0         0         0         0         0         0         0         0
         0         0         0         0         0         0         0         0         0         0
         0         0         0         0         0         0         0         0         0         0
         0         0         0         0         0         0         0         0         0         0
         0         0         0         0         0         0         0         0         0         0
         0         0         0         0         0         0         0         0         0         0
         0         0         0         0         0         0         0         0         0         0
         0         0         0         0         0         0         0         0         0         0
         0         0         0         0         0         0         0         0         0         0
         0         0         0         0         0         0         0         0         0         0
         0         0         0         0         0         0         0         0         0         0
         0         0         0         0         0         0         0         0         0         0
         0         0         0         0         0         0         0         0         0         0
         0         0         0         0         0         0         0         0         0         0
         0         0         0         0         0         0         0         0         0         0
         0         0         0         0         0         0         0         0         0         0
         0         0         0         0         0         0         0         0         0         0
         0         0         0         0         0         0         0         0         0         0
         0         0         0         0         0         0         0         0         0         0
         0         0         0         0         0         0         0         0         0         0
         0         0         0         0         0         0         0         0         0         0
         0         0         0         0         0         0         0         0         0         0
         0         0         0         0         0         0         0         0         0         0
         0         0         0         0         0         0         0         0         0         0
         0         0         0         0         0         0         0         0         0         0
         0         0         0         0         0         0         0         0         0         0
         0         0         0         0         0         0         0         0         0         0
         0         0         0         0         0         0         0         0         0         0
         0         0         0         0         0         0         0         0         0         0
         0         0         0         0         0         0         0         0         0         0
         0         0         0         0         0         0         0         0         0         0
         0         0         0         0         0         0         0         0         0         0
         0         0         0         0         0         0         0         0         0         0
         0         0         0         0         0         0         0         0         0         0
         0         0         0         0         0         0         0         0         0         0
         0         0         0         0         0         0         0         0         0         0
         0         0         0         0         0         0         0         0         0         0
         0         0         0         0         0         0         0         0         0         0
         0         0         0         0         0         0         0         0         0         0
         0         0         0         0         0         0         0         0         0         0
         0         0         0         0         0         0         0         0         0         0
         0         0         0         0         0         0         0         0         0         0
         0         0         0         0         0         0         0         0         0         0
         0         0         0         0         0         0         0         0         0         0
         0         0         0         0         0         0         0         0         0         0
         0         0         0         0         0         0         0         0         0         0
         0         0         0         0         0         0         0         0         0         0
         0         0         0         0         0         0         0         0         0         0
         0         0         0         0         0         0         0         0         0         0
         0         0         0         0         0         0         0         0         0         0
         0         0         0         0         0         0         0         0         0         0
         0         0         0         0         0         0         0         0         0         0
         0         0         0         0         0         0         0         0         0         0

        0        0        0        0        0        0        0        0        0        0
        0        0        0        0        0        0        0        0        0        0
        0        0        0        0        0        0        0        0        0        0
        0        0        0        0        0        0        0        0        0        0
        0        0        0        0        0        0        0        0        0        0
        0        0        0        0        0        0        0        0        0        0
        0        0        0        0        0        0        0        0        0        0
        0        0        0        0        0        0        0        0        0        0
        0        0        0        0        0        0        0        0        0        0
        0        0        0        0        0        0        0        0        0        0
        0        0        0        0        0        0        0        0        0        0
        0        0        0        0        0        0        0        0        0        0
        0        0        0        0        0        0        0        0        0        0
        0        0        0        0        0        0        0        0        0        0
        0        0        0        0        0        0        0        0        0        0
        0        0        0        0        0        0        0        0        0        0
        0        0        0        0        0        0        0        0        0        0
        0        0        0        0        0        0        0        0        0        0
        0        0        0        0        0        0        0        0        0        0
        0        0        0        0        0        0        0        0        0        0
        0        0        0        0        0        0        0        0        0        0
        0        0        0        0        0        0        0        0        0        0
        0        0        0        0        0        0        0        0        0        0
        0        0        0        0        0        0        0        0        0        0
        0        0        0        0        0        0        0        0        0        0
        0        0        0        0        0        0        0        0        0        0
        0        0        0        0        0        0        0        0        0        0
        0        0        0        0        0        0        0        0        0        0
        0        0        0        0        0        0        0        0        0        0
        0        0        0        0        0        0        0        0        0        0
      inf   0.2310   0.1791   0.1645   0.1553   0.1495   0.1457   0.1433   0.1406   0.1395
      inf   0.2432   0.1923   0.1738   0.1631   0.1566   0.1528   0.1500   0.1481   0.1472
      inf   0.2515   0.1861   0.1680   0.1589   0.1571   0.1557   0.1527   0.1512   0.1503
      inf   0.2351   0.1873   0.1719   0.1656   0.1576   0.1553   0.1533   0.1516   0.1491
      inf   0.2504   0.1898   0.1703   0.1644   0.1624   0.1615   0.1622   0.1611   0.1594
      inf   0.2505   0.1984   0.1796   0.1707   0.1641   0.1604   0.1555   0.1522   0.1512
      inf   0.2535   0.1978   0.1760   0.1673   0.1612   0.1572   0.1528   0.1519   0.1515
      inf   0.2580   0.1988   0.1800   0.1690   0.1627   0.1600   0.1582   0.1564   0.1557
      inf   0.2699   0.2105   0.1928   0.1813   0.1726   0.1660   0.1622   0.1574   0.1548
      inf   0.2402   0.1909   0.1744   0.1677   0.1616   0.1587   0.1577   0.1560   0.1556
      inf   0.2789   0.2149   0.1914   0.1780   0.1706   0.1647   0.1604   0.1584   0.1553
      inf   0.2794   0.2118   0.1917   0.1816   0.1732   0.1705   0.1704   0.1686   0.1667
      inf   0.2749   0.2064   0.1856   0.1769   0.1709   0.1643   0.1627   0.1607   0.1593
      inf   0.2682   0.2072   0.1926   0.1804   0.1760   0.1732   0.1698   0.1674   0.1663
      inf   0.2710   0.2167   0.1992   0.1919   0.1860   0.1830   0.1791   0.1766   0.1751
      inf   0.2829   0.2147   0.1925   0.1862   0.1819   0.1783   0.1776   0.1757   0.1752
      inf   0.2860   0.2284   0.2061   0.1928   0.1859   0.1818   0.1797   0.1780   0.1753
      inf   0.2884   0.2207   0.2021   0.1934   0.1905   0.1866   0.1831   0.1804   0.1759
      inf   0.2849   0.2278   0.2117   0.2063   0.2010   0.1995   0.1971   0.1942   0.1916
      inf   0.3030   0.2352   0.2110   0.2011   0.1959   0.1934   0.1939   0.1898   0.1876
      inf   0.3258   0.2628   0.2360   0.2209   0.2114   0.2042   0.1995   0.1959   0.1958
      inf   0.3198   0.2441   0.2223   0.2127   0.2058   0.2016   0.2001   0.1978   0.1968
      inf   0.3014   0.2323   0.2047   0.1954   0.1905   0.1868   0.1836   0.1831   0.1829
      inf   0.3206   0.2471   0.2215   0.2117   0.2074   0.2018   0.1984   0.1955   0.1948
      inf   0.3439   0.2643   0.2355   0.2262   0.2201   0.2156   0.2128   0.2102   0.2112
      inf   0.3339   0.2629   0.2415   0.2312   0.2233   0.2175   0.2128   0.2068   0.2026
      inf   0.3245   0.2444   0.2200   0.2150   0.2114   0.2114   0.2113   0.2108   0.2093
      inf   0.3444   0.2693   0.2466   0.2350   0.2275   0.2194   0.2133   0.2105   0.2085
      inf   0.3575   0.2803   0.2579   0.2420   0.2351   0.2306   0.2266   0.2243   0.2210
        0        0        0        0        0        0        0        0        0        0
        0        0        0        0        0        0        0        0        0        0
        0        0        0        0        0        0        0        0        0        0
        0        0        0        0        0        0        0        0        0        0
        0        0        0        0        0        0        0        0        0        0
        0        0        0        0        0        0        0        0        0        0
        0        0        0        0        0        0        0        0        0        0
        0        0        0        0        0        0        0        0        0        0
        0        0        0        0        0        0        0        0        0        0
        0        0        0        0        0        0        0        0        0        0
        0        0        0        0        0        0        0        0        0        0
        0        0        0        0        0        0        0        0        0        0
        0        0        0        0        0        0        0        0        0        0
        0        0        0        0        0        0        0        0        0        0
        0        0        0        0        0        0        0        0        0        0
        0        0        0        0        0        0        0        0        0        0
        0        0        0        0        0        0        0        0        0        0
        0        0        0        0        0        0        0        0        0        0
        0        0        0        0        0        0        0        0        0        0
        0        0        0        0        0        0        0        0        0        0
        0        0        0        0        0        0        0        0        0        0
        0        0        0        0        0        0        0        0        0        0
        0        0        0        0        0        0        0        0        0        0
        0        0        0        0        0        0        0        0        0        0
        0        0        0        0        0        0        0        0        0        0
        0        0        0        0        0        0        0        0        0        0
        0        0        0        0        0        0        0        0        0        0
        0        0        0        0        0        0        0        0        0        0
        0        0        0        0        0        0        0        0        0        0
        0        0        0        0        0        0        0        0        0        0
        0        0        0        0        0        0        0        0        0        0
        0        0        0        0        0        0        0        0        0        0
        0        0        0        0        0        0        0        0        0        0
        0        0        0        0        0        0        0        0        0        0
        0        0        0        0        0        0        0        0        0        0
        0        0        0        0        0        0        0        0        0        0
        0        0        0        0        0        0        0        0        0        0
        0        0        0        0        0        0        0        0        0        0
        0        0        0        0        0        0        0        0        0        0
        0        0        0        0        0        0        0        0        0        0
        0        0        0        0        0        0        0        0        0        0
        0        0        0        0        0        0        0        0        0        0
        0        0        0        0        0        0        0        0        0        0
        0        0        0        0        0        0        0        0        0        0
        0        0        0        0        0        0        0        0        0        0
        0        0        0        0        0        0        0        0        0        0
        0        0        0        0        0        0        0        0        0        0
        0        0        0        0        0        0        0        0        0        0
        0        0        0        0        0        0        0        0        0        0
        0        0        0        0        0        0        0        0        0        0
        0        0        0        0        0        0        0        0        0        0
        0        0        0        0        0        0        0        0        0        0
        0        0        0        0        0        0        0        0        0        0
        0        0        0        0        0        0        0        0        0        0
        0        0        0        0        0        0        0        0        0        0
        0        0        0        0        0        0        0        0        0        0
        0        0        0        0        0        0        0        0        0        0
        0        0        0        0        0        0        0        0        0        0
        0        0        0        0        0        0        0        0        0        0
        0        0        0        0        0        0        0        0        0        0
        0        0        0        0        0        0        0        0        0        0

