   2.0000
   2.0050
   2.0100
   2.0150
   2.0200
   2.0250
   2.0300
   2.0350
   2.0400
   2.0450
   2.0500
   2.0550
   2.0600
   2.0650
   2.0700
   2.0750
   2.0800
   2.0850
   2.0900
   2.0950
   2.1000
   2.1050
   2.1100
   2.1150
   2.1200
   2.1250
   2.1300
   2.1350
   2.1400
   2.1450
   2.1500
   2.1550
   2.1600
   2.1650
   2.1700
   2.1750
   2.1800
   2.1850
   2.1900
   2.1950
   2.2000
   2.2050
   2.2100
   2.2150
   2.2200
   2.2250
   2.2300
   2.2350
   2.2400
   2.2450
   2.2500
   2.2550
   2.2600
   2.2650
   2.2700
   2.2750
   2.2800
   2.2850
   2.2900
   2.2950
   2.3000
   2.3050
   2.3100
   2.3150
   2.3200
   2.3250
   2.3300
   2.3350
   2.3400
   2.3450
   2.3500
   2.3550
   2.3600
   2.3650
   2.3700
   2.3750
   2.3800
   2.3850
   2.3900
   2.3950
   2.4000
   2.4050
   2.4100
   2.4150
   2.4200
   2.4250
   2.4300
   2.4350
   2.4400
   2.4450
   2.4500
   2.4550
   2.4600
   2.4650
   2.4700
   2.4750
   2.4800
   2.4850
   2.4900
   2.4950
   2.5000
   2.5050
   2.5100
   2.5150
   2.5200
   2.5250
   2.5300
   2.5350
   2.5400
   2.5450
   2.5500
   2.5550
   2.5600
   2.5650
   2.5700
   2.5750
   2.5800
   2.5850
   2.5900
   2.5950

        0        0        0        0        0        0        0        0        0        0
        0        0        0        0        0        0        0        0        0        0
        0        0        0        0        0        0        0        0        0        0
        0        0        0        0        0        0        0        0        0        0
        0        0        0        0        0        0        0        0        0        0
        0        0        0        0        0        0        0        0        0        0
        0        0        0        0        0        0        0        0        0        0
        0        0        0        0        0        0        0        0        0        0
        0        0        0        0        0        0        0        0        0        0
        0        0        0        0        0        0        0        0        0        0
        0        0        0        0        0        0        0        0        0        0
        0        0        0        0        0        0        0        0        0        0
        0        0        0        0        0        0        0        0        0        0
        0        0        0        0        0        0        0        0        0        0
        0        0        0        0        0        0        0        0        0        0
        0        0        0        0        0        0        0        0        0        0
        0        0        0        0        0        0        0        0        0        0
        0        0        0        0        0        0        0        0        0        0
        0        0        0        0        0        0        0        0        0        0
        0        0        0        0        0        0        0        0        0        0
        0        0        0        0        0        0        0        0        0        0
        0        0        0        0        0        0        0        0        0        0
        0        0        0        0        0        0        0        0        0        0
        0        0        0        0        0        0        0        0        0        0
        0        0        0        0        0        0        0        0        0        0
        0        0        0        0        0        0        0        0        0        0
        0        0        0        0        0        0        0        0        0        0
        0        0        0        0        0        0        0        0        0        0
        0        0        0        0        0        0        0        0        0        0
        0        0        0        0        0        0        0        0        0        0
        0        0        0        0        0        0        0        0        0        0
        0        0        0        0        0        0        0        0        0        0
        0        0        0        0        0        0        0        0        0        0
        0        0        0        0        0        0        0        0        0        0
        0        0        0        0        0        0        0        0        0        0
        0        0        0        0        0        0        0        0        0        0
        0        0        0        0        0        0        0        0        0        0
        0        0        0        0        0        0        0        0        0        0
        0        0        0        0        0        0        0        0        0        0
        0        0        0        0        0        0        0        0        0        0
        0        0        0        0        0        0        0        0        0        0
        0        0        0        0        0        0        0        0        0        0
        0        0        0        0        0        0        0        0        0        0
        0        0        0        0        0        0        0        0        0        0
        0        0        0        0        0        0        0        0        0        0
        0        0        0        0        0        0        0        0        0        0
        0        0        0        0        0        0        0        0        0        0
        0        0        0        0        0        0        0        0        0        0
        0        0        0        0        0        0        0        0        0        0
        0        0        0        0        0        0        0        0        0        0
        0        0        0        0        0        0        0        0        0        0
        0        0        0        0        0        0        0        0        0        0
        0        0        0        0        0        0        0        0        0        0
        0        0        0        0        0        0        0        0        0        0
        0        0        0        0        0        0        0        0        0        0
        0        0        0        0        0        0        0        0        0        0
        0        0        0        0        0        0        0        0        0        0
        0        0        0        0        0        0        0        0        0        0
        0        0        0        0        0        0        0        0        0        0
        0        0        0        0        0        0        0        0        0        0
        0        0        0        0        0        0        0        0        0        0
        0        0        0        0        0        0        0        0        0        0
        0        0        0        0        0        0        0        0        0        0
        0        0        0        0        0        0        0        0        0        0
        0        0        0        0        0        0        0        0        0        0
        0        0        0        0        0        0        0        0        0        0
        0        0        0        0        0        0        0        0        0        0
        0        0        0        0        0        0        0        0        0        0
        0        0        0        0        0        0        0        0        0        0
        0        0        0        0        0        0        0        0        0        0
        0        0        0        0        0        0        0        0        0        0
        0        0        0        0        0        0        0        0        0        0
        0        0        0        0        0        0        0        0        0        0
        0        0        0        0        0        0        0        0        0        0
        0        0        0        0        0        0        0        0        0        0
        0        0        0        0        0        0        0        0        0        0
        0        0        0        0        0        0        0        0        0        0
        0        0        0        0        0        0        0        0        0        0
        0        0        0        0        0        0        0        0        0        0
        0        0        0        0        0        0        0        0        0        0
        0        0        0        0        0        0        0        0        0        0
        0        0        0        0        0        0        0        0        0        0
        0        0        0        0        0        0        0        0        0        0
        0        0        0        0        0        0        0        0        0        0
        0        0        0        0        0        0        0        0        0        0
        0        0        0        0        0        0        0        0        0        0
        0        0        0        0        0        0        0        0        0        0
        0        0        0        0        0        0        0        0        0        0
        0        0        0        0        0        0        0        0        0        0
        0        0        0        0        0        0        0        0        0        0
     -inf  -1.1571  -1.1556  -1.1530  -1.1533  -1.1527  -1.1531  -1.1534  -1.1533  -1.1533
     -inf  -1.1540  -1.1492  -1.1494  -1.1487  -1.1487  -1.1494  -1.1492  -1.1493  -1.1492
     -inf  -1.1356  -1.1381  -1.1388  -1.1407  -1.1416  -1.1424  -1.1424  -1.1433  -1.1435
     -inf  -1.1424  -1.1391  -1.1395  -1.1384  -1.1377  -1.1388  -1.1383  -1.1385  -1.1380
     -inf  -1.1320  -1.1314  -1.1310  -1.1319  -1.1327  -1.1323  -1.1317  -1.1314  -1.1317
     -inf  -1.1261  -1.1261  -1.1269  -1.1271  -1.1275  -1.1284  -1.1287  -1.1285  -1.1290
     -inf  -1.1190  -1.1201  -1.1229  -1.1228  -1.1234  -1.1230  -1.1229  -1.1228  -1.1226
     -inf  -1.1169  -1.1145  -1.1169  -1.1160  -1.1159  -1.1169  -1.1172  -1.1180  -1.1177
     -inf  -1.1140  -1.1144  -1.1148  -1.1155  -1.1150  -1.1149  -1.1155  -1.1158  -1.1155
     -inf  -1.1060  -1.1096  -1.1094  -1.1088  -1.1087  -1.1088  -1.1088  -1.1093  -1.1083
     -inf  -1.1071  -1.1067  -1.1053  -1.1064  -1.1059  -1.1063  -1.1067  -1.1075  -1.1069
     -inf  -1.1010  -1.1016  -1.1009  -1.1006  -1.1013  -1.1013  -1.1011  -1.1011  -1.1004
     -inf  -1.0999  -1.1002  -1.0980  -1.0990  -1.0993  -1.0990  -1.0992  -1.0990  -1.0987
     -inf  -1.0960  -1.0924  -1.0923  -1.0925  -1.0930  -1.0932  -1.0941  -1.0939  -1.0935
     -inf  -1.0909  -1.0890  -1.0890  -1.0882  -1.0892  -1.0887  -1.0890  -1.0889  -1.0888
     -inf  -1.0785  -1.0813  -1.0826  -1.0830  -1.0833  -1.0835  -1.0837  -1.0841  -1.0846
     -inf  -1.0815  -1.0835  -1.0827  -1.0822  -1.0821  -1.0828  -1.0822  -1.0826  -1.0823
     -inf  -1.0765  -1.0770  -1.0760  -1.0760  -1.0753  -1.0757  -1.0760  -1.0758  -1.0763
     -inf  -1.0717  -1.0701  -1.0722  -1.0721  -1.0721  -1.0720  -1.0720  -1.0718  -1.0719
     -inf  -1.0697  -1.0717  -1.0717  -1.0717  -1.0710  -1.0712  -1.0702  -1.0700  -1.0692
     -inf  -1.0651  -1.0661  -1.0671  -1.0655  -1.0643  -1.0641  -1.0642  -1.0642  -1.0647
     -inf  -1.0580  -1.0615  -1.0607  -1.0601  -1.0603  -1.0611  -1.0615  -1.0616  -1.0612
     -inf  -1.0573  -1.0557  -1.0573  -1.0571  -1.0576  -1.0584  -1.0584  -1.0588  -1.0584
     -inf  -1.0508  -1.0539  -1.0533  -1.0525  -1.0529  -1.0534  -1.0526  -1.0528  -1.0529
     -inf  -1.0491  -1.0498  -1.0493  -1.0498  -1.0495  -1.0495  -1.0498  -1.0495  -1.0494
     -inf  -1.0496  -1.0482  -1.0459  -1.0469  -1.0469  -1.0468  -1.0463  -1.0458  -1.0464
     -inf  -1.0495  -1.0460  -1.0459  -1.0460  -1.0465  -1.0464  -1.0457  -1.0450  -1.0451
     -inf  -1.0410  -1.0412  -1.0403  -1.0398  -1.0399  -1.0394  -1.0388  -1.0392  -1.0391
     -inf  -1.0355  -1.0357  -1.0341  -1.0342  -1.0347  -1.0344  -1.0341  -1.0342  -1.0343
     -inf  -1.0388  -1.0366  -1.0345  -1.0339  -1.0341  -1.0335  -1.0333  -1.0331  -1.0329

            0            0            0            0            0            0            0            0            0            0
            0            0            0            0            0            0            0            0            0            0
            0            0            0            0            0            0            0            0            0            0
            0            0            0            0            0            0            0            0            0            0
            0            0            0            0            0            0            0            0            0            0
            0            0            0            0            0            0            0            0            0            0
            0            0            0            0            0            0            0            0            0            0
            0            0            0            0            0            0            0            0            0            0
            0            0            0            0            0            0            0            0            0            0
            0            0            0            0            0            0            0            0            0            0
            0            0            0            0            0            0            0            0            0            0
            0            0            0            0            0            0            0            0            0            0
            0            0            0            0            0            0            0            0            0            0
            0            0            0            0            0            0            0            0            0            0
            0            0            0            0            0            0            0            0            0            0
            0            0            0            0            0            0            0            0            0            0
            0            0            0            0            0            0            0            0            0            0
            0            0            0            0            0            0            0            0            0            0
            0            0            0            0            0            0            0            0            0            0
            0            0            0            0            0            0            0            0            0            0
            0            0            0            0            0            0            0            0            0            0
            0            0            0            0            0            0            0            0            0            0
            0            0            0            0            0            0            0            0            0            0
            0            0            0            0            0            0            0            0            0            0
            0            0            0            0            0            0            0            0            0            0
            0            0            0            0            0            0            0            0            0            0
            0            0            0            0            0            0            0            0            0            0
            0            0            0            0            0            0            0            0            0            0
            0            0            0            0            0            0            0            0            0            0
            0            0            0            0            0            0            0            0            0            0
            0            0            0            0            0            0            0            0            0            0
            0            0            0            0            0            0            0            0            0            0
            0            0            0            0            0            0            0            0            0            0
            0            0            0            0            0            0            0            0            0            0
            0            0            0            0            0            0            0            0            0            0
            0            0            0            0            0            0            0            0            0            0
            0            0            0            0            0            0            0            0            0            0
            0            0            0            0            0            0            0            0            0            0
            0            0            0            0            0            0            0            0            0            0
            0            0            0            0            0            0            0            0            0            0
            0            0            0            0            0            0            0            0            0            0
            0            0            0            0            0            0            0            0            0            0
            0            0            0            0            0            0            0            0            0            0
            0            0            0            0            0            0            0            0            0            0
            0            0            0            0            0            0            0            0            0            0
            0            0            0            0            0            0            0            0            0            0
            0            0            0            0            0            0            0            0            0            0
            0            0            0            0            0            0            0            0            0            0
            0            0            0            0            0            0            0            0            0            0
            0            0            0            0            0            0            0            0            0            0
            0            0            0            0            0            0            0            0            0            0
            0            0            0            0            0            0            0            0            0            0
            0            0            0            0            0            0            0            0            0            0
            0            0            0            0            0            0            0            0            0            0
            0            0            0            0            0            0            0            0            0            0
            0            0            0            0            0            0            0            0            0            0
            0            0            0            0            0            0            0            0            0            0
            0            0            0            0            0            0            0            0            0            0
            0            0            0            0            0            0            0            0            0            0
            0            0            0            0            0            0            0            0            0            0
            0            0            0            0            0            0            0            0            0            0
            0            0            0            0            0            0            0            0            0            0
            0            0            0            0            0            0            0            0            0            0
            0            0            0            0            0            0            0            0            0            0
            0            0            0            0            0            0            0            0            0            0
            0            0            0            0            0            0            0            0            0            0
            0            0            0            0            0            0            0            0            0            0
            0            0            0            0            0            0            0            0            0            0
            0            0            0            0            0            0            0            0            0            0
            0            0            0            0            0            0            0            0            0            0
            0            0            0            0            0            0            0            0            0            0
            0            0            0            0            0            0            0            0            0            0
            0            0            0            0            0            0            0            0            0            0
            0            0            0            0            0            0            0            0            0            0
            0            0            0            0            0            0            0            0            0            0
            0            0            0            0            0            0            0            0            0            0
            0            0            0            0            0            0            0            0            0            0
            0            0            0            0            0            0            0            0            0            0
            0            0            0            0            0            0            0            0            0            0
            0            0            0            0            0            0            0            0            0            0
            0            0            0            0            0            0            0            0            0            0
            0            0            0            0            0            0            0            0            0            0
            0            0            0            0            0            0            0            0            0            0
            0            0            0            0            0            0            0            0            0            0
            0            0            0            0            0            0            0            0            0            0
            0            0            0            0            0            0            0            0            0            0
            0            0            0            0            0            0            0            0            0            0
            0            0            0            0            0            0            0            0            0            0
            0            0            0            0            0            0            0            0            0            0
            0            0            0            0            0            0            0            0            0            0
          inf   2.8624e-02   6.3657e-03  -2.1313e-02  -3.2110e-02  -2.0906e-02  -1.4962e-02  -2.6079e-02  -2.7652e-02  -2.3931e-02
         -inf   2.5426e-02  -2.7696e-02  -1.8045e-02   7.0424e-03   1.9139e-02   7.0972e-03  -1.2214e-02  -6.1024e-03  -1.2517e-02
          inf  -6.4724e-03  -8.6032e-03  -5.9724e-03  -2.1912e-02  -4.5805e-03  -1.1909e-02  -9.7433e-03  -3.0211e-03  -8.5014e-03
         -inf  -7.4790e-03   6.7797e-03   1.2188e-02   3.2144e-02   3.6971e-02   2.5377e-02   2.8671e-02   1.6584e-02   1.1815e-02
         -inf  -8.6014e-02  -5.2627e-02  -3.6885e-02  -1.9558e-02  -1.3974e-02  -1.9983e-02  -4.7778e-03   2.2739e-03  -6.2594e-04
         -inf   4.2419e-02   1.4276e-02   2.5929e-02   3.0049e-02   3.5827e-02   3.1392e-02   3.1487e-02   3.2108e-02   2.0595e-02
          inf   2.5473e-02   1.5674e-02   2.8219e-02   1.8051e-02   2.2441e-02   1.9262e-02   1.6484e-02   1.0185e-02   1.3379e-02
         -inf  -8.0459e-03   1.0415e-02   1.6678e-02   7.9844e-03   9.0577e-03   5.6863e-03   8.6754e-03   4.6193e-03   2.9864e-03
          inf  -3.3703e-03   5.3808e-03  -2.4058e-02  -2.5365e-02  -1.8506e-02   1.8945e-03   1.3890e-03   6.1952e-03   4.2089e-03
         -inf  -1.8321e-02  -1.4999e-02  -8.0943e-03  -8.6912e-03  -8.3516e-03  -9.3831e-03  -5.3798e-03  -4.1748e-03  -6.0102e-03
          inf  -5.5379e-02  -1.8612e-02  -3.1220e-02  -4.5526e-02  -3.1845e-02  -2.7873e-02  -3.1715e-02  -2.3799e-02  -2.2612e-02
          inf  -7.5193e-03   2.5408e-03  -1.2251e-02  -3.9025e-03   9.1170e-03   9.2798e-03   9.9813e-03   1.0397e-02   7.3761e-03
          inf  -2.2445e-02  -4.7759e-02  -8.3914e-03  -2.1091e-02  -2.5948e-02  -2.8868e-02  -2.2731e-02  -2.2170e-02  -2.2106e-02
         -inf  -4.1536e-02  -1.8277e-02  -1.6910e-02  -1.7904e-03  -9.2689e-03  -1.1844e-02  -5.7170e-03  -6.9010e-03  -5.3287e-03
          inf  -6.3928e-03  -6.0970e-03   1.6127e-03   8.6384e-03   6.3328e-04  -3.7379e-03  -5.6724e-03  -3.0558e-03  -5.0109e-03
          inf  -2.5997e-03   2.0312e-02   2.0533e-02   1.0112e-02   2.7006e-03  -2.5628e-03  -5.1758e-03  -4.5729e-03  -6.8036e-03
         -inf   6.5372e-02   1.7397e-02   1.4760e-02   1.1745e-02   6.0797e-03   5.4115e-03   1.1673e-02   8.0188e-03   2.6362e-03
          inf  -4.2752e-02  -1.0932e-02   9.1496e-04  -9.2611e-03  -1.0272e-02  -8.9952e-03  -1.0249e-02  -1.2884e-02  -1.1079e-02
          inf  -1.2195e-02  -3.4761e-03  -5.8459e-03  -2.8170e-03  -1.0198e-02  -6.0215e-03  -5.6089e-03  -3.2044e-03  -1.4461e-03
         -inf   1.8387e-02   2.5616e-02   1.6574e-02   2.3443e-02   2.3634e-02   1.8526e-02   1.7333e-02   1.2079e-02   1.5025e-02
          inf   2.0730e-02   1.0559e-02   2.7293e-02   2.5744e-02   1.7614e-02   1.2587e-02   1.2249e-02   8.5304e-03   5.7222e-03
          inf  -2.2827e-02  -2.7567e-02  -4.3811e-03  -4.9808e-04  -3.7102e-03   1.9179e-03  -4.5982e-03  -3.0985e-03  -1.8761e-03
          inf   7.7264e-03   1.8553e-02   2.1565e-02   1.8106e-02   1.6617e-02   1.7009e-02   1.8312e-02   1.4392e-02   1.0204e-02
          inf  -7.0223e-02  -2.9529e-02  -1.4931e-02  -1.3492e-02  -3.7819e-03  -9.2217e-03  -6.9322e-03  -4.9491e-03  -5.3385e-03
         -inf  -3.0546e-02  -2.7880e-02  -1.7869e-02  -8.6198e-03  -4.6224e-03  -5.3560e-03  -1.0093e-02  -7.9337e-03  -8.6430e-03
         -inf  -2.3644e-02  -7.6744e-03  -6.0819e-03  -1.9786e-03  -3.5338e-03   4.2061e-04  -9.2943e-04  -4.8251e-03  -4.3283e-03
          inf  -3.3385e-03  -1.5350e-04  -9.7873e-04   2.5809e-03  -8.7199e-04  -5.5730e-03  -9.3564e-03  -4.6274e-03  -2.7279e-03
         -inf   1.8823e-02   1.1696e-02   2.2975e-03  -2.8135e-03  -1.2164e-02  -9.7043e-03  -1.2527e-02  -9.5747e-03  -4.4605e-03
          inf  -1.0733e-02  -7.0607e-03  -1.0749e-02  -4.6297e-03  -3.2079e-03  -3.7224e-03  -8.3006e-06   5.1204e-03   5.5516e-03
         -inf  -2.7055e-02  -3.1654e-03  -8.5819e-03  -4.7298e-05   2.1948e-04   1.7972e-03   2.2565e-03   3.3944e-03  -9.0563e-04

        0        0        0        0        0        0        0        0        0        0
        0        0        0        0        0        0        0        0        0        0
        0        0        0        0        0        0        0        0        0        0
        0        0        0        0        0        0        0        0        0        0
        0        0        0        0        0        0        0        0        0        0
        0        0        0        0        0        0        0        0        0        0
        0        0        0        0        0        0        0        0        0        0
        0        0        0        0        0        0        0        0        0        0
        0        0        0        0        0        0        0        0        0        0
        0        0        0        0        0        0        0        0        0        0
        0        0        0        0        0        0        0        0        0        0
        0        0        0        0        0        0        0        0        0        0
        0        0        0        0        0        0        0        0        0        0
        0        0        0        0        0        0        0        0        0        0
        0        0        0        0        0        0        0        0        0        0
        0        0        0        0        0        0        0        0        0        0
        0        0        0        0        0        0        0        0        0        0
        0        0        0        0        0        0        0        0        0        0
        0        0        0        0        0        0        0        0        0        0
        0        0        0        0        0        0        0        0        0        0
        0        0        0        0        0        0        0        0        0        0
        0        0        0        0        0        0        0        0        0        0
        0        0        0        0        0        0        0        0        0        0
        0        0        0        0        0        0        0        0        0        0
        0        0        0        0        0        0        0        0        0        0
        0        0        0        0        0        0        0        0        0        0
        0        0        0        0        0        0        0        0        0        0
        0        0        0        0        0        0        0        0        0        0
        0        0        0        0        0        0        0        0        0        0
        0        0        0        0        0        0        0        0        0        0
        0        0        0        0        0        0        0        0        0        0
        0        0        0        0        0        0        0        0        0        0
        0        0        0        0        0        0        0        0        0        0
        0        0        0        0        0        0        0        0        0        0
        0        0        0        0        0        0        0        0        0        0
        0        0        0        0        0        0        0        0        0        0
        0        0        0        0        0        0        0        0        0        0
        0        0        0        0        0        0        0        0        0        0
        0        0        0        0        0        0        0        0        0        0
        0        0        0        0        0        0        0        0        0        0
        0        0        0        0        0        0        0        0        0        0
        0        0        0        0        0        0        0        0        0        0
        0        0        0        0        0        0        0        0        0        0
        0        0        0        0        0        0        0        0        0        0
        0        0        0        0        0        0        0        0        0        0
        0        0        0        0        0        0        0        0        0        0
        0        0        0        0        0        0        0        0        0        0
        0        0        0        0        0        0        0        0        0        0
        0        0        0        0        0        0        0        0        0        0
        0        0        0        0        0        0        0        0        0        0
        0        0        0        0        0        0        0        0        0        0
        0        0        0        0        0        0        0        0        0        0
        0        0        0        0        0        0        0        0        0        0
        0        0        0        0        0        0        0        0        0        0
        0        0        0        0        0        0        0        0        0        0
        0        0        0        0        0        0        0        0        0        0
        0        0        0        0        0        0        0        0        0        0
        0        0        0        0        0        0        0        0        0        0
        0        0        0        0        0        0        0        0        0        0
        0        0        0        0        0        0        0        0        0        0
        0        0        0        0        0        0        0        0        0        0
        0        0        0        0        0        0        0        0        0        0
        0        0        0        0        0        0        0        0        0        0
        0        0        0        0        0        0        0        0        0        0
        0        0        0        0        0        0        0        0        0        0
        0        0        0        0        0        0        0        0        0        0
        0        0        0        0        0        0        0        0        0        0
        0        0        0        0        0        0        0        0        0        0
        0        0        0        0        0        0        0        0        0        0
        0        0        0        0        0        0        0        0        0        0
        0        0        0        0        0        0        0        0        0        0
        0        0        0        0        0        0        0        0        0        0
        0        0        0        0        0        0        0        0        0        0
        0        0        0        0        0        0        0        0        0        0
        0        0        0        0        0        0        0        0        0        0
        0        0        0        0        0        0        0        0        0        0
        0        0        0        0        0        0        0        0        0        0
        0        0        0        0        0        0        0        0        0        0
        0        0        0        0        0        0        0        0        0        0
        0        0        0        0        0        0        0        0        0        0
        0        0        0        0        0        0        0        0        0        0
        0        0        0        0        0        0        0        0        0        0
        0        0        0        0        0        0        0        0        0        0
        0        0        0        0        0        0        0        0        0        0
        0        0        0        0        0        0        0        0        0        0
        0        0        0        0        0        0        0        0        0        0
        0        0        0        0        0        0        0        0        0        0
        0        0        0        0        0        0        0        0        0        0
        0        0        0        0        0        0        0        0        0        0
        0        0        0        0        0        0        0        0        0        0
      inf   0.0995   0.1141   0.1109   0.1235   0.1273   0.1276   0.1306   0.1309   0.1323
      inf   0.1198   0.1284   0.1249   0.1239   0.1234   0.1225   0.1293   0.1311   0.1296
      inf   0.1234   0.1111   0.1157   0.1179   0.1157   0.1214   0.1203   0.1244   0.1257
      inf   0.1347   0.1200   0.1127   0.1164   0.1192   0.1315   0.1310   0.1284   0.1249
      inf   0.1497   0.1269   0.1148   0.1171   0.1212   0.1180   0.1179   0.1141   0.1159
      inf   0.1437   0.1299   0.1332   0.1261   0.1224   0.1212   0.1208   0.1212   0.1220
      inf   0.1155   0.1062   0.1090   0.1074   0.1131   0.1103   0.1098   0.1074   0.1074
      inf   0.1210   0.1105   0.1091   0.1041   0.1032   0.0991   0.0997   0.1041   0.1041
      inf   0.1040   0.1061   0.1148   0.1123   0.1073   0.1115   0.1159   0.1145   0.1137
      inf   0.1074   0.1171   0.1130   0.1101   0.1061   0.1058   0.1070   0.1063   0.1038
      inf   0.1302   0.1116   0.1102   0.1159   0.1121   0.1105   0.1157   0.1160   0.1143
      inf   0.0799   0.0814   0.0935   0.0939   0.0965   0.1011   0.1007   0.1000   0.0990
      inf   0.1030   0.1032   0.1071   0.1086   0.1076   0.1058   0.1065   0.1063   0.1055
      inf   0.1229   0.1097   0.1044   0.1053   0.1119   0.1094   0.1090   0.1094   0.1096
      inf   0.0986   0.0994   0.1021   0.0995   0.0984   0.0979   0.0976   0.0953   0.0961
      inf   0.0931   0.0965   0.0983   0.0988   0.0948   0.0959   0.0937   0.0940   0.0954
      inf   0.1168   0.1170   0.1168   0.1145   0.1105   0.1067   0.1053   0.1029   0.1012
      inf   0.1212   0.1084   0.1058   0.1021   0.0982   0.0986   0.0971   0.0968   0.0972
      inf   0.0883   0.0871   0.0892   0.0875   0.0861   0.0861   0.0860   0.0853   0.0864
      inf   0.0861   0.0915   0.0874   0.0875   0.0894   0.0889   0.0883   0.0893   0.0883
      inf   0.0877   0.0889   0.0985   0.0932   0.0894   0.0865   0.0865   0.0860   0.0870
      inf   0.0817   0.0920   0.0899   0.0893   0.0876   0.0903   0.0901   0.0899   0.0890
      inf   0.0837   0.0856   0.0908   0.0895   0.0924   0.0950   0.0932   0.0911   0.0909
      inf   0.1078   0.0942   0.0929   0.0896   0.0896   0.0872   0.0849   0.0845   0.0842
      inf   0.0911   0.0882   0.0911   0.0872   0.0850   0.0853   0.0860   0.0858   0.0867
      inf   0.0893   0.0893   0.0853   0.0851   0.0844   0.0845   0.0839   0.0853   0.0853
      inf   0.0909   0.0873   0.0840   0.0857   0.0864   0.0872   0.0869   0.0863   0.0871
      inf   0.0810   0.0835   0.0814   0.0836   0.0874   0.0863   0.0857   0.0850   0.0877
      inf   0.0700   0.0806   0.0773   0.0749   0.0810   0.0817   0.0798   0.0804   0.0804
      inf   0.0959   0.0908   0.0863   0.0828   0.0817   0.0814   0.0807   0.0806   0.0812

        0        0        0        0        0        0        0        0        0        0
        0        0        0        0        0        0        0        0        0        0
        0        0        0        0        0        0        0        0        0        0
        0        0        0        0        0        0        0        0        0        0
        0        0        0        0        0        0        0        0        0        0
        0        0        0        0        0        0        0        0        0        0
        0        0        0        0        0        0        0        0        0        0
        0        0        0        0        0        0        0        0        0        0
        0        0        0        0        0        0        0        0        0        0
        0        0        0        0        0        0        0        0        0        0
        0        0        0        0        0        0        0        0        0        0
        0        0        0        0        0        0        0        0        0        0
        0        0        0        0        0        0        0        0        0        0
        0        0        0        0        0        0        0        0        0        0
        0        0        0        0        0        0        0        0        0        0
        0        0        0        0        0        0        0        0        0        0
        0        0        0        0        0        0        0        0        0        0
        0        0        0        0        0        0        0        0        0        0
        0        0        0        0        0        0        0        0        0        0
        0        0        0        0        0        0        0        0        0        0
        0        0        0        0        0        0        0        0        0        0
        0        0        0        0        0        0        0        0        0        0
        0        0        0        0        0        0        0        0        0        0
        0        0        0        0        0        0        0        0        0        0
        0        0        0        0        0        0        0        0        0        0
        0        0        0        0        0        0        0        0        0        0
        0        0        0        0        0        0        0        0        0        0
        0        0        0        0        0        0        0        0        0        0
        0        0        0        0        0        0        0        0        0        0
        0        0        0        0        0        0        0        0        0        0
        0        0        0        0        0        0        0        0        0        0
        0        0        0        0        0        0        0        0        0        0
        0        0        0        0        0        0        0        0        0        0
        0        0        0        0        0        0        0        0        0        0
        0        0        0        0        0        0        0        0        0        0
        0        0        0        0        0        0        0        0        0        0
        0        0        0        0        0        0        0        0        0        0
        0        0        0        0        0        0        0        0        0        0
        0        0        0        0        0        0        0        0        0        0
        0        0        0        0        0        0        0        0        0        0
        0        0        0        0        0        0        0        0        0        0
        0        0        0        0        0        0        0        0        0        0
        0        0        0        0        0        0        0        0        0        0
        0        0        0        0        0        0        0        0        0        0
        0        0        0        0        0        0        0        0        0        0
        0        0        0        0        0        0        0        0        0        0
        0        0        0        0        0        0        0        0        0        0
        0        0        0        0        0        0        0        0        0        0
        0        0        0        0        0        0        0        0        0        0
        0        0        0        0        0        0        0        0        0        0
        0        0        0        0        0        0        0        0        0        0
        0        0        0        0        0        0        0        0        0        0
        0        0        0        0        0        0        0        0        0        0
        0        0        0        0        0        0        0        0        0        0
        0        0        0        0        0        0        0        0        0        0
        0        0        0        0        0        0        0        0        0        0
        0        0        0        0        0        0        0        0        0        0
        0        0        0        0        0        0        0        0        0        0
        0        0        0        0        0        0        0        0        0        0
        0        0        0        0        0        0        0        0        0        0
        0        0        0        0        0        0        0        0        0        0
        0        0        0        0        0        0        0        0        0        0
        0        0        0        0        0        0        0        0        0        0
        0        0        0        0        0        0        0        0        0        0
        0        0        0        0        0        0        0        0        0        0
        0        0        0        0        0        0        0        0        0        0
        0        0        0        0        0        0        0        0        0        0
        0        0        0        0        0        0        0        0        0        0
        0        0        0        0        0        0        0        0        0        0
        0        0        0        0        0        0        0        0        0        0
        0        0        0        0        0        0        0        0        0        0
        0        0        0        0        0        0        0        0        0        0
        0        0        0        0        0        0        0        0        0        0
        0        0        0        0        0        0        0        0        0        0
        0        0        0        0        0        0        0        0        0        0
        0        0        0        0        0        0        0        0        0        0
        0        0        0        0        0        0        0        0        0        0
        0        0        0        0        0        0        0        0        0        0
        0        0        0        0        0        0        0        0        0        0
        0        0        0        0        0        0        0        0        0        0
        0        0        0        0        0        0        0        0        0        0
        0        0        0        0        0        0        0        0        0        0
        0        0        0        0        0        0        0        0        0        0
        0        0        0        0        0        0        0        0        0        0
        0        0        0        0        0        0        0        0        0        0
        0        0        0        0        0        0        0        0        0        0
        0        0        0        0        0        0        0        0        0        0
        0        0        0        0        0        0        0        0        0        0
        0        0        0        0        0        0        0        0        0        0
        0        0        0        0        0        0        0        0        0        0
      nan   0.8293   0.8427   0.8703   0.9352   0.9446   0.9317   0.9281   0.9324   0.9479
      nan   0.9654   0.9644   0.9889   1.0066   0.9846   0.9908   0.9945   0.9956   0.9855
      nan   0.8868   0.8950   0.9161   0.9343   0.9268   0.9521   0.9491   0.9503   0.9561
      nan   0.9020   0.9273   0.9404   0.9447   0.9181   0.9378   0.9372   0.9419   0.9350
      nan   1.0344   0.9999   0.9608   0.9771   0.9455   0.9324   0.9327   0.9346   0.9225
      nan   0.7781   0.8774   0.9006   0.9004   0.9157   0.9098   0.9168   0.9097   0.9074
      nan   0.9809   0.9221   0.9179   0.8953   0.9019   0.9047   0.9036   0.9050   0.8898
      nan   0.8499   0.8388   0.8683   0.8562   0.8668   0.8654   0.8767   0.8841   0.8832
      nan   0.8720   0.8845   0.8794   0.8804   0.8736   0.8865   0.8869   0.8841   0.8844
      nan   0.8281   0.8139   0.8059   0.8159   0.8139   0.8167   0.8157   0.8175   0.8161
      nan   0.9559   0.9492   0.9268   0.9440   0.9267   0.9148   0.9022   0.8993   0.8946
      nan   0.7979   0.8003   0.8013   0.8075   0.8265   0.8270   0.8156   0.8224   0.8189
      nan   0.9054   0.8729   0.8558   0.8438   0.8482   0.8677   0.8569   0.8530   0.8481
      nan   0.9358   0.8725   0.8493   0.8516   0.8643   0.8571   0.8548   0.8577   0.8661
      nan   0.8428   0.8643   0.8505   0.8363   0.8302   0.8291   0.8433   0.8406   0.8351
      nan   0.7744   0.7944   0.8138   0.8059   0.8156   0.8242   0.8107   0.8123   0.8235
      nan   0.8293   0.8226   0.8349   0.8047   0.8046   0.7925   0.7878   0.7970   0.7925
      nan   0.7794   0.7688   0.7940   0.7876   0.7943   0.8105   0.8248   0.8096   0.8087
      nan   0.8102   0.7654   0.7741   0.7843   0.7842   0.7711   0.7896   0.7853   0.7741
      nan   0.7733   0.7652   0.7494   0.7576   0.7653   0.7853   0.7754   0.7669   0.7684
      nan   0.7248   0.7427   0.7636   0.7495   0.7420   0.7505   0.7533   0.7564   0.7592
      nan   0.7820   0.7389   0.7513   0.7489   0.7598   0.7637   0.7600   0.7671   0.7652
      nan   0.6994   0.7195   0.7238   0.7242   0.7215   0.7157   0.7177   0.7326   0.7455
      nan   0.6753   0.7052   0.7248   0.7318   0.7423   0.7489   0.7467   0.7442   0.7478
      nan   0.6690   0.7170   0.7215   0.7359   0.7398   0.7336   0.7371   0.7312   0.7340
      nan   0.7793   0.7413   0.7349   0.7569   0.7491   0.7536   0.7512   0.7430   0.7489
      nan   0.7293   0.7683   0.7642   0.7638   0.7556   0.7452   0.7364   0.7331   0.7311
      nan   0.7347   0.7162   0.6928   0.7017   0.7157   0.7113   0.7123   0.7183   0.7138
      nan   0.6522   0.6996   0.6957   0.6972   0.7083   0.7088   0.7038   0.7048   0.7065
      nan   0.7215   0.6935   0.6859   0.6856   0.6819   0.6872   0.6794   0.6866   0.6900

         0         0         0         0         0         0         0         0         0         0
         0         0         0         0         0         0         0         0         0         0
         0         0         0         0         0         0         0         0         0         0
         0         0         0         0         0         0         0         0         0         0
         0         0         0         0         0         0         0         0         0         0
         0         0         0         0         0         0         0         0         0         0
         0         0         0         0         0         0         0         0         0         0
         0         0         0         0         0         0         0         0         0         0
         0         0         0         0         0         0         0         0         0         0
         0         0         0         0         0         0         0         0         0         0
         0         0         0         0         0         0         0         0         0         0
         0         0         0         0         0         0         0         0         0         0
         0         0         0         0         0         0         0         0         0         0
         0         0         0         0         0         0         0         0         0         0
         0         0         0         0         0         0         0         0         0         0
         0         0         0         0         0         0         0         0         0         0
         0         0         0         0         0         0         0         0         0         0
         0         0         0         0         0         0         0         0         0         0
         0         0         0         0         0         0         0         0         0         0
         0         0         0         0         0         0         0         0         0         0
         0         0         0         0         0         0         0         0         0         0
         0         0         0         0         0         0         0         0         0         0
         0         0         0         0         0         0         0         0         0         0
         0         0         0         0         0         0         0         0         0         0
         0         0         0         0         0         0         0         0         0         0
         0         0         0         0         0         0         0         0         0         0
         0         0         0         0         0         0         0         0         0         0
         0         0         0         0         0         0         0         0         0         0
         0         0         0         0         0         0         0         0         0         0
         0         0         0         0         0         0         0         0         0         0
         0         0         0         0         0         0         0         0         0         0
         0         0         0         0         0         0         0         0         0         0
         0         0         0         0         0         0         0         0         0         0
         0         0         0         0         0         0         0         0         0         0
         0         0         0         0         0         0         0         0         0         0
         0         0         0         0         0         0         0         0         0         0
         0         0         0         0         0         0         0         0         0         0
         0         0         0         0         0         0         0         0         0         0
         0         0         0         0         0         0         0         0         0         0
         0         0         0         0         0         0         0         0         0         0
         0         0         0         0         0         0         0         0         0         0
         0         0         0         0         0         0         0         0         0         0
         0         0         0         0         0         0         0         0         0         0
         0         0         0         0         0         0         0         0         0         0
         0         0         0         0         0         0         0         0         0         0
         0         0         0         0         0         0         0         0         0         0
         0         0         0         0         0         0         0         0         0         0
         0         0         0         0         0         0         0         0         0         0
         0         0         0         0         0         0         0         0         0         0
         0         0         0         0         0         0         0         0         0         0
         0         0         0         0         0         0         0         0         0         0
         0         0         0         0         0         0         0         0         0         0
         0         0         0         0         0         0         0         0         0         0
         0         0         0         0         0         0         0         0         0         0
         0         0         0         0         0         0         0         0         0         0
         0         0         0         0         0         0         0         0         0         0
         0         0         0         0         0         0         0         0         0         0
         0         0         0         0         0         0         0         0         0         0
         0         0         0         0         0         0         0         0         0         0
         0         0         0         0         0         0         0         0         0         0
         0         0         0         0         0         0         0         0         0         0
         0         0         0         0         0         0         0         0         0         0
         0         0         0         0         0         0         0         0         0         0
         0         0         0         0         0         0         0         0         0         0
         0         0         0         0         0         0         0         0         0         0
         0         0         0         0         0         0         0         0         0         0
         0         0         0         0         0         0         0         0         0         0
         0         0         0         0         0         0         0         0         0         0
         0         0         0         0         0         0         0         0         0         0
         0         0         0         0         0         0         0         0         0         0
         0         0         0         0         0         0         0         0         0         0
         0         0         0         0         0         0         0         0         0         0
         0         0         0         0         0         0         0         0         0         0
         0         0         0         0         0         0         0         0         0         0
         0         0         0         0         0         0         0         0         0         0
         0         0         0         0         0         0         0         0         0         0
         0         0         0         0         0         0         0         0         0         0
         0         0         0         0         0         0         0         0         0         0
         0         0         0         0         0         0         0         0         0         0
         0         0         0         0         0         0         0         0         0         0
         0         0         0         0         0         0         0         0         0         0
         0         0         0         0         0         0         0         0         0         0
         0         0         0         0         0         0         0         0         0         0
         0         0         0         0         0         0         0         0         0         0
         0         0         0         0         0         0         0         0         0         0
         0         0         0         0         0         0         0         0         0         0
         0         0         0         0         0         0         0         0         0         0
         0         0         0         0         0         0         0         0         0         0
         0         0         0         0         0         0         0         0         0         0
         0         0         0         0         0         0         0         0         0         0
       nan   24.9979   32.4861   28.8454   34.7429   37.6934   37.9334   38.7438   38.5016   39.0658
       nan   37.4698   38.5631   35.2899   38.0045   36.3079   35.4763   38.6000   39.4707   38.6748
       nan   34.8117   29.0993   31.2268   31.7393   30.6157   33.5494   33.0190   35.1572   35.6702
       nan   41.4696   33.7857   29.5155   30.2091   30.7723   38.1450   37.4256   36.7920   35.2403
       nan   40.1106   33.9351   29.8128   31.5636   33.3886   31.6475   31.9181   30.2757   31.2243
       nan   36.9849   34.2794   36.4150   33.0327   31.1326   30.7969   30.4245   30.2754   31.7864
       nan   32.3039   26.6115   26.2099   25.7303   27.9448   26.5634   26.3407   25.4753   25.2165
       nan   32.2876   26.6306   26.3712   24.5497   24.2492   22.6392   22.7352   25.6162   25.5091
       nan   22.3785   24.0971   27.4379   26.7188   25.1804   28.0718   29.9869   29.0991   28.6614
       nan   23.5471   29.5108   27.3999   26.0758   24.5752   25.0845   25.6038   25.2191   24.2307
       nan   35.6954   28.8151   26.3125   27.8149   26.9254   26.3711   28.2670   29.2303   28.3919
       nan   14.9543   15.5903   19.2730   19.6274   20.6427   22.8437   22.7046   22.3858   22.0531
       nan   23.7076   22.4683   26.4422   26.0968   25.2585   24.0892   24.9116   24.8939   24.4997
       nan   29.5573   25.3517   22.8052   23.7996   27.3003   26.1604   26.5028   26.8982   26.9524
       nan   21.7482   21.3030   22.4360   21.3449   21.0235   20.7616   20.6114   19.7527   19.9152
       nan   19.4103   19.5798   20.2417   20.7931   19.3625   19.6950   18.9226   19.1203   19.7577
       nan   24.2168   29.2929   29.2763   28.2664   26.4974   24.9662   24.2282   23.3641   22.7082
       nan   28.4436   25.4838   24.5176   22.7031   20.8656   21.3789   20.7726   20.5799   20.7001
       nan   17.6454   16.7669   17.7659   17.2844   16.9781   16.8953   16.8086   16.3907   16.6953
       nan   17.0751   17.6843   16.7850   16.3712   16.8909   16.9040   16.8042   17.2094   16.7488
       nan   17.4296   16.9697   20.1539   18.2191   17.4954   16.5779   16.4523   16.2915   16.8125
       nan   13.8114   17.0189   17.3799   17.4254   16.8628   17.8038   17.6324   17.7379   17.4082
       nan   14.6922   15.4554   17.5030   16.9581   17.9619   19.0376   18.2458   17.6422   17.6283
       nan   16.0393   17.4697   17.7725   16.8230   17.1519   16.4404   15.7227   15.5684   15.4749
       nan   16.0456   15.5978   16.8935   15.9195   15.2988   15.3436   15.4604   15.3932   15.9392
       nan   16.6499   16.6098   15.3693   15.3250   15.1714   15.0678   14.8442   15.3102   15.4916
       nan   17.9725   16.5605   15.4388   15.8911   16.0767   16.2281   16.0610   16.0640   16.2389
       nan   13.7614   14.5392   14.2285   14.9771   16.1140   15.7739   15.5144   15.3190   16.1190
       nan   10.0983   13.5834   12.5317   11.9711   14.2117   14.4139   13.7633   13.8989   13.8277
       nan   18.1408   17.3651   15.7236   14.5623   14.3064   14.1239   13.8949   13.8697   14.0929

         0         0         0         0         0         0         0         0         0         0
         0         0         0         0         0         0         0         0         0         0
         0         0         0         0         0         0         0         0         0         0
         0         0         0         0         0         0         0         0         0         0
         0         0         0         0         0         0         0         0         0         0
         0         0         0         0         0         0         0         0         0         0
         0         0         0         0         0         0         0         0         0         0
         0         0         0         0         0         0         0         0         0         0
         0         0         0         0         0         0         0         0         0         0
         0         0         0         0         0         0         0         0         0         0
         0         0         0         0         0         0         0         0         0         0
         0         0         0         0         0         0         0         0         0         0
         0         0         0         0         0         0         0         0         0         0
         0         0         0         0         0         0         0         0         0         0
         0         0         0         0         0         0         0         0         0         0
         0         0         0         0         0         0         0         0         0         0
         0         0         0         0         0         0         0         0         0         0
         0         0         0         0         0         0         0         0         0         0
         0         0         0         0         0         0         0         0         0         0
         0         0         0         0         0         0         0         0         0         0
         0         0         0         0         0         0         0         0         0         0
         0         0         0         0         0         0         0         0         0         0
         0         0         0         0         0         0         0         0         0         0
         0         0         0         0         0         0         0         0         0         0
         0         0         0         0         0         0         0         0         0         0
         0         0         0         0         0         0         0         0         0         0
         0         0         0         0         0         0         0         0         0         0
         0         0         0         0         0         0         0         0         0         0
         0         0         0         0         0         0         0         0         0         0
         0         0         0         0         0         0         0         0         0         0
         0         0         0         0         0         0         0         0         0         0
         0         0         0         0         0         0         0         0         0         0
         0         0         0         0         0         0         0         0         0         0
         0         0         0         0         0         0         0         0         0         0
         0         0         0         0         0         0         0         0         0         0
         0         0         0         0         0         0         0         0         0         0
         0         0         0         0         0         0         0         0         0         0
         0         0         0         0         0         0         0         0         0         0
         0         0         0         0         0         0         0         0         0         0
         0         0         0         0         0         0         0         0         0         0
         0         0         0         0         0         0         0         0         0         0
         0         0         0         0         0         0         0         0         0         0
         0         0         0         0         0         0         0         0         0         0
         0         0         0         0         0         0         0         0         0         0
         0         0         0         0         0         0         0         0         0         0
         0         0         0         0         0         0         0         0         0         0
         0         0         0         0         0         0         0         0         0         0
         0         0         0         0         0         0         0         0         0         0
         0         0         0         0         0         0         0         0         0         0
         0         0         0         0         0         0         0         0         0         0
         0         0         0         0         0         0         0         0         0         0
         0         0         0         0         0         0         0         0         0         0
         0         0         0         0         0         0         0         0         0         0
         0         0         0         0         0         0         0         0         0         0
         0         0         0         0         0         0         0         0         0         0
         0         0         0         0         0         0         0         0         0         0
         0         0         0         0         0         0         0         0         0         0
         0         0         0         0         0         0         0         0         0         0
         0         0         0         0         0         0         0         0         0         0
         0         0         0         0         0         0         0         0         0         0
         0         0         0         0         0         0         0         0         0         0
         0         0         0         0         0         0         0         0         0         0
         0         0         0         0         0         0         0         0         0         0
         0         0         0         0         0         0         0         0         0         0
         0         0         0         0         0         0         0         0         0         0
         0         0         0         0         0         0         0         0         0         0
         0         0         0         0         0         0         0         0         0         0
         0         0         0         0         0         0         0         0         0         0
         0         0         0         0         0         0         0         0         0         0
         0         0         0         0         0         0         0         0         0         0
         0         0         0         0         0         0         0         0         0         0
         0         0         0         0         0         0         0         0         0         0
         0         0         0         0         0         0         0         0         0         0
         0         0         0         0         0         0         0         0         0         0
         0         0         0         0         0         0         0         0         0         0
         0         0         0         0         0         0         0         0         0         0
         0         0         0         0         0         0         0         0         0         0
         0         0         0         0         0         0         0         0         0         0
         0         0         0         0         0         0         0         0         0         0
         0         0         0         0         0         0         0         0         0         0
         0         0         0         0         0         0         0         0         0         0
         0         0         0         0         0         0         0         0         0         0
         0         0         0         0         0         0         0         0         0         0
         0         0         0         0         0         0         0         0         0         0
         0         0         0         0         0         0         0         0         0         0
         0         0         0         0         0         0         0         0         0         0
         0         0         0         0         0         0         0         0         0         0
         0         0         0         0         0         0         0         0         0         0
         0         0         0         0         0         0         0         0         0         0
         0         0         0         0         0         0         0         0         0         0
       nan   11.6600   13.4237   11.4436   13.8493   14.5176   14.3400   14.6703   14.4430   14.1915
       nan   17.3791   15.5086   12.8912   15.5509   14.5080   13.5554   14.2998   14.3322   14.2768
       nan   12.6046   11.1448   11.6784   12.0862   11.0586   12.1787   11.9863   12.5247   12.6634
       nan   15.0403   12.8099   11.1768   11.9273   12.0281   13.8159   13.5658   13.1171   12.6542
       nan   18.2358   14.4920   12.5950   12.1392   12.2736   11.9214   11.6763   11.2973   11.6465
       nan    9.5543   10.0305   11.5758   11.2023   11.1944   10.8717   10.6463   10.4225   10.7647
       nan   13.8679   10.5815   10.1062    9.4528   10.0960    9.4567    9.2240    8.8704    8.7450
       nan   11.1576    9.0876    9.5337    8.9478    8.9298    8.4449    8.4426    9.9611    9.8344
       nan    6.7663    7.8617    9.2079    9.4199    9.0179   10.0869   10.5553   10.2045    9.9851
       nan    7.3937   10.0338    9.0563    8.6971    8.4229    9.0751    9.1341    8.9482    8.7394
       nan   15.6880   11.3951   10.2161   11.4674   10.2951    9.9190   10.4234   10.6635   10.3053
       nan    5.8693    6.0708    6.9274    6.9860    7.3892    8.2826    8.2720    8.1685    8.0504
       nan    9.2118   10.4625   10.1040    9.8233    9.6146    9.2404    9.3735    9.3970    9.2512
       nan   10.3995    8.5946    7.6230    7.9235    9.5115    9.2329    9.5461    9.8203    9.7989
       nan    7.9232    7.2357    7.5523    7.3108    7.1978    7.1014    7.0520    6.8003    6.7478
       nan    7.0704    6.8989    7.0724    7.0116    6.5694    6.5836    6.4489    6.5601    6.8552
       nan   10.8951   10.2527   10.1586    9.8121    9.1905    8.8139    8.6529    8.4034    8.1441
       nan   10.1910    8.9754    8.6193    8.0163    7.3312    7.6809    7.5300    7.4975    7.4552
       nan    6.8129    6.0266    6.5276    6.4489    6.6144    6.4369    6.3597    6.0939    6.1188
       nan    7.0720    6.7631    6.3774    6.3155    6.3747    6.2187    6.1900    6.1456    6.0504
       nan    7.1691    5.9801    7.5076    6.8825    6.6380    6.2332    6.0921    5.9513    6.1784
       nan    5.1484    6.1522    6.0280    6.1822    6.0691    6.3093    6.2157    6.3657    6.2402
       nan    4.9344    5.6234    6.5512    6.1584    6.3483    6.7561    6.5117    6.2589    6.1546
       nan    6.6438    6.2503    5.9688    5.8128    5.8928    5.8863    5.6834    5.5930    5.5721
       nan    5.7391    5.8003    5.7245    5.3743    5.2182    5.1964    5.2535    5.1640    5.5136
       nan    6.2803    5.5539    5.2517    5.2053    5.2220    5.0793    5.0115    5.1783    5.3557
       nan    6.4526    5.9346    5.5896    5.6457    5.6707    5.6639    5.6494    5.7030    5.6731
       nan    5.1288    5.0204    5.0047    5.2665    5.6799    5.5286    5.4958    5.3755    5.4414
       nan    3.4477    4.6333    4.3799    4.2024    5.1133    5.1468    4.9145    4.9485    4.8920
       nan    6.3981    5.9313    5.4960    5.0499    5.0403    4.9469    4.8763    4.8773    4.9532

        0        0        0        0        0        0        0        0        0        0
        0        0        0        0        0        0        0        0        0        0
        0        0        0        0        0        0        0        0        0        0
        0        0        0        0        0        0        0        0        0        0
        0        0        0        0        0        0        0        0        0        0
        0        0        0        0        0        0        0        0        0        0
        0        0        0        0        0        0        0        0        0        0
        0        0        0        0        0        0        0        0        0        0
        0        0        0        0        0        0        0        0        0        0
        0        0        0        0        0        0        0        0        0        0
        0        0        0        0        0        0        0        0        0        0
        0        0        0        0        0        0        0        0        0        0
        0        0        0        0        0        0        0        0        0        0
        0        0        0        0        0        0        0        0        0        0
        0        0        0        0        0        0        0        0        0        0
        0        0        0        0        0        0        0        0        0        0
        0        0        0        0        0        0        0        0        0        0
        0        0        0        0        0        0        0        0        0        0
        0        0        0        0        0        0        0        0        0        0
        0        0        0        0        0        0        0        0        0        0
        0        0        0        0        0        0        0        0        0        0
        0        0        0        0        0        0        0        0        0        0
        0        0        0        0        0        0        0        0        0        0
        0        0        0        0        0        0        0        0        0        0
        0        0        0        0        0        0        0        0        0        0
        0        0        0        0        0        0        0        0        0        0
        0        0        0        0        0        0        0        0        0        0
        0        0        0        0        0        0        0        0        0        0
        0        0        0        0        0        0        0        0        0        0
        0        0        0        0        0        0        0        0        0        0
        0        0        0        0        0        0        0        0        0        0
        0        0        0        0        0        0        0        0        0        0
        0        0        0        0        0        0        0        0        0        0
        0        0        0        0        0        0        0        0        0        0
        0        0        0        0        0        0        0        0        0        0
        0        0        0        0        0        0        0        0        0        0
        0        0        0        0        0        0        0        0        0        0
        0        0        0        0        0        0        0        0        0        0
        0        0        0        0        0        0        0        0        0        0
        0        0        0        0        0        0        0        0        0        0
        0        0        0        0        0        0        0        0        0        0
        0        0        0        0        0        0        0        0        0        0
        0        0        0        0        0        0        0        0        0        0
        0        0        0        0        0        0        0        0        0        0
        0        0        0        0        0        0        0        0        0        0
        0        0        0        0        0        0        0        0        0        0
        0        0        0        0        0        0        0        0        0        0
        0        0        0        0        0        0        0        0        0        0
        0        0        0        0        0        0        0        0        0        0
        0        0        0        0        0        0        0        0        0        0
        0        0        0        0        0        0        0        0        0        0
        0        0        0        0        0        0        0        0        0        0
        0        0        0        0        0        0        0        0        0        0
        0        0        0        0        0        0        0        0        0        0
        0        0        0        0        0        0        0        0        0        0
        0        0        0        0        0        0        0        0        0        0
        0        0        0        0        0        0        0        0        0        0
        0        0        0        0        0        0        0        0        0        0
        0        0        0        0        0        0        0        0        0        0
        0        0        0        0        0        0        0        0        0        0
        0        0        0        0        0        0        0        0        0        0
        0        0        0        0        0        0        0        0        0        0
        0        0        0        0        0        0        0        0        0        0
        0        0        0        0        0        0        0        0        0        0
        0        0        0        0        0        0        0        0        0        0
        0        0        0        0        0        0        0        0        0        0
        0        0        0        0        0        0        0        0        0        0
        0        0        0        0        0        0        0        0        0        0
        0        0        0        0        0        0        0        0        0        0
        0        0        0        0        0        0        0        0        0        0
        0        0        0        0        0        0        0        0        0        0
        0        0        0        0        0        0        0        0        0        0
        0        0        0        0        0        0        0        0        0        0
        0        0        0        0        0        0        0        0        0        0
        0        0        0        0        0        0        0        0        0        0
        0        0        0        0        0        0        0        0        0        0
        0        0        0        0        0        0        0        0        0        0
        0        0        0        0        0        0        0        0        0        0
        0        0        0        0        0        0        0        0        0        0
        0        0        0        0        0        0        0        0        0        0
        0        0        0        0        0        0        0        0        0        0
        0        0        0        0        0        0        0        0        0        0
        0        0        0        0        0        0        0        0        0        0
        0        0        0        0        0        0        0        0        0        0
        0        0        0        0        0        0        0        0        0        0
        0        0        0        0        0        0        0        0        0        0
        0        0        0        0        0        0        0        0        0        0
        0        0        0        0        0        0        0        0        0        0
        0        0        0        0        0        0        0        0        0        0
        0        0        0        0        0        0        0        0        0        0
      inf   0.6052   0.4541   0.4045   0.3790   0.3640   0.3537   0.3464   0.3409   0.3367
      inf   0.6073   0.4569   0.4061   0.3811   0.3659   0.3555   0.3484   0.3429   0.3387
      inf   0.6173   0.4627   0.4112   0.3848   0.3691   0.3587   0.3514   0.3456   0.3413
      inf   0.6182   0.4642   0.4123   0.3869   0.3716   0.3608   0.3536   0.3480   0.3439
      inf   0.6218   0.4673   0.4156   0.3895   0.3737   0.3635   0.3563   0.3509   0.3465
      inf   0.6247   0.4694   0.4175   0.3917   0.3760   0.3653   0.3578   0.3523   0.3478
      inf   0.6328   0.4747   0.4210   0.3948   0.3788   0.3684   0.3610   0.3554   0.3511
      inf   0.6342   0.4773   0.4238   0.3978   0.3819   0.3711   0.3634   0.3574   0.3531
      inf   0.6367   0.4781   0.4252   0.3984   0.3828   0.3722   0.3645   0.3588   0.3545
      inf   0.6432   0.4817   0.4284   0.4020   0.3860   0.3753   0.3677   0.3618   0.3577
      inf   0.6458   0.4845   0.4311   0.4038   0.3879   0.3770   0.3691   0.3631   0.3588
      inf   0.6481   0.4866   0.4330   0.4063   0.3899   0.3791   0.3715   0.3657   0.3615
      inf   0.6515   0.4885   0.4352   0.4077   0.3913   0.3806   0.3728   0.3671   0.3627
      inf   0.6538   0.4920   0.4378   0.4105   0.3941   0.3832   0.3750   0.3693   0.3650
      inf   0.6608   0.4961   0.4410   0.4137   0.3968   0.3860   0.3780   0.3721   0.3675
      inf   0.6652   0.4990   0.4435   0.4158   0.3991   0.3880   0.3801   0.3741   0.3693
      inf   0.6650   0.4989   0.4441   0.4167   0.4001   0.3888   0.3812   0.3751   0.3706
      inf   0.6711   0.5035   0.4481   0.4201   0.4036   0.3923   0.3842   0.3783   0.3735
      inf   0.6743   0.5068   0.4501   0.4221   0.4053   0.3941   0.3861   0.3803   0.3756
      inf   0.6765   0.5072   0.4510   0.4228   0.4062   0.3949   0.3872   0.3812   0.3769
      inf   0.6804   0.5105   0.4536   0.4259   0.4094   0.3981   0.3901   0.3840   0.3791
      inf   0.6862   0.5137   0.4571   0.4289   0.4118   0.4001   0.3918   0.3857   0.3811
      inf   0.6883   0.5171   0.4593   0.4307   0.4133   0.4015   0.3933   0.3870   0.3824
      inf   0.6916   0.5185   0.4614   0.4330   0.4156   0.4039   0.3960   0.3898   0.3850
      inf   0.6960   0.5219   0.4642   0.4351   0.4178   0.4062   0.3978   0.3917   0.3869
      inf   0.6976   0.5237   0.4664   0.4369   0.4194   0.4078   0.3997   0.3936   0.3885
      inf   0.6984   0.5248   0.4666   0.4375   0.4198   0.4082   0.4001   0.3941   0.3893
      inf   0.7031   0.5276   0.4695   0.4404   0.4228   0.4113   0.4032   0.3968   0.3920
      inf   0.7073   0.5309   0.4727   0.4433   0.4254   0.4138   0.4056   0.3992   0.3943
      inf   0.7069   0.5310   0.4730   0.4438   0.4261   0.4145   0.4062   0.4000   0.3951

