   2.0000
   2.0050
   2.0100
   2.0150
   2.0200
   2.0250
   2.0300
   2.0350
   2.0400
   2.0450
   2.0500
   2.0550
   2.0600
   2.0650
   2.0700
   2.0750
   2.0800
   2.0850
   2.0900
   2.0950
   2.1000
   2.1050
   2.1100
   2.1150
   2.1200
   2.1250
   2.1300
   2.1350
   2.1400
   2.1450
   2.1500
   2.1550
   2.1600
   2.1650
   2.1700
   2.1750
   2.1800
   2.1850
   2.1900
   2.1950
   2.2000
   2.2050
   2.2100
   2.2150
   2.2200
   2.2250
   2.2300
   2.2350
   2.2400
   2.2450
   2.2500
   2.2550
   2.2600
   2.2650
   2.2700
   2.2750
   2.2800
   2.2850
   2.2900
   2.2950
   2.3000
   2.3050
   2.3100
   2.3150
   2.3200
   2.3250
   2.3300
   2.3350
   2.3400
   2.3450
   2.3500
   2.3550
   2.3600
   2.3650
   2.3700
   2.3750
   2.3800
   2.3850
   2.3900
   2.3950
   2.4000
   2.4050
   2.4100
   2.4150
   2.4200
   2.4250
   2.4300
   2.4350
   2.4400
   2.4450
   2.4500
   2.4550
   2.4600
   2.4650
   2.4700
   2.4750
   2.4800
   2.4850
   2.4900
   2.4950
   2.5000
   2.5050
   2.5100
   2.5150
   2.5200
   2.5250
   2.5300
   2.5350
   2.5400
   2.5450
   2.5500
   2.5550
   2.5600
   2.5650
   2.5700
   2.5750
   2.5800
   2.5850
   2.5900
   2.5950

        0        0        0        0        0        0        0        0        0        0
        0        0        0        0        0        0        0        0        0        0
        0        0        0        0        0        0        0        0        0        0
        0        0        0        0        0        0        0        0        0        0
        0        0        0        0        0        0        0        0        0        0
        0        0        0        0        0        0        0        0        0        0
        0        0        0        0        0        0        0        0        0        0
        0        0        0        0        0        0        0        0        0        0
        0        0        0        0        0        0        0        0        0        0
        0        0        0        0        0        0        0        0        0        0
        0        0        0        0        0        0        0        0        0        0
        0        0        0        0        0        0        0        0        0        0
        0        0        0        0        0        0        0        0        0        0
        0        0        0        0        0        0        0        0        0        0
        0        0        0        0        0        0        0        0        0        0
        0        0        0        0        0        0        0        0        0        0
        0        0        0        0        0        0        0        0        0        0
        0        0        0        0        0        0        0        0        0        0
        0        0        0        0        0        0        0        0        0        0
        0        0        0        0        0        0        0        0        0        0
        0        0        0        0        0        0        0        0        0        0
        0        0        0        0        0        0        0        0        0        0
        0        0        0        0        0        0        0        0        0        0
        0        0        0        0        0        0        0        0        0        0
        0        0        0        0        0        0        0        0        0        0
        0        0        0        0        0        0        0        0        0        0
        0        0        0        0        0        0        0        0        0        0
        0        0        0        0        0        0        0        0        0        0
        0        0        0        0        0        0        0        0        0        0
        0        0        0        0        0        0        0        0        0        0
        0        0        0        0        0        0        0        0        0        0
        0        0        0        0        0        0        0        0        0        0
        0        0        0        0        0        0        0        0        0        0
        0        0        0        0        0        0        0        0        0        0
        0        0        0        0        0        0        0        0        0        0
        0        0        0        0        0        0        0        0        0        0
        0        0        0        0        0        0        0        0        0        0
        0        0        0        0        0        0        0        0        0        0
        0        0        0        0        0        0        0        0        0        0
        0        0        0        0        0        0        0        0        0        0
        0        0        0        0        0        0        0        0        0        0
        0        0        0        0        0        0        0        0        0        0
        0        0        0        0        0        0        0        0        0        0
        0        0        0        0        0        0        0        0        0        0
        0        0        0        0        0        0        0        0        0        0
        0        0        0        0        0        0        0        0        0        0
        0        0        0        0        0        0        0        0        0        0
        0        0        0        0        0        0        0        0        0        0
        0        0        0        0        0        0        0        0        0        0
        0        0        0        0        0        0        0        0        0        0
        0        0        0        0        0        0        0        0        0        0
        0        0        0        0        0        0        0        0        0        0
        0        0        0        0        0        0        0        0        0        0
        0        0        0        0        0        0        0        0        0        0
        0        0        0        0        0        0        0        0        0        0
        0        0        0        0        0        0        0        0        0        0
        0        0        0        0        0        0        0        0        0        0
        0        0        0        0        0        0        0        0        0        0
        0        0        0        0        0        0        0        0        0        0
        0        0        0        0        0        0        0        0        0        0
        0        0        0        0        0        0        0        0        0        0
        0        0        0        0        0        0        0        0        0        0
        0        0        0        0        0        0        0        0        0        0
        0        0        0        0        0        0        0        0        0        0
        0        0        0        0        0        0        0        0        0        0
        0        0        0        0        0        0        0        0        0        0
        0        0        0        0        0        0        0        0        0        0
        0        0        0        0        0        0        0        0        0        0
        0        0        0        0        0        0        0        0        0        0
        0        0        0        0        0        0        0        0        0        0
        0        0        0        0        0        0        0        0        0        0
        0        0        0        0        0        0        0        0        0        0
        0        0        0        0        0        0        0        0        0        0
        0        0        0        0        0        0        0        0        0        0
        0        0        0        0        0        0        0        0        0        0
        0        0        0        0        0        0        0        0        0        0
        0        0        0        0        0        0        0        0        0        0
        0        0        0        0        0        0        0        0        0        0
        0        0        0        0        0        0        0        0        0        0
        0        0        0        0        0        0        0        0        0        0
        0        0        0        0        0        0        0        0        0        0
        0        0        0        0        0        0        0        0        0        0
        0        0        0        0        0        0        0        0        0        0
        0        0        0        0        0        0        0        0        0        0
        0        0        0        0        0        0        0        0        0        0
        0        0        0        0        0        0        0        0        0        0
        0        0        0        0        0        0        0        0        0        0
        0        0        0        0        0        0        0        0        0        0
        0        0        0        0        0        0        0        0        0        0
        0        0        0        0        0        0        0        0        0        0
     -inf  -1.1505  -1.1518  -1.1535  -1.1526  -1.1538  -1.1529  -1.1530  -1.1538  -1.1542
     -inf  -1.1494  -1.1500  -1.1502  -1.1491  -1.1492  -1.1486  -1.1478  -1.1480  -1.1474
     -inf  -1.1404  -1.1413  -1.1427  -1.1428  -1.1446  -1.1459  -1.1453  -1.1463  -1.1459
     -inf  -1.1320  -1.1344  -1.1365  -1.1364  -1.1360  -1.1354  -1.1361  -1.1366  -1.1365
     -inf  -1.1321  -1.1298  -1.1291  -1.1298  -1.1319  -1.1321  -1.1321  -1.1330  -1.1323
     -inf  -1.1315  -1.1344  -1.1335  -1.1330  -1.1314  -1.1306  -1.1312  -1.1308  -1.1306
     -inf  -1.1360  -1.1335  -1.1294  -1.1278  -1.1278  -1.1267  -1.1264  -1.1257  -1.1254
     -inf  -1.1260  -1.1215  -1.1205  -1.1212  -1.1212  -1.1214  -1.1215  -1.1204  -1.1205
     -inf  -1.1090  -1.1117  -1.1148  -1.1152  -1.1150  -1.1150  -1.1153  -1.1150  -1.1143
     -inf  -1.1101  -1.1100  -1.1111  -1.1115  -1.1120  -1.1121  -1.1123  -1.1120  -1.1117
     -inf  -1.1084  -1.1066  -1.1044  -1.1029  -1.1046  -1.1056  -1.1056  -1.1058  -1.1053
     -inf  -1.1008  -1.1012  -1.1010  -1.1002  -1.1007  -1.1013  -1.1015  -1.1018  -1.1017
     -inf  -1.1013  -1.0976  -1.0982  -1.0974  -1.0971  -1.0964  -1.0968  -1.0965  -1.0962
     -inf  -1.0929  -1.0941  -1.0951  -1.0945  -1.0946  -1.0943  -1.0935  -1.0930  -1.0930
     -inf  -1.0877  -1.0911  -1.0917  -1.0916  -1.0917  -1.0912  -1.0903  -1.0902  -1.0897
     -inf  -1.0831  -1.0823  -1.0826  -1.0837  -1.0829  -1.0839  -1.0841  -1.0845  -1.0844
     -inf  -1.0836  -1.0815  -1.0822  -1.0817  -1.0827  -1.0832  -1.0828  -1.0831  -1.0835
     -inf  -1.0775  -1.0765  -1.0762  -1.0758  -1.0761  -1.0759  -1.0759  -1.0761  -1.0758
     -inf  -1.0746  -1.0729  -1.0736  -1.0730  -1.0726  -1.0723  -1.0722  -1.0727  -1.0730
     -inf  -1.0690  -1.0671  -1.0692  -1.0680  -1.0693  -1.0686  -1.0686  -1.0683  -1.0673
     -inf  -1.0627  -1.0641  -1.0650  -1.0646  -1.0653  -1.0656  -1.0654  -1.0655  -1.0655
     -inf  -1.0605  -1.0616  -1.0609  -1.0610  -1.0607  -1.0610  -1.0612  -1.0611  -1.0610
     -inf  -1.0584  -1.0591  -1.0566  -1.0565  -1.0571  -1.0572  -1.0568  -1.0572  -1.0572
     -inf  -1.0557  -1.0542  -1.0550  -1.0555  -1.0547  -1.0538  -1.0536  -1.0539  -1.0537
     -inf  -1.0482  -1.0502  -1.0508  -1.0507  -1.0511  -1.0509  -1.0507  -1.0506  -1.0500
     -inf  -1.0459  -1.0451  -1.0475  -1.0468  -1.0478  -1.0477  -1.0474  -1.0472  -1.0468
     -inf  -1.0450  -1.0419  -1.0412  -1.0416  -1.0421  -1.0416  -1.0422  -1.0421  -1.0418
     -inf  -1.0371  -1.0379  -1.0392  -1.0393  -1.0398  -1.0396  -1.0401  -1.0402  -1.0402
     -inf  -1.0332  -1.0340  -1.0345  -1.0346  -1.0347  -1.0345  -1.0347  -1.0347  -1.0345
     -inf  -1.0317  -1.0301  -1.0315  -1.0313  -1.0320  -1.0319  -1.0319  -1.0315  -1.0316

            0            0            0            0            0            0            0            0            0            0
            0            0            0            0            0            0            0            0            0            0
            0            0            0            0            0            0            0            0            0            0
            0            0            0            0            0            0            0            0            0            0
            0            0            0            0            0            0            0            0            0            0
            0            0            0            0            0            0            0            0            0            0
            0            0            0            0            0            0            0            0            0            0
            0            0            0            0            0            0            0            0            0            0
            0            0            0            0            0            0            0            0            0            0
            0            0            0            0            0            0            0            0            0            0
            0            0            0            0            0            0            0            0            0            0
            0            0            0            0            0            0            0            0            0            0
            0            0            0            0            0            0            0            0            0            0
            0            0            0            0            0            0            0            0            0            0
            0            0            0            0            0            0            0            0            0            0
            0            0            0            0            0            0            0            0            0            0
            0            0            0            0            0            0            0            0            0            0
            0            0            0            0            0            0            0            0            0            0
            0            0            0            0            0            0            0            0            0            0
            0            0            0            0            0            0            0            0            0            0
            0            0            0            0            0            0            0            0            0            0
            0            0            0            0            0            0            0            0            0            0
            0            0            0            0            0            0            0            0            0            0
            0            0            0            0            0            0            0            0            0            0
            0            0            0            0            0            0            0            0            0            0
            0            0            0            0            0            0            0            0            0            0
            0            0            0            0            0            0            0            0            0            0
            0            0            0            0            0            0            0            0            0            0
            0            0            0            0            0            0            0            0            0            0
            0            0            0            0            0            0            0            0            0            0
            0            0            0            0            0            0            0            0            0            0
            0            0            0            0            0            0            0            0            0            0
            0            0            0            0            0            0            0            0            0            0
            0            0            0            0            0            0            0            0            0            0
            0            0            0            0            0            0            0            0            0            0
            0            0            0            0            0            0            0            0            0            0
            0            0            0            0            0            0            0            0            0            0
            0            0            0            0            0            0            0            0            0            0
            0            0            0            0            0            0            0            0            0            0
            0            0            0            0            0            0            0            0            0            0
            0            0            0            0            0            0            0            0            0            0
            0            0            0            0            0            0            0            0            0            0
            0            0            0            0            0            0            0            0            0            0
            0            0            0            0            0            0            0            0            0            0
            0            0            0            0            0            0            0            0            0            0
            0            0            0            0            0            0            0            0            0            0
            0            0            0            0            0            0            0            0            0            0
            0            0            0            0            0            0            0            0            0            0
            0            0            0            0            0            0            0            0            0            0
            0            0            0            0            0            0            0            0            0            0
            0            0            0            0            0            0            0            0            0            0
            0            0            0            0            0            0            0            0            0            0
            0            0            0            0            0            0            0            0            0            0
            0            0            0            0            0            0            0            0            0            0
            0            0            0            0            0            0            0            0            0            0
            0            0            0            0            0            0            0            0            0            0
            0            0            0            0            0            0            0            0            0            0
            0            0            0            0            0            0            0            0            0            0
            0            0            0            0            0            0            0            0            0            0
            0            0            0            0            0            0            0            0            0            0
            0            0            0            0            0            0            0            0            0            0
            0            0            0            0            0            0            0            0            0            0
            0            0            0            0            0            0            0            0            0            0
            0            0            0            0            0            0            0            0            0            0
            0            0            0            0            0            0            0            0            0            0
            0            0            0            0            0            0            0            0            0            0
            0            0            0            0            0            0            0            0            0            0
            0            0            0            0            0            0            0            0            0            0
            0            0            0            0            0            0            0            0            0            0
            0            0            0            0            0            0            0            0            0            0
            0            0            0            0            0            0            0            0            0            0
            0            0            0            0            0            0            0            0            0            0
            0            0            0            0            0            0            0            0            0            0
            0            0            0            0            0            0            0            0            0            0
            0            0            0            0            0            0            0            0            0            0
            0            0            0            0            0            0            0            0            0            0
            0            0            0            0            0            0            0            0            0            0
            0            0            0            0            0            0            0            0            0            0
            0            0            0            0            0            0            0            0            0            0
            0            0            0            0            0            0            0            0            0            0
            0            0            0            0            0            0            0            0            0            0
            0            0            0            0            0            0            0            0            0            0
            0            0            0            0            0            0            0            0            0            0
            0            0            0            0            0            0            0            0            0            0
            0            0            0            0            0            0            0            0            0            0
            0            0            0            0            0            0            0            0            0            0
            0            0            0            0            0            0            0            0            0            0
            0            0            0            0            0            0            0            0            0            0
            0            0            0            0            0            0            0            0            0            0
            0            0            0            0            0            0            0            0            0            0
         -inf  -7.3149e-02  -3.0992e-02  -4.3320e-02  -5.1705e-02  -2.7914e-02  -7.9873e-03  -1.8234e-02  -3.2119e-02  -3.1522e-02
         -inf   4.9647e-02   1.6755e-02  -2.8450e-04   1.6140e-03   3.6236e-04  -1.0266e-02  -1.1996e-02  -1.7606e-02  -9.1508e-03
         -inf   7.4491e-02   7.2223e-02   3.9604e-02   3.1686e-02   4.0985e-02   4.0896e-02   3.8976e-02   2.0402e-02   1.5290e-02
          inf  -2.4807e-02   1.0839e-02  -2.2548e-02  -1.7899e-02  -1.3129e-02  -1.1665e-02  -1.1946e-02  -2.0711e-02  -2.2075e-02
         -inf   1.7664e-03  -2.5833e-02  -3.8849e-02  -5.7312e-02  -3.1086e-02  -2.0224e-02   1.6855e-04   7.5325e-03   8.1526e-03
         -inf  -3.7004e-02  -2.2764e-02  -4.0970e-02  -1.3182e-02  -1.7050e-02   1.6220e-03  -1.0521e-02  -3.8808e-03   1.5946e-03
         -inf  -2.8681e-02  -2.9263e-02  -3.4124e-02  -9.2205e-03  -1.1988e-02  -1.4801e-02  -1.4351e-02  -1.3340e-02  -1.1444e-02
          inf  -4.2513e-02  -2.1322e-03   1.4978e-02   2.6603e-02   2.6208e-02   1.7640e-02   1.3929e-02   1.6238e-02   1.6444e-02
         -inf  -4.2206e-02  -1.3897e-02   2.4271e-02   1.1654e-02   1.7614e-02   5.9651e-03   1.3504e-02   1.2977e-02   1.5923e-02
          inf  -3.4121e-02  -1.9901e-02  -3.5952e-03   9.0710e-03  -1.0873e-03  -5.5924e-03  -8.4477e-03  -3.4657e-03  -1.5280e-03
          inf   4.4351e-02   2.4050e-02   1.8726e-02   9.7494e-03   1.4319e-02   8.7655e-03   4.1630e-03   3.3990e-03   1.3001e-04
         -inf   3.8016e-02  -1.1936e-03   1.6004e-02   1.0044e-02   1.5666e-02   1.0371e-02   1.1926e-02   7.6243e-03   9.8691e-03
         -inf  -9.7208e-02  -2.9743e-02  -5.2860e-03  -5.5965e-03  -4.8534e-03  -1.4659e-03   3.6194e-03   3.5174e-03   1.0453e-02
         -inf   2.8920e-02   9.6442e-03  -1.7502e-02  -9.5233e-03  -1.0618e-02  -1.5380e-02  -1.5088e-02  -1.8594e-02  -1.9786e-02
         -inf   5.8563e-03  -1.3660e-02  -8.9772e-03   7.9460e-03  -4.1353e-03  -8.9627e-03  -8.6143e-03  -3.5211e-03  -2.0114e-03
          inf  -2.1739e-03   4.0014e-04  -1.2711e-02  -1.5371e-02  -1.4021e-02  -1.7287e-02  -2.0964e-02  -2.1572e-02  -1.1592e-02
          inf   4.9637e-02   1.5920e-02  -6.8812e-03  -7.2328e-04  -4.5727e-03  -2.8522e-03   6.4162e-04  -8.1788e-04   2.4879e-03
          inf  -1.6543e-02   3.0276e-03   2.3197e-03   3.9247e-03   5.6505e-03   2.1558e-03   3.1933e-03   3.8953e-03   3.4689e-03
         -inf   1.5314e-02   1.0289e-02   7.2011e-03   7.0705e-03   1.3557e-02   8.7842e-03   1.2040e-02   9.2244e-03   9.7947e-03
          inf   1.6454e-02   1.3411e-02   1.9721e-02   1.4421e-02   1.0501e-02   1.0044e-02   1.1179e-02   1.0216e-02   7.8700e-03
         -inf   7.3452e-03  -7.5826e-03  -1.0289e-02  -1.4744e-02  -1.5001e-03   1.5747e-04  -2.7349e-03   4.0541e-04   1.1265e-03
         -inf  -1.1761e-02  -2.0043e-03  -6.5194e-03  -2.1499e-03  -3.4483e-03   1.2477e-04  -8.2761e-03  -6.4502e-03  -8.5844e-03
         -inf   1.7491e-03   8.0454e-03   8.3829e-03   4.7554e-03  -8.9568e-04  -6.4002e-03  -4.5712e-03  -3.6873e-03  -1.9213e-03
          inf   4.4021e-02   1.8053e-02   1.4916e-02   2.6327e-03   1.8942e-03  -4.6267e-03  -1.5222e-04   4.8614e-03   3.6457e-03
         -inf   4.0366e-02  -2.4516e-03  -9.6679e-03  -1.1551e-02  -1.6244e-02  -1.5738e-02  -1.2076e-02  -8.7523e-03  -6.4882e-03
          inf   2.2212e-02   1.5686e-02   1.2407e-02   1.5174e-02   2.4380e-02   3.0019e-02   2.3683e-02   1.8740e-02   1.7275e-02
         -inf  -6.1017e-03  -1.3845e-02  -3.4563e-02  -3.1249e-02  -2.7234e-02  -2.7470e-02  -2.2257e-02  -2.0158e-02  -1.8660e-02
         -inf  -1.0315e-02  -6.1688e-03  -2.1317e-02  -2.0055e-02  -1.4964e-02  -1.4676e-02  -1.3558e-02  -8.6179e-03  -8.1795e-03
         -inf  -2.8842e-02  -7.6182e-03  -8.0759e-03  -7.9925e-03  -6.5866e-03  -4.2453e-03   7.4018e-05  -9.4954e-04   7.2382e-04
          inf  -2.9552e-02  -1.1428e-02  -6.2288e-03  -1.9467e-03  -3.8918e-03  -3.0037e-03  -2.1601e-03  -1.8615e-03  -5.0050e-03

        0        0        0        0        0        0        0        0        0        0
        0        0        0        0        0        0        0        0        0        0
        0        0        0        0        0        0        0        0        0        0
        0        0        0        0        0        0        0        0        0        0
        0        0        0        0        0        0        0        0        0        0
        0        0        0        0        0        0        0        0        0        0
        0        0        0        0        0        0        0        0        0        0
        0        0        0        0        0        0        0        0        0        0
        0        0        0        0        0        0        0        0        0        0
        0        0        0        0        0        0        0        0        0        0
        0        0        0        0        0        0        0        0        0        0
        0        0        0        0        0        0        0        0        0        0
        0        0        0        0        0        0        0        0        0        0
        0        0        0        0        0        0        0        0        0        0
        0        0        0        0        0        0        0        0        0        0
        0        0        0        0        0        0        0        0        0        0
        0        0        0        0        0        0        0        0        0        0
        0        0        0        0        0        0        0        0        0        0
        0        0        0        0        0        0        0        0        0        0
        0        0        0        0        0        0        0        0        0        0
        0        0        0        0        0        0        0        0        0        0
        0        0        0        0        0        0        0        0        0        0
        0        0        0        0        0        0        0        0        0        0
        0        0        0        0        0        0        0        0        0        0
        0        0        0        0        0        0        0        0        0        0
        0        0        0        0        0        0        0        0        0        0
        0        0        0        0        0        0        0        0        0        0
        0        0        0        0        0        0        0        0        0        0
        0        0        0        0        0        0        0        0        0        0
        0        0        0        0        0        0        0        0        0        0
        0        0        0        0        0        0        0        0        0        0
        0        0        0        0        0        0        0        0        0        0
        0        0        0        0        0        0        0        0        0        0
        0        0        0        0        0        0        0        0        0        0
        0        0        0        0        0        0        0        0        0        0
        0        0        0        0        0        0        0        0        0        0
        0        0        0        0        0        0        0        0        0        0
        0        0        0        0        0        0        0        0        0        0
        0        0        0        0        0        0        0        0        0        0
        0        0        0        0        0        0        0        0        0        0
        0        0        0        0        0        0        0        0        0        0
        0        0        0        0        0        0        0        0        0        0
        0        0        0        0        0        0        0        0        0        0
        0        0        0        0        0        0        0        0        0        0
        0        0        0        0        0        0        0        0        0        0
        0        0        0        0        0        0        0        0        0        0
        0        0        0        0        0        0        0        0        0        0
        0        0        0        0        0        0        0        0        0        0
        0        0        0        0        0        0        0        0        0        0
        0        0        0        0        0        0        0        0        0        0
        0        0        0        0        0        0        0        0        0        0
        0        0        0        0        0        0        0        0        0        0
        0        0        0        0        0        0        0        0        0        0
        0        0        0        0        0        0        0        0        0        0
        0        0        0        0        0        0        0        0        0        0
        0        0        0        0        0        0        0        0        0        0
        0        0        0        0        0        0        0        0        0        0
        0        0        0        0        0        0        0        0        0        0
        0        0        0        0        0        0        0        0        0        0
        0        0        0        0        0        0        0        0        0        0
        0        0        0        0        0        0        0        0        0        0
        0        0        0        0        0        0        0        0        0        0
        0        0        0        0        0        0        0        0        0        0
        0        0        0        0        0        0        0        0        0        0
        0        0        0        0        0        0        0        0        0        0
        0        0        0        0        0        0        0        0        0        0
        0        0        0        0        0        0        0        0        0        0
        0        0        0        0        0        0        0        0        0        0
        0        0        0        0        0        0        0        0        0        0
        0        0        0        0        0        0        0        0        0        0
        0        0        0        0        0        0        0        0        0        0
        0        0        0        0        0        0        0        0        0        0
        0        0        0        0        0        0        0        0        0        0
        0        0        0        0        0        0        0        0        0        0
        0        0        0        0        0        0        0        0        0        0
        0        0        0        0        0        0        0        0        0        0
        0        0        0        0        0        0        0        0        0        0
        0        0        0        0        0        0        0        0        0        0
        0        0        0        0        0        0        0        0        0        0
        0        0        0        0        0        0        0        0        0        0
        0        0        0        0        0        0        0        0        0        0
        0        0        0        0        0        0        0        0        0        0
        0        0        0        0        0        0        0        0        0        0
        0        0        0        0        0        0        0        0        0        0
        0        0        0        0        0        0        0        0        0        0
        0        0        0        0        0        0        0        0        0        0
        0        0        0        0        0        0        0        0        0        0
        0        0        0        0        0        0        0        0        0        0
        0        0        0        0        0        0        0        0        0        0
        0        0        0        0        0        0        0        0        0        0
      inf   0.2035   0.2005   0.2095   0.1998   0.2030   0.2003   0.2005   0.2016   0.2033
      inf   0.1980   0.1983   0.1892   0.1917   0.1923   0.1892   0.1885   0.1893   0.1853
      inf   0.2005   0.1939   0.1945   0.1890   0.1946   0.2006   0.2003   0.2034   0.2028
      inf   0.1672   0.1753   0.1870   0.1849   0.1835   0.1817   0.1800   0.1804   0.1803
      inf   0.1726   0.1815   0.1751   0.1801   0.1850   0.1839   0.1838   0.1868   0.1857
      inf   0.1804   0.1918   0.1945   0.1934   0.1850   0.1847   0.1843   0.1817   0.1804
      inf   0.2202   0.2093   0.1944   0.1879   0.1832   0.1802   0.1795   0.1767   0.1730
      inf   0.1898   0.1701   0.1722   0.1755   0.1744   0.1773   0.1769   0.1721   0.1721
      inf   0.1664   0.1609   0.1751   0.1729   0.1691   0.1687   0.1694   0.1655   0.1628
      inf   0.1658   0.1636   0.1734   0.1709   0.1744   0.1728   0.1708   0.1700   0.1686
      inf   0.1702   0.1607   0.1533   0.1494   0.1532   0.1584   0.1548   0.1548   0.1560
      inf   0.1632   0.1671   0.1585   0.1543   0.1612   0.1609   0.1610   0.1615   0.1592
      inf   0.1729   0.1605   0.1621   0.1571   0.1562   0.1528   0.1534   0.1540   0.1519
      inf   0.1584   0.1495   0.1563   0.1571   0.1557   0.1542   0.1514   0.1500   0.1520
      inf   0.1602   0.1629   0.1614   0.1591   0.1559   0.1538   0.1547   0.1525   0.1511
      inf   0.1460   0.1394   0.1465   0.1490   0.1470   0.1496   0.1514   0.1517   0.1525
      inf   0.1511   0.1453   0.1488   0.1477   0.1485   0.1507   0.1511   0.1516   0.1526
      inf   0.1520   0.1414   0.1392   0.1414   0.1446   0.1457   0.1427   0.1449   0.1433
      inf   0.1296   0.1277   0.1304   0.1351   0.1355   0.1365   0.1353   0.1363   0.1381
      inf   0.1394   0.1390   0.1356   0.1345   0.1385   0.1368   0.1374   0.1370   0.1356
      inf   0.1293   0.1362   0.1360   0.1391   0.1410   0.1396   0.1392   0.1420   0.1403
      inf   0.1214   0.1293   0.1309   0.1322   0.1290   0.1275   0.1288   0.1296   0.1296
      inf   0.1332   0.1300   0.1269   0.1287   0.1320   0.1319   0.1312   0.1320   0.1320
      inf   0.1471   0.1395   0.1338   0.1373   0.1336   0.1337   0.1328   0.1333   0.1331
      inf   0.1345   0.1360   0.1352   0.1335   0.1384   0.1370   0.1344   0.1334   0.1316
      inf   0.1184   0.1293   0.1313   0.1294   0.1312   0.1308   0.1310   0.1301   0.1288
      inf   0.1234   0.1261   0.1285   0.1291   0.1266   0.1264   0.1281   0.1271   0.1279
      inf   0.1215   0.1161   0.1246   0.1262   0.1280   0.1282   0.1289   0.1274   0.1277
      inf   0.1142   0.1210   0.1167   0.1157   0.1162   0.1174   0.1183   0.1187   0.1174
      inf   0.1165   0.1176   0.1152   0.1161   0.1169   0.1179   0.1172   0.1166   0.1174

        0        0        0        0        0        0        0        0        0        0
        0        0        0        0        0        0        0        0        0        0
        0        0        0        0        0        0        0        0        0        0
        0        0        0        0        0        0        0        0        0        0
        0        0        0        0        0        0        0        0        0        0
        0        0        0        0        0        0        0        0        0        0
        0        0        0        0        0        0        0        0        0        0
        0        0        0        0        0        0        0        0        0        0
        0        0        0        0        0        0        0        0        0        0
        0        0        0        0        0        0        0        0        0        0
        0        0        0        0        0        0        0        0        0        0
        0        0        0        0        0        0        0        0        0        0
        0        0        0        0        0        0        0        0        0        0
        0        0        0        0        0        0        0        0        0        0
        0        0        0        0        0        0        0        0        0        0
        0        0        0        0        0        0        0        0        0        0
        0        0        0        0        0        0        0        0        0        0
        0        0        0        0        0        0        0        0        0        0
        0        0        0        0        0        0        0        0        0        0
        0        0        0        0        0        0        0        0        0        0
        0        0        0        0        0        0        0        0        0        0
        0        0        0        0        0        0        0        0        0        0
        0        0        0        0        0        0        0        0        0        0
        0        0        0        0        0        0        0        0        0        0
        0        0        0        0        0        0        0        0        0        0
        0        0        0        0        0        0        0        0        0        0
        0        0        0        0        0        0        0        0        0        0
        0        0        0        0        0        0        0        0        0        0
        0        0        0        0        0        0        0        0        0        0
        0        0        0        0        0        0        0        0        0        0
        0        0        0        0        0        0        0        0        0        0
        0        0        0        0        0        0        0        0        0        0
        0        0        0        0        0        0        0        0        0        0
        0        0        0        0        0        0        0        0        0        0
        0        0        0        0        0        0        0        0        0        0
        0        0        0        0        0        0        0        0        0        0
        0        0        0        0        0        0        0        0        0        0
        0        0        0        0        0        0        0        0        0        0
        0        0        0        0        0        0        0        0        0        0
        0        0        0        0        0        0        0        0        0        0
        0        0        0        0        0        0        0        0        0        0
        0        0        0        0        0        0        0        0        0        0
        0        0        0        0        0        0        0        0        0        0
        0        0        0        0        0        0        0        0        0        0
        0        0        0        0        0        0        0        0        0        0
        0        0        0        0        0        0        0        0        0        0
        0        0        0        0        0        0        0        0        0        0
        0        0        0        0        0        0        0        0        0        0
        0        0        0        0        0        0        0        0        0        0
        0        0        0        0        0        0        0        0        0        0
        0        0        0        0        0        0        0        0        0        0
        0        0        0        0        0        0        0        0        0        0
        0        0        0        0        0        0        0        0        0        0
        0        0        0        0        0        0        0        0        0        0
        0        0        0        0        0        0        0        0        0        0
        0        0        0        0        0        0        0        0        0        0
        0        0        0        0        0        0        0        0        0        0
        0        0        0        0        0        0        0        0        0        0
        0        0        0        0        0        0        0        0        0        0
        0        0        0        0        0        0        0        0        0        0
        0        0        0        0        0        0        0        0        0        0
        0        0        0        0        0        0        0        0        0        0
        0        0        0        0        0        0        0        0        0        0
        0        0        0        0        0        0        0        0        0        0
        0        0        0        0        0        0        0        0        0        0
        0        0        0        0        0        0        0        0        0        0
        0        0        0        0        0        0        0        0        0        0
        0        0        0        0        0        0        0        0        0        0
        0        0        0        0        0        0        0        0        0        0
        0        0        0        0        0        0        0        0        0        0
        0        0        0        0        0        0        0        0        0        0
        0        0        0        0        0        0        0        0        0        0
        0        0        0        0        0        0        0        0        0        0
        0        0        0        0        0        0        0        0        0        0
        0        0        0        0        0        0        0        0        0        0
        0        0        0        0        0        0        0        0        0        0
        0        0        0        0        0        0        0        0        0        0
        0        0        0        0        0        0        0        0        0        0
        0        0        0        0        0        0        0        0        0        0
        0        0        0        0        0        0        0        0        0        0
        0        0        0        0        0        0        0        0        0        0
        0        0        0        0        0        0        0        0        0        0
        0        0        0        0        0        0        0        0        0        0
        0        0        0        0        0        0        0        0        0        0
        0        0        0        0        0        0        0        0        0        0
        0        0        0        0        0        0        0        0        0        0
        0        0        0        0        0        0        0        0        0        0
        0        0        0        0        0        0        0        0        0        0
        0        0        0        0        0        0        0        0        0        0
        0        0        0        0        0        0        0        0        0        0
      nan   0.9889   0.9457   0.9724   0.9763   0.9807   0.9696   0.9706   0.9700   0.9707
      nan   0.9115   0.9319   0.9118   0.9092   0.9069   0.9168   0.9233   0.9378   0.9350
      nan   1.0000   1.0008   0.9894   0.9868   0.9875   0.9927   0.9915   0.9984   0.9913
      nan   0.9041   0.9027   0.9124   0.9164   0.9270   0.9372   0.9383   0.9406   0.9342
      nan   0.9425   0.9536   0.9488   0.9606   0.9720   0.9598   0.9512   0.9680   0.9589
      nan   0.9421   0.9869   0.9716   0.9585   0.9459   0.9478   0.9476   0.9458   0.9344
      nan   1.0154   0.9905   0.9543   0.9345   0.9182   0.9197   0.9246   0.9220   0.9138
      nan   0.9602   0.9107   0.9089   0.9267   0.9254   0.9244   0.9108   0.9055   0.9117
      nan   0.9069   0.8964   0.9129   0.9162   0.9054   0.8965   0.8940   0.8844   0.8794
      nan   0.8372   0.8327   0.8732   0.8717   0.8864   0.8770   0.8725   0.8691   0.8697
      nan   0.9187   0.8847   0.8545   0.8471   0.8654   0.8687   0.8579   0.8551   0.8507
      nan   0.8294   0.8772   0.8709   0.8549   0.8732   0.8620   0.8624   0.8549   0.8508
      nan   0.8732   0.8512   0.8690   0.8651   0.8550   0.8434   0.8429   0.8372   0.8359
      nan   0.7850   0.8146   0.8381   0.8393   0.8364   0.8409   0.8440   0.8454   0.8453
      nan   0.8247   0.8211   0.8251   0.8273   0.8267   0.8256   0.8281   0.8281   0.8254
      nan   0.8349   0.8157   0.8023   0.8196   0.8086   0.8084   0.8128   0.8179   0.8222
      nan   0.8302   0.7935   0.8082   0.8023   0.8125   0.8115   0.8120   0.8172   0.8169
      nan   0.8138   0.7964   0.7769   0.7805   0.7793   0.7848   0.7812   0.7872   0.7885
      nan   0.7788   0.7624   0.7714   0.7801   0.7820   0.7762   0.7727   0.7775   0.7836
      nan   0.7588   0.7622   0.7674   0.7655   0.7821   0.7773   0.7753   0.7724   0.7684
      nan   0.7429   0.7517   0.7721   0.7647   0.7643   0.7664   0.7639   0.7678   0.7662
      nan   0.7287   0.7429   0.7367   0.7349   0.7392   0.7462   0.7476   0.7487   0.7532
      nan   0.7954   0.7891   0.7827   0.7686   0.7686   0.7653   0.7569   0.7647   0.7593
      nan   0.7511   0.7449   0.7508   0.7598   0.7512   0.7519   0.7509   0.7502   0.7478
      nan   0.7072   0.7374   0.7470   0.7507   0.7571   0.7523   0.7499   0.7467   0.7422
      nan   0.7328   0.7330   0.7426   0.7390   0.7418   0.7438   0.7430   0.7401   0.7366
      nan   0.7134   0.7182   0.7215   0.7245   0.7222   0.7285   0.7340   0.7315   0.7316
      nan   0.7015   0.7187   0.7342   0.7377   0.7403   0.7352   0.7388   0.7367   0.7391
      nan   0.7066   0.6929   0.6933   0.6992   0.7082   0.7023   0.7063   0.7128   0.7154
      nan   0.6900   0.7151   0.7294   0.7298   0.7263   0.7213   0.7140   0.7171   0.7198

         0         0         0         0         0         0         0         0         0         0
         0         0         0         0         0         0         0         0         0         0
         0         0         0         0         0         0         0         0         0         0
         0         0         0         0         0         0         0         0         0         0
         0         0         0         0         0         0         0         0         0         0
         0         0         0         0         0         0         0         0         0         0
         0         0         0         0         0         0         0         0         0         0
         0         0         0         0         0         0         0         0         0         0
         0         0         0         0         0         0         0         0         0         0
         0         0         0         0         0         0         0         0         0         0
         0         0         0         0         0         0         0         0         0         0
         0         0         0         0         0         0         0         0         0         0
         0         0         0         0         0         0         0         0         0         0
         0         0         0         0         0         0         0         0         0         0
         0         0         0         0         0         0         0         0         0         0
         0         0         0         0         0         0         0         0         0         0
         0         0         0         0         0         0         0         0         0         0
         0         0         0         0         0         0         0         0         0         0
         0         0         0         0         0         0         0         0         0         0
         0         0         0         0         0         0         0         0         0         0
         0         0         0         0         0         0         0         0         0         0
         0         0         0         0         0         0         0         0         0         0
         0         0         0         0         0         0         0         0         0         0
         0         0         0         0         0         0         0         0         0         0
         0         0         0         0         0         0         0         0         0         0
         0         0         0         0         0         0         0         0         0         0
         0         0         0         0         0         0         0         0         0         0
         0         0         0         0         0         0         0         0         0         0
         0         0         0         0         0         0         0         0         0         0
         0         0         0         0         0         0         0         0         0         0
         0         0         0         0         0         0         0         0         0         0
         0         0         0         0         0         0         0         0         0         0
         0         0         0         0         0         0         0         0         0         0
         0         0         0         0         0         0         0         0         0         0
         0         0         0         0         0         0         0         0         0         0
         0         0         0         0         0         0         0         0         0         0
         0         0         0         0         0         0         0         0         0         0
         0         0         0         0         0         0         0         0         0         0
         0         0         0         0         0         0         0         0         0         0
         0         0         0         0         0         0         0         0         0         0
         0         0         0         0         0         0         0         0         0         0
         0         0         0         0         0         0         0         0         0         0
         0         0         0         0         0         0         0         0         0         0
         0         0         0         0         0         0         0         0         0         0
         0         0         0         0         0         0         0         0         0         0
         0         0         0         0         0         0         0         0         0         0
         0         0         0         0         0         0         0         0         0         0
         0         0         0         0         0         0         0         0         0         0
         0         0         0         0         0         0         0         0         0         0
         0         0         0         0         0         0         0         0         0         0
         0         0         0         0         0         0         0         0         0         0
         0         0         0         0         0         0         0         0         0         0
         0         0         0         0         0         0         0         0         0         0
         0         0         0         0         0         0         0         0         0         0
         0         0         0         0         0         0         0         0         0         0
         0         0         0         0         0         0         0         0         0         0
         0         0         0         0         0         0         0         0         0         0
         0         0         0         0         0         0         0         0         0         0
         0         0         0         0         0         0         0         0         0         0
         0         0         0         0         0         0         0         0         0         0
         0         0         0         0         0         0         0         0         0         0
         0         0         0         0         0         0         0         0         0         0
         0         0         0         0         0         0         0         0         0         0
         0         0         0         0         0         0         0         0         0         0
         0         0         0         0         0         0         0         0         0         0
         0         0         0         0         0         0         0         0         0         0
         0         0         0         0         0         0         0         0         0         0
         0         0         0         0         0         0         0         0         0         0
         0         0         0         0         0         0         0         0         0         0
         0         0         0         0         0         0         0         0         0         0
         0         0         0         0         0         0         0         0         0         0
         0         0         0         0         0         0         0         0         0         0
         0         0         0         0         0         0         0         0         0         0
         0         0         0         0         0         0         0         0         0         0
         0         0         0         0         0         0         0         0         0         0
         0         0         0         0         0         0         0         0         0         0
         0         0         0         0         0         0         0         0         0         0
         0         0         0         0         0         0         0         0         0         0
         0         0         0         0         0         0         0         0         0         0
         0         0         0         0         0         0         0         0         0         0
         0         0         0         0         0         0         0         0         0         0
         0         0         0         0         0         0         0         0         0         0
         0         0         0         0         0         0         0         0         0         0
         0         0         0         0         0         0         0         0         0         0
         0         0         0         0         0         0         0         0         0         0
         0         0         0         0         0         0         0         0         0         0
         0         0         0         0         0         0         0         0         0         0
         0         0         0         0         0         0         0         0         0         0
         0         0         0         0         0         0         0         0         0         0
         0         0         0         0         0         0         0         0         0         0
       nan   37.2594   38.1392   40.9518   37.5296   39.4250   38.7483   38.5081   38.4417   38.9044
       nan   35.9658   38.5796   35.2916   35.8306   35.5435   34.9749   34.8366   34.9013   33.9239
       nan   33.6498   32.4087   34.8525   33.4111   34.9102   36.6919   36.7029   38.8419   38.8493
       nan   27.7015   29.9195   33.2533   32.8530   32.6173   32.1524   31.6151   31.5729   31.3506
       nan   28.3469   30.9592   28.8683   29.3206   32.6333   32.6962   32.9475   34.0703   33.6557
       nan   30.5386   35.7986   36.0278   36.5141   33.7796   33.6101   33.2144   32.5606   31.8573
       nan   42.7416   40.2191   35.1596   34.0277   32.4316   31.3232   31.2692   30.3654   29.3709
       nan   33.9649   28.7127   28.7592   29.6968   29.4474   30.1922   29.9492   28.5808   28.7271
       nan   24.4551   24.6880   29.0871   28.7372   27.4410   27.7682   27.9392   26.9954   26.1386
       nan   26.7360   26.1923   29.1508   28.1611   29.3543   28.6665   28.0681   27.9108   27.4558
       nan   27.5187   25.4553   23.3773   22.4851   23.4417   24.9171   23.8958   23.9457   24.2724
       nan   24.8188   26.9569   24.5428   23.4982   25.5502   25.3757   25.1840   25.2229   24.4673
       nan   20.9558   23.1549   24.8051   23.4939   23.3146   22.5246   22.6456   22.8061   22.1960
       nan   23.3610   22.3046   23.7843   23.8341   23.3378   23.0304   22.3607   21.9225   22.3673
       nan   23.9848   24.8214   24.5241   24.0389   23.1879   22.5984   22.8998   22.3821   21.9905
       nan   21.6239   19.2999   21.1342   21.8058   21.1332   21.6823   21.9635   22.0012   22.4447
       nan   20.6421   20.4715   21.5299   21.2212   21.4634   21.9617   22.0597   22.1702   22.4953
       nan   22.3658   19.4839   18.8936   19.5398   20.3776   20.4945   19.7798   20.3557   19.8457
       nan   15.7068   15.4496   16.1563   17.3845   17.5227   17.7966   17.5750   17.8135   18.2858
       nan   18.4366   18.2874   17.4967   17.3366   18.4355   17.9944   18.1535   18.0048   17.6619
       nan   15.6528   17.3252   17.1241   17.9546   18.5418   18.3526   18.2331   18.9385   18.5587
       nan   14.3737   16.0263   16.3032   16.6017   15.8645   15.5630   15.8124   16.1109   16.1025
       nan   17.3841   16.2711   15.6242   16.0765   16.7734   16.7966   16.5450   16.8343   16.8682
       nan   19.1963   18.1979   16.9410   17.8761   17.0423   16.9789   16.7815   16.8528   16.7862
       nan   15.5175   17.2936   16.9236   16.8173   17.9720   17.6290   17.1013   16.8972   16.4647
       nan   13.7757   16.2269   16.3309   15.8301   15.9964   15.8619   16.1528   16.0959   15.9089
       nan   14.9053   15.3812   15.1820   15.3087   14.9973   15.0393   15.6032   15.4045   15.6363
       nan   13.8247   12.7925   14.4871   14.9218   15.3841   15.4215   15.6786   15.4030   15.4056
       nan   12.1338   13.8982   13.0659   12.8123   12.9927   13.2471   13.3825   13.3827   13.1458
       nan   12.6492   13.5422   12.9548   12.9971   13.2273   13.4487   13.2376   13.1089   13.3103

         0         0         0         0         0         0         0         0         0         0
         0         0         0         0         0         0         0         0         0         0
         0         0         0         0         0         0         0         0         0         0
         0         0         0         0         0         0         0         0         0         0
         0         0         0         0         0         0         0         0         0         0
         0         0         0         0         0         0         0         0         0         0
         0         0         0         0         0         0         0         0         0         0
         0         0         0         0         0         0         0         0         0         0
         0         0         0         0         0         0         0         0         0         0
         0         0         0         0         0         0         0         0         0         0
         0         0         0         0         0         0         0         0         0         0
         0         0         0         0         0         0         0         0         0         0
         0         0         0         0         0         0         0         0         0         0
         0         0         0         0         0         0         0         0         0         0
         0         0         0         0         0         0         0         0         0         0
         0         0         0         0         0         0         0         0         0         0
         0         0         0         0         0         0         0         0         0         0
         0         0         0         0         0         0         0         0         0         0
         0         0         0         0         0         0         0         0         0         0
         0         0         0         0         0         0         0         0         0         0
         0         0         0         0         0         0         0         0         0         0
         0         0         0         0         0         0         0         0         0         0
         0         0         0         0         0         0         0         0         0         0
         0         0         0         0         0         0         0         0         0         0
         0         0         0         0         0         0         0         0         0         0
         0         0         0         0         0         0         0         0         0         0
         0         0         0         0         0         0         0         0         0         0
         0         0         0         0         0         0         0         0         0         0
         0         0         0         0         0         0         0         0         0         0
         0         0         0         0         0         0         0         0         0         0
         0         0         0         0         0         0         0         0         0         0
         0         0         0         0         0         0         0         0         0         0
         0         0         0         0         0         0         0         0         0         0
         0         0         0         0         0         0         0         0         0         0
         0         0         0         0         0         0         0         0         0         0
         0         0         0         0         0         0         0         0         0         0
         0         0         0         0         0         0         0         0         0         0
         0         0         0         0         0         0         0         0         0         0
         0         0         0         0         0         0         0         0         0         0
         0         0         0         0         0         0         0         0         0         0
         0         0         0         0         0         0         0         0         0         0
         0         0         0         0         0         0         0         0         0         0
         0         0         0         0         0         0         0         0         0         0
         0         0         0         0         0         0         0         0         0         0
         0         0         0         0         0         0         0         0         0         0
         0         0         0         0         0         0         0         0         0         0
         0         0         0         0         0         0         0         0         0         0
         0         0         0         0         0         0         0         0         0         0
         0         0         0         0         0         0         0         0         0         0
         0         0         0         0         0         0         0         0         0         0
         0         0         0         0         0         0         0         0         0         0
         0         0         0         0         0         0         0         0         0         0
         0         0         0         0         0         0         0         0         0         0
         0         0         0         0         0         0         0         0         0         0
         0         0         0         0         0         0         0         0         0         0
         0         0         0         0         0         0         0         0         0         0
         0         0         0         0         0         0         0         0         0         0
         0         0         0         0         0         0         0         0         0         0
         0         0         0         0         0         0         0         0         0         0
         0         0         0         0         0         0         0         0         0         0
         0         0         0         0         0         0         0         0         0         0
         0         0         0         0         0         0         0         0         0         0
         0         0         0         0         0         0         0         0         0         0
         0         0         0         0         0         0         0         0         0         0
         0         0         0         0         0         0         0         0         0         0
         0         0         0         0         0         0         0         0         0         0
         0         0         0         0         0         0         0         0         0         0
         0         0         0         0         0         0         0         0         0         0
         0         0         0         0         0         0         0         0         0         0
         0         0         0         0         0         0         0         0         0         0
         0         0         0         0         0         0         0         0         0         0
         0         0         0         0         0         0         0         0         0         0
         0         0         0         0         0         0         0         0         0         0
         0         0         0         0         0         0         0         0         0         0
         0         0         0         0         0         0         0         0         0         0
         0         0         0         0         0         0         0         0         0         0
         0         0         0         0         0         0         0         0         0         0
         0         0         0         0         0         0         0         0         0         0
         0         0         0         0         0         0         0         0         0         0
         0         0         0         0         0         0         0         0         0         0
         0         0         0         0         0         0         0         0         0         0
         0         0         0         0         0         0         0         0         0         0
         0         0         0         0         0         0         0         0         0         0
         0         0         0         0         0         0         0         0         0         0
         0         0         0         0         0         0         0         0         0         0
         0         0         0         0         0         0         0         0         0         0
         0         0         0         0         0         0         0         0         0         0
         0         0         0         0         0         0         0         0         0         0
         0         0         0         0         0         0         0         0         0         0
         0         0         0         0         0         0         0         0         0         0
       nan   13.6980   12.5007   13.5056   13.2013   13.0135   12.5846   12.4849   12.5781   12.5710
       nan   12.0313   13.1292   11.9527   11.8766   11.4547   11.7104   11.7703   11.7544   11.6070
       nan   11.1019   11.3451   11.2674   10.8227   11.3674   11.6078   11.5920   12.2015   12.2515
       nan    9.9659   10.0448   10.8767   10.8634   10.8765   10.8197   10.6794   10.7265   10.5632
       nan    9.0624   10.0641    9.9933   10.4300   11.0909   11.0477   11.0698   11.5053   11.3497
       nan   10.3804   12.3512   12.6495   12.4507   11.8389   11.5613   11.3370   11.2200   10.8290
       nan   11.9818   12.5180   11.5398   11.2953   10.8797   10.5035   10.6037   10.3264   10.1527
       nan   11.9317   10.0815    9.8218   10.3196   10.3064   10.1491    9.9215    9.6844    9.8341
       nan    7.8083    8.1746    9.7605    9.6197    9.2760    9.5068    9.6062    9.4938    9.2676
       nan    9.8484    9.2739    9.8763    9.4732    9.8511    9.5395    9.4064    9.3831    9.2342
       nan   10.2288    9.3008    8.5559    8.2539    8.5461    8.9007    8.5735    8.6108    8.6912
       nan    8.7371    9.1258    8.6688    8.3557    9.1100    8.9064    8.7091    8.6034    8.3463
       nan    7.9191    7.3060    8.0695    7.7850    7.7764    7.6373    7.6612    7.6982    7.5532
       nan    7.9308    8.1504    8.4344    8.1809    7.9815    8.0620    7.9149    7.8253    7.9132
       nan    7.7037    8.0919    8.0315    8.0081    7.7744    7.6344    7.7535    7.6209    7.5041
       nan    8.1122    6.9844    7.6291    7.8811    7.5578    7.6808    7.7138    7.7214    7.7898
       nan    7.7634    7.2843    7.5618    7.4218    7.5273    7.6117    7.6135    7.6426    7.7753
       nan    7.9590    6.8672    6.6632    6.9265    7.1957    7.0964    6.9344    7.1077    6.8980
       nan    5.2801    5.2454    5.4706    5.9124    6.0769    6.1026    6.1408    6.1641    6.3354
       nan    6.3930    6.2450    6.1825    6.0977    6.4501    6.2913    6.3703    6.2690    6.1486
       nan    5.1964    5.7149    5.5838    5.9451    6.0775    6.1282    6.0770    6.2793    6.2113
       nan    5.2242    5.5572    5.6044    5.6556    5.4577    5.3761    5.4637    5.6214    5.6239
       nan    6.3039    5.7519    5.5962    5.7379    5.8921    5.9518    5.7983    5.9594    5.9838
       nan    6.9085    6.2695    5.9126    6.1130    5.9047    5.8384    5.7745    5.7871    5.7507
       nan    5.2660    5.7855    5.6056    5.7988    6.2029    6.1012    5.9519    5.8635    5.7121
       nan    5.3672    5.9948    5.7207    5.5637    5.6632    5.7904    5.8355    5.8034    5.7831
       nan    5.4803    5.6433    5.6761    5.5773    5.5115    5.5932    5.7353    5.6317    5.7136
       nan    4.7587    4.4785    5.1565    5.3173    5.3741    5.3847    5.5092    5.3994    5.3564
       nan    4.5889    4.8917    4.6893    4.5782    4.6786    4.7365    4.7331    4.6829    4.6273
       nan    4.8144    5.0943    4.7955    4.6850    4.8050    4.8848    4.7692    4.7318    4.8209

        0        0        0        0        0        0        0        0        0        0
        0        0        0        0        0        0        0        0        0        0
        0        0        0        0        0        0        0        0        0        0
        0        0        0        0        0        0        0        0        0        0
        0        0        0        0        0        0        0        0        0        0
        0        0        0        0        0        0        0        0        0        0
        0        0        0        0        0        0        0        0        0        0
        0        0        0        0        0        0        0        0        0        0
        0        0        0        0        0        0        0        0        0        0
        0        0        0        0        0        0        0        0        0        0
        0        0        0        0        0        0        0        0        0        0
        0        0        0        0        0        0        0        0        0        0
        0        0        0        0        0        0        0        0        0        0
        0        0        0        0        0        0        0        0        0        0
        0        0        0        0        0        0        0        0        0        0
        0        0        0        0        0        0        0        0        0        0
        0        0        0        0        0        0        0        0        0        0
        0        0        0        0        0        0        0        0        0        0
        0        0        0        0        0        0        0        0        0        0
        0        0        0        0        0        0        0        0        0        0
        0        0        0        0        0        0        0        0        0        0
        0        0        0        0        0        0        0        0        0        0
        0        0        0        0        0        0        0        0        0        0
        0        0        0        0        0        0        0        0        0        0
        0        0        0        0        0        0        0        0        0        0
        0        0        0        0        0        0        0        0        0        0
        0        0        0        0        0        0        0        0        0        0
        0        0        0        0        0        0        0        0        0        0
        0        0        0        0        0        0        0        0        0        0
        0        0        0        0        0        0        0        0        0        0
        0        0        0        0        0        0        0        0        0        0
        0        0        0        0        0        0        0        0        0        0
        0        0        0        0        0        0        0        0        0        0
        0        0        0        0        0        0        0        0        0        0
        0        0        0        0        0        0        0        0        0        0
        0        0        0        0        0        0        0        0        0        0
        0        0        0        0        0        0        0        0        0        0
        0        0        0        0        0        0        0        0        0        0
        0        0        0        0        0        0        0        0        0        0
        0        0        0        0        0        0        0        0        0        0
        0        0        0        0        0        0        0        0        0        0
        0        0        0        0        0        0        0        0        0        0
        0        0        0        0        0        0        0        0        0        0
        0        0        0        0        0        0        0        0        0        0
        0        0        0        0        0        0        0        0        0        0
        0        0        0        0        0        0        0        0        0        0
        0        0        0        0        0        0        0        0        0        0
        0        0        0        0        0        0        0        0        0        0
        0        0        0        0        0        0        0        0        0        0
        0        0        0        0        0        0        0        0        0        0
        0        0        0        0        0        0        0        0        0        0
        0        0        0        0        0        0        0        0        0        0
        0        0        0        0        0        0        0        0        0        0
        0        0        0        0        0        0        0        0        0        0
        0        0        0        0        0        0        0        0        0        0
        0        0        0        0        0        0        0        0        0        0
        0        0        0        0        0        0        0        0        0        0
        0        0        0        0        0        0        0        0        0        0
        0        0        0        0        0        0        0        0        0        0
        0        0        0        0        0        0        0        0        0        0
        0        0        0        0        0        0        0        0        0        0
        0        0        0        0        0        0        0        0        0        0
        0        0        0        0        0        0        0        0        0        0
        0        0        0        0        0        0        0        0        0        0
        0        0        0        0        0        0        0        0        0        0
        0        0        0        0        0        0        0        0        0        0
        0        0        0        0        0        0        0        0        0        0
        0        0        0        0        0        0        0        0        0        0
        0        0        0        0        0        0        0        0        0        0
        0        0        0        0        0        0        0        0        0        0
        0        0        0        0        0        0        0        0        0        0
        0        0        0        0        0        0        0        0        0        0
        0        0        0        0        0        0        0        0        0        0
        0        0        0        0        0        0        0        0        0        0
        0        0        0        0        0        0        0        0        0        0
        0        0        0        0        0        0        0        0        0        0
        0        0        0        0        0        0        0        0        0        0
        0        0        0        0        0        0        0        0        0        0
        0        0        0        0        0        0        0        0        0        0
        0        0        0        0        0        0        0        0        0        0
        0        0        0        0        0        0        0        0        0        0
        0        0        0        0        0        0        0        0        0        0
        0        0        0        0        0        0        0        0        0        0
        0        0        0        0        0        0        0        0        0        0
        0        0        0        0        0        0        0        0        0        0
        0        0        0        0        0        0        0        0        0        0
        0        0        0        0        0        0        0        0        0        0
        0        0        0        0        0        0        0        0        0        0
        0        0        0        0        0        0        0        0        0        0
        0        0        0        0        0        0        0        0        0        0
      inf   0.6081   0.4556   0.4042   0.3792   0.3636   0.3537   0.3465   0.3407   0.3364
      inf   0.6133   0.4588   0.4074   0.3821   0.3666   0.3565   0.3494   0.3438   0.3397
      inf   0.6152   0.4616   0.4098   0.3842   0.3681   0.3574   0.3503   0.3445   0.3404
      inf   0.6224   0.4662   0.4135   0.3877   0.3723   0.3622   0.3545   0.3488   0.3445
      inf   0.6199   0.4669   0.4158   0.3899   0.3736   0.3633   0.3560   0.3502   0.3461
      inf   0.6242   0.4672   0.4156   0.3898   0.3748   0.3647   0.3570   0.3517   0.3474
      inf   0.6266   0.4696   0.4185   0.3929   0.3771   0.3670   0.3596   0.3542   0.3500
      inf   0.6317   0.4752   0.4227   0.3960   0.3802   0.3695   0.3619   0.3567   0.3522
      inf   0.6389   0.4792   0.4251   0.3985   0.3828   0.3722   0.3645   0.3589   0.3548
      inf   0.6438   0.4826   0.4285   0.4016   0.3852   0.3744   0.3667   0.3611   0.3567
      inf   0.6473   0.4856   0.4322   0.4057   0.3888   0.3776   0.3698   0.3640   0.3596
      inf   0.6488   0.4871   0.4332   0.4065   0.3902   0.3792   0.3714   0.3656   0.3611
      inf   0.6511   0.4896   0.4351   0.4083   0.3922   0.3816   0.3737   0.3680   0.3636
      inf   0.6563   0.4921   0.4371   0.4100   0.3936   0.3829   0.3754   0.3698   0.3652
      inf   0.6618   0.4952   0.4399   0.4124   0.3959   0.3850   0.3775   0.3716   0.3672
      inf   0.6655   0.4996   0.4442   0.4160   0.3997   0.3883   0.3803   0.3742   0.3696
      inf   0.6687   0.5016   0.4454   0.4177   0.4006   0.3892   0.3814   0.3753   0.3705
      inf   0.6719   0.5044   0.4485   0.4206   0.4036   0.3924   0.3844   0.3783   0.3738
      inf   0.6746   0.5064   0.4500   0.4221   0.4054   0.3943   0.3863   0.3801   0.3752
      inf   0.6769   0.5090   0.4519   0.4242   0.4069   0.3959   0.3879   0.3820   0.3777
      inf   0.6816   0.5113   0.4544   0.4262   0.4089   0.3975   0.3895   0.3834   0.3787
      inf   0.6860   0.5143   0.4574   0.4288   0.4118   0.4003   0.3921   0.3860   0.3813
      inf   0.6899   0.5171   0.4603   0.4316   0.4140   0.4025   0.3945   0.3881   0.3833
      inf   0.6903   0.5186   0.4608   0.4318   0.4149   0.4037   0.3956   0.3894   0.3847
      inf   0.6945   0.5210   0.4631   0.4343   0.4168   0.4054   0.3972   0.3911   0.3865
      inf   0.7003   0.5254   0.4660   0.4371   0.4193   0.4076   0.3994   0.3932   0.3885
      inf   0.7009   0.5270   0.4687   0.4395   0.4217   0.4102   0.4016   0.3954   0.3906
      inf   0.7070   0.5301   0.4707   0.4412   0.4234   0.4117   0.4031   0.3967   0.3918
      inf   0.7096   0.5323   0.4731   0.4437   0.4258   0.4141   0.4056   0.3993   0.3944
      inf   0.7131   0.5354   0.4753   0.4456   0.4276   0.4157   0.4072   0.4010   0.3960

