   2.0000
   2.0050
   2.0100
   2.0150
   2.0200
   2.0250
   2.0300
   2.0350
   2.0400
   2.0450
   2.0500
   2.0550
   2.0600
   2.0650
   2.0700
   2.0750
   2.0800
   2.0850
   2.0900
   2.0950
   2.1000
   2.1050
   2.1100
   2.1150
   2.1200
   2.1250
   2.1300
   2.1350
   2.1400
   2.1450
   2.1500
   2.1550
   2.1600
   2.1650
   2.1700
   2.1750
   2.1800
   2.1850
   2.1900
   2.1950
   2.2000
   2.2050
   2.2100
   2.2150
   2.2200
   2.2250
   2.2300
   2.2350
   2.2400
   2.2450
   2.2500
   2.2550
   2.2600
   2.2650
   2.2700
   2.2750
   2.2800
   2.2850
   2.2900
   2.2950
   2.3000
   2.3050
   2.3100
   2.3150
   2.3200
   2.3250
   2.3300
   2.3350
   2.3400
   2.3450
   2.3500
   2.3550
   2.3600
   2.3650
   2.3700
   2.3750
   2.3800
   2.3850
   2.3900
   2.3950
   2.4000
   2.4050
   2.4100
   2.4150
   2.4200
   2.4250
   2.4300
   2.4350
   2.4400
   2.4450
   2.4500
   2.4550
   2.4600
   2.4650
   2.4700
   2.4750
   2.4800
   2.4850
   2.4900
   2.4950
   2.5000
   2.5050
   2.5100
   2.5150
   2.5200
   2.5250
   2.5300
   2.5350
   2.5400
   2.5450
   2.5500
   2.5550
   2.5600
   2.5650
   2.5700
   2.5750
   2.5800
   2.5850
   2.5900
   2.5950

        0        0        0        0        0        0        0        0        0        0
        0        0        0        0        0        0        0        0        0        0
        0        0        0        0        0        0        0        0        0        0
        0        0        0        0        0        0        0        0        0        0
        0        0        0        0        0        0        0        0        0        0
        0        0        0        0        0        0        0        0        0        0
        0        0        0        0        0        0        0        0        0        0
        0        0        0        0        0        0        0        0        0        0
        0        0        0        0        0        0        0        0        0        0
        0        0        0        0        0        0        0        0        0        0
        0        0        0        0        0        0        0        0        0        0
        0        0        0        0        0        0        0        0        0        0
        0        0        0        0        0        0        0        0        0        0
        0        0        0        0        0        0        0        0        0        0
        0        0        0        0        0        0        0        0        0        0
        0        0        0        0        0        0        0        0        0        0
        0        0        0        0        0        0        0        0        0        0
        0        0        0        0        0        0        0        0        0        0
        0        0        0        0        0        0        0        0        0        0
        0        0        0        0        0        0        0        0        0        0
        0        0        0        0        0        0        0        0        0        0
        0        0        0        0        0        0        0        0        0        0
        0        0        0        0        0        0        0        0        0        0
        0        0        0        0        0        0        0        0        0        0
        0        0        0        0        0        0        0        0        0        0
        0        0        0        0        0        0        0        0        0        0
        0        0        0        0        0        0        0        0        0        0
        0        0        0        0        0        0        0        0        0        0
        0        0        0        0        0        0        0        0        0        0
        0        0        0        0        0        0        0        0        0        0
        0        0        0        0        0        0        0        0        0        0
        0        0        0        0        0        0        0        0        0        0
        0        0        0        0        0        0        0        0        0        0
        0        0        0        0        0        0        0        0        0        0
        0        0        0        0        0        0        0        0        0        0
        0        0        0        0        0        0        0        0        0        0
        0        0        0        0        0        0        0        0        0        0
        0        0        0        0        0        0        0        0        0        0
        0        0        0        0        0        0        0        0        0        0
        0        0        0        0        0        0        0        0        0        0
        0        0        0        0        0        0        0        0        0        0
        0        0        0        0        0        0        0        0        0        0
        0        0        0        0        0        0        0        0        0        0
        0        0        0        0        0        0        0        0        0        0
        0        0        0        0        0        0        0        0        0        0
        0        0        0        0        0        0        0        0        0        0
        0        0        0        0        0        0        0        0        0        0
        0        0        0        0        0        0        0        0        0        0
        0        0        0        0        0        0        0        0        0        0
        0        0        0        0        0        0        0        0        0        0
        0        0        0        0        0        0        0        0        0        0
        0        0        0        0        0        0        0        0        0        0
        0        0        0        0        0        0        0        0        0        0
        0        0        0        0        0        0        0        0        0        0
        0        0        0        0        0        0        0        0        0        0
        0        0        0        0        0        0        0        0        0        0
        0        0        0        0        0        0        0        0        0        0
        0        0        0        0        0        0        0        0        0        0
        0        0        0        0        0        0        0        0        0        0
        0        0        0        0        0        0        0        0        0        0
        0        0        0        0        0        0        0        0        0        0
        0        0        0        0        0        0        0        0        0        0
        0        0        0        0        0        0        0        0        0        0
        0        0        0        0        0        0        0        0        0        0
        0        0        0        0        0        0        0        0        0        0
        0        0        0        0        0        0        0        0        0        0
        0        0        0        0        0        0        0        0        0        0
        0        0        0        0        0        0        0        0        0        0
        0        0        0        0        0        0        0        0        0        0
        0        0        0        0        0        0        0        0        0        0
        0        0        0        0        0        0        0        0        0        0
        0        0        0        0        0        0        0        0        0        0
        0        0        0        0        0        0        0        0        0        0
        0        0        0        0        0        0        0        0        0        0
        0        0        0        0        0        0        0        0        0        0
        0        0        0        0        0        0        0        0        0        0
        0        0        0        0        0        0        0        0        0        0
        0        0        0        0        0        0        0        0        0        0
        0        0        0        0        0        0        0        0        0        0
        0        0        0        0        0        0        0        0        0        0
        0        0        0        0        0        0        0        0        0        0
        0        0        0        0        0        0        0        0        0        0
        0        0        0        0        0        0        0        0        0        0
        0        0        0        0        0        0        0        0        0        0
        0        0        0        0        0        0        0        0        0        0
        0        0        0        0        0        0        0        0        0        0
        0        0        0        0        0        0        0        0        0        0
        0        0        0        0        0        0        0        0        0        0
        0        0        0        0        0        0        0        0        0        0
        0        0        0        0        0        0        0        0        0        0
     -inf  -2.2000  -2.1000  -2.0660  -2.0489  -2.0383  -2.0312  -2.0258  -2.0214  -2.0176
     -inf  -2.1978  -2.0977  -2.0636  -2.0463  -2.0357  -2.0287  -2.0236  -2.0198  -2.0169
     -inf  -2.1982  -2.0980  -2.0646  -2.0479  -2.0379  -2.0312  -2.0264  -2.0223  -2.0189
     -inf  -2.2000  -2.1000  -2.0664  -2.0492  -2.0389  -2.0321  -2.0272  -2.0231  -2.0198
     -inf  -2.2000  -2.1000  -2.0667  -2.0497  -2.0393  -2.0324  -2.0275  -2.0236  -2.0205
     -inf  -2.1980  -2.0976  -2.0636  -2.0466  -2.0360  -2.0283  -2.0223  -2.0179  -2.0143
     -inf  -2.2000  -2.0993  -2.0647  -2.0469  -2.0358  -2.0286  -2.0235  -2.0194  -2.0163
     -inf  -2.1980  -2.0979  -2.0645  -2.0478  -2.0375  -2.0301  -2.0245  -2.0204  -2.0171
     -inf  -2.2000  -2.0990  -2.0653  -2.0484  -2.0383  -2.0315  -2.0265  -2.0226  -2.0196
     -inf  -2.1989  -2.0983  -2.0648  -2.0479  -2.0374  -2.0304  -2.0255  -2.0217  -2.0188
     -inf  -2.1976  -2.0977  -2.0644  -2.0477  -2.0377  -2.0311  -2.0262  -2.0223  -2.0193
     -inf  -2.1976  -2.0970  -2.0632  -2.0462  -2.0356  -2.0286  -2.0234  -2.0194  -2.0160
     -inf  -2.1991  -2.0984  -2.0645  -2.0473  -2.0368  -2.0293  -2.0233  -2.0183  -2.0143
     -inf  -2.1987  -2.0982  -2.0647  -2.0474  -2.0370  -2.0299  -2.0246  -2.0207  -2.0177
     -inf  -2.2000  -2.1000  -2.0660  -2.0489  -2.0380  -2.0305  -2.0250  -2.0208  -2.0174
     -inf  -2.1993  -2.0983  -2.0641  -2.0469  -2.0364  -2.0292  -2.0241  -2.0202  -2.0170
     -inf  -2.2000  -2.1000  -2.0667  -2.0500  -2.0400  -2.0333  -2.0282  -2.0244  -2.0215
     -inf  -2.2000  -2.1000  -2.0662  -2.0486  -2.0380  -2.0307  -2.0248  -2.0203  -2.0166
     -inf  -2.2000  -2.1000  -2.0667  -2.0500  -2.0400  -2.0331  -2.0277  -2.0237  -2.0206
     -inf  -2.2000  -2.1000  -2.0664  -2.0493  -2.0385  -2.0314  -2.0261  -2.0222  -2.0191
     -inf  -2.2000  -2.1000  -2.0667  -2.0500  -2.0400  -2.0333  -2.0284  -2.0242  -2.0206
     -inf  -2.1976  -2.0977  -2.0637  -2.0467  -2.0364  -2.0296  -2.0241  -2.0200  -2.0165
     -inf  -2.2000  -2.1000  -2.0661  -2.0491  -2.0388  -2.0320  -2.0271  -2.0234  -2.0204
     -inf  -2.2000  -2.1000  -2.0662  -2.0491  -2.0388  -2.0317  -2.0266  -2.0227  -2.0197
     -inf  -2.2000  -2.1000  -2.0667  -2.0500  -2.0400  -2.0333  -2.0284  -2.0246  -2.0213
     -inf  -2.1982  -2.0979  -2.0633  -2.0452  -2.0343  -2.0267  -2.0213  -2.0173  -2.0140
     -inf  -2.1956  -2.0950  -2.0611  -2.0442  -2.0340  -2.0272  -2.0223  -2.0185  -2.0153
     -inf  -2.1951  -2.0934  -2.0586  -2.0412  -2.0307  -2.0233  -2.0181  -2.0142  -2.0111
     -inf  -2.2000  -2.0991  -2.0645  -2.0467  -2.0348  -2.0263  -2.0200  -2.0153  -2.0116
     -inf  -2.1989  -2.0983  -2.0648  -2.0481  -2.0380  -2.0313  -2.0264  -2.0225  -2.0195

        0        0        0        0        0        0        0        0        0        0
        0        0        0        0        0        0        0        0        0        0
        0        0        0        0        0        0        0        0        0        0
        0        0        0        0        0        0        0        0        0        0
        0        0        0        0        0        0        0        0        0        0
        0        0        0        0        0        0        0        0        0        0
        0        0        0        0        0        0        0        0        0        0
        0        0        0        0        0        0        0        0        0        0
        0        0        0        0        0        0        0        0        0        0
        0        0        0        0        0        0        0        0        0        0
        0        0        0        0        0        0        0        0        0        0
        0        0        0        0        0        0        0        0        0        0
        0        0        0        0        0        0        0        0        0        0
        0        0        0        0        0        0        0        0        0        0
        0        0        0        0        0        0        0        0        0        0
        0        0        0        0        0        0        0        0        0        0
        0        0        0        0        0        0        0        0        0        0
        0        0        0        0        0        0        0        0        0        0
        0        0        0        0        0        0        0        0        0        0
        0        0        0        0        0        0        0        0        0        0
        0        0        0        0        0        0        0        0        0        0
        0        0        0        0        0        0        0        0        0        0
        0        0        0        0        0        0        0        0        0        0
        0        0        0        0        0        0        0        0        0        0
        0        0        0        0        0        0        0        0        0        0
        0        0        0        0        0        0        0        0        0        0
        0        0        0        0        0        0        0        0        0        0
        0        0        0        0        0        0        0        0        0        0
        0        0        0        0        0        0        0        0        0        0
        0        0        0        0        0        0        0        0        0        0
        0        0        0        0        0        0        0        0        0        0
        0        0        0        0        0        0        0        0        0        0
        0        0        0        0        0        0        0        0        0        0
        0        0        0        0        0        0        0        0        0        0
        0        0        0        0        0        0        0        0        0        0
        0        0        0        0        0        0        0        0        0        0
        0        0        0        0        0        0        0        0        0        0
        0        0        0        0        0        0        0        0        0        0
        0        0        0        0        0        0        0        0        0        0
        0        0        0        0        0        0        0        0        0        0
        0        0        0        0        0        0        0        0        0        0
        0        0        0        0        0        0        0        0        0        0
        0        0        0        0        0        0        0        0        0        0
        0        0        0        0        0        0        0        0        0        0
        0        0        0        0        0        0        0        0        0        0
        0        0        0        0        0        0        0        0        0        0
        0        0        0        0        0        0        0        0        0        0
        0        0        0        0        0        0        0        0        0        0
        0        0        0        0        0        0        0        0        0        0
        0        0        0        0        0        0        0        0        0        0
        0        0        0        0        0        0        0        0        0        0
        0        0        0        0        0        0        0        0        0        0
        0        0        0        0        0        0        0        0        0        0
        0        0        0        0        0        0        0        0        0        0
        0        0        0        0        0        0        0        0        0        0
        0        0        0        0        0        0        0        0        0        0
        0        0        0        0        0        0        0        0        0        0
        0        0        0        0        0        0        0        0        0        0
        0        0        0        0        0        0        0        0        0        0
        0        0        0        0        0        0        0        0        0        0
        0        0        0        0        0        0        0        0        0        0
        0        0        0        0        0        0        0        0        0        0
        0        0        0        0        0        0        0        0        0        0
        0        0        0        0        0        0        0        0        0        0
        0        0        0        0        0        0        0        0        0        0
        0        0        0        0        0        0        0        0        0        0
        0        0        0        0        0        0        0        0        0        0
        0        0        0        0        0        0        0        0        0        0
        0        0        0        0        0        0        0        0        0        0
        0        0        0        0        0        0        0        0        0        0
        0        0        0        0        0        0        0        0        0        0
        0        0        0        0        0        0        0        0        0        0
        0        0        0        0        0        0        0        0        0        0
        0        0        0        0        0        0        0        0        0        0
        0        0        0        0        0        0        0        0        0        0
        0        0        0        0        0        0        0        0        0        0
        0        0        0        0        0        0        0        0        0        0
        0        0        0        0        0        0        0        0        0        0
        0        0        0        0        0        0        0        0        0        0
        0        0        0        0        0        0        0        0        0        0
        0        0        0        0        0        0        0        0        0        0
        0        0        0        0        0        0        0        0        0        0
        0        0        0        0        0        0        0        0        0        0
        0        0        0        0        0        0        0        0        0        0
        0        0        0        0        0        0        0        0        0        0
        0        0        0        0        0        0        0        0        0        0
        0        0        0        0        0        0        0        0        0        0
        0        0        0        0        0        0        0        0        0        0
        0        0        0        0        0        0        0        0        0        0
        0        0        0        0        0        0        0        0        0        0
      inf   1.1000   1.0500   1.0332   1.0247   1.0196   1.0161   1.0136   1.0116   1.0100
      inf   1.0994   1.0494   1.0326   1.0241   1.0189   1.0155   1.0130   1.0112   1.0098
      inf   1.0996   1.0495   1.0328   1.0245   1.0195   1.0161   1.0137   1.0118   1.0103
      inf   1.1000   1.0500   1.0333   1.0248   1.0197   1.0164   1.0139   1.0120   1.0105
      inf   1.1000   1.0500   1.0333   1.0249   1.0198   1.0164   1.0140   1.0122   1.0107
      inf   1.0995   1.0494   1.0326   1.0241   1.0190   1.0154   1.0127   1.0107   1.0091
      inf   1.1000   1.0498   1.0329   1.0242   1.0190   1.0155   1.0130   1.0111   1.0096
      inf   1.0995   1.0495   1.0328   1.0245   1.0194   1.0159   1.0133   1.0113   1.0098
      inf   1.1000   1.0497   1.0330   1.0246   1.0196   1.0162   1.0138   1.0119   1.0105
      inf   1.0997   1.0496   1.0329   1.0245   1.0194   1.0159   1.0135   1.0117   1.0103
      inf   1.0994   1.0494   1.0328   1.0244   1.0194   1.0161   1.0137   1.0118   1.0104
      inf   1.0994   1.0493   1.0325   1.0240   1.0189   1.0155   1.0130   1.0111   1.0096
      inf   1.0998   1.0496   1.0328   1.0243   1.0192   1.0156   1.0130   1.0108   1.0091
      inf   1.0997   1.0496   1.0328   1.0243   1.0193   1.0158   1.0133   1.0114   1.0100
      inf   1.1000   1.0500   1.0332   1.0247   1.0195   1.0160   1.0134   1.0115   1.0099
      inf   1.0998   1.0496   1.0327   1.0242   1.0191   1.0156   1.0132   1.0113   1.0098
      inf   1.1000   1.0500   1.0333   1.0250   1.0200   1.0167   1.0142   1.0124   1.0109
      inf   1.1000   1.0500   1.0332   1.0247   1.0195   1.0160   1.0133   1.0113   1.0097
      inf   1.1000   1.0500   1.0333   1.0250   1.0200   1.0166   1.0141   1.0122   1.0107
      inf   1.1000   1.0500   1.0333   1.0248   1.0196   1.0162   1.0136   1.0117   1.0102
      inf   1.1000   1.0500   1.0333   1.0250   1.0200   1.0167   1.0142   1.0122   1.0106
      inf   1.0994   1.0494   1.0326   1.0242   1.0191   1.0157   1.0132   1.0112   1.0097
      inf   1.1000   1.0500   1.0332   1.0248   1.0197   1.0163   1.0139   1.0121   1.0106
      inf   1.1000   1.0500   1.0332   1.0248   1.0197   1.0163   1.0138   1.0119   1.0105
      inf   1.1000   1.0500   1.0333   1.0250   1.0200   1.0167   1.0143   1.0124   1.0109
      inf   1.0996   1.0495   1.0325   1.0238   1.0186   1.0150   1.0125   1.0106   1.0090
      inf   1.0989   1.0488   1.0319   1.0235   1.0185   1.0151   1.0127   1.0108   1.0093
      inf   1.0988   1.0484   1.0313   1.0228   1.0177   1.0142   1.0117   1.0098   1.0083
      inf   1.1000   1.0498   1.0328   1.0242   1.0187   1.0149   1.0122   1.0101   1.0085
      inf   1.0997   1.0496   1.0329   1.0245   1.0195   1.0162   1.0137   1.0119   1.0104

        0        0        0        0        0        0        0        0        0        0
        0        0        0        0        0        0        0        0        0        0
        0        0        0        0        0        0        0        0        0        0
        0        0        0        0        0        0        0        0        0        0
        0        0        0        0        0        0        0        0        0        0
        0        0        0        0        0        0        0        0        0        0
        0        0        0        0        0        0        0        0        0        0
        0        0        0        0        0        0        0        0        0        0
        0        0        0        0        0        0        0        0        0        0
        0        0        0        0        0        0        0        0        0        0
        0        0        0        0        0        0        0        0        0        0
        0        0        0        0        0        0        0        0        0        0
        0        0        0        0        0        0        0        0        0        0
        0        0        0        0        0        0        0        0        0        0
        0        0        0        0        0        0        0        0        0        0
        0        0        0        0        0        0        0        0        0        0
        0        0        0        0        0        0        0        0        0        0
        0        0        0        0        0        0        0        0        0        0
        0        0        0        0        0        0        0        0        0        0
        0        0        0        0        0        0        0        0        0        0
        0        0        0        0        0        0        0        0        0        0
        0        0        0        0        0        0        0        0        0        0
        0        0        0        0        0        0        0        0        0        0
        0        0        0        0        0        0        0        0        0        0
        0        0        0        0        0        0        0        0        0        0
        0        0        0        0        0        0        0        0        0        0
        0        0        0        0        0        0        0        0        0        0
        0        0        0        0        0        0        0        0        0        0
        0        0        0        0        0        0        0        0        0        0
        0        0        0        0        0        0        0        0        0        0
        0        0        0        0        0        0        0        0        0        0
        0        0        0        0        0        0        0        0        0        0
        0        0        0        0        0        0        0        0        0        0
        0        0        0        0        0        0        0        0        0        0
        0        0        0        0        0        0        0        0        0        0
        0        0        0        0        0        0        0        0        0        0
        0        0        0        0        0        0        0        0        0        0
        0        0        0        0        0        0        0        0        0        0
        0        0        0        0        0        0        0        0        0        0
        0        0        0        0        0        0        0        0        0        0
        0        0        0        0        0        0        0        0        0        0
        0        0        0        0        0        0        0        0        0        0
        0        0        0        0        0        0        0        0        0        0
        0        0        0        0        0        0        0        0        0        0
        0        0        0        0        0        0        0        0        0        0
        0        0        0        0        0        0        0        0        0        0
        0        0        0        0        0        0        0        0        0        0
        0        0        0        0        0        0        0        0        0        0
        0        0        0        0        0        0        0        0        0        0
        0        0        0        0        0        0        0        0        0        0
        0        0        0        0        0        0        0        0        0        0
        0        0        0        0        0        0        0        0        0        0
        0        0        0        0        0        0        0        0        0        0
        0        0        0        0        0        0        0        0        0        0
        0        0        0        0        0        0        0        0        0        0
        0        0        0        0        0        0        0        0        0        0
        0        0        0        0        0        0        0        0        0        0
        0        0        0        0        0        0        0        0        0        0
        0        0        0        0        0        0        0        0        0        0
        0        0        0        0        0        0        0        0        0        0
        0        0        0        0        0        0        0        0        0        0
        0        0        0        0        0        0        0        0        0        0
        0        0        0        0        0        0        0        0        0        0
        0        0        0        0        0        0        0        0        0        0
        0        0        0        0        0        0        0        0        0        0
        0        0        0        0        0        0        0        0        0        0
        0        0        0        0        0        0        0        0        0        0
        0        0        0        0        0        0        0        0        0        0
        0        0        0        0        0        0        0        0        0        0
        0        0        0        0        0        0        0        0        0        0
        0        0        0        0        0        0        0        0        0        0
        0        0        0        0        0        0        0        0        0        0
        0        0        0        0        0        0        0        0        0        0
        0        0        0        0        0        0        0        0        0        0
        0        0        0        0        0        0        0        0        0        0
        0        0        0        0        0        0        0        0        0        0
        0        0        0        0        0        0        0        0        0        0
        0        0        0        0        0        0        0        0        0        0
        0        0        0        0        0        0        0        0        0        0
        0        0        0        0        0        0        0        0        0        0
        0        0        0        0        0        0        0        0        0        0
        0        0        0        0        0        0        0        0        0        0
        0        0        0        0        0        0        0        0        0        0
        0        0        0        0        0        0        0        0        0        0
        0        0        0        0        0        0        0        0        0        0
        0        0        0        0        0        0        0        0        0        0
        0        0        0        0        0        0        0        0        0        0
        0        0        0        0        0        0        0        0        0        0
        0        0        0        0        0        0        0        0        0        0
        0        0        0        0        0        0        0        0        0        0
      inf   1.1000   1.0500   1.0332   1.0247   1.0196   1.0161   1.0136   1.0116   1.0100
      inf   1.0994   1.0494   1.0326   1.0241   1.0189   1.0155   1.0130   1.0112   1.0098
      inf   1.0996   1.0495   1.0328   1.0245   1.0195   1.0161   1.0137   1.0118   1.0103
      inf   1.1000   1.0500   1.0333   1.0248   1.0197   1.0164   1.0139   1.0120   1.0105
      inf   1.1000   1.0500   1.0333   1.0249   1.0198   1.0164   1.0140   1.0122   1.0107
      inf   1.0995   1.0494   1.0326   1.0241   1.0190   1.0154   1.0127   1.0107   1.0091
      inf   1.1000   1.0498   1.0329   1.0242   1.0190   1.0155   1.0130   1.0111   1.0096
      inf   1.0995   1.0495   1.0328   1.0245   1.0194   1.0159   1.0133   1.0113   1.0098
      inf   1.1000   1.0497   1.0330   1.0246   1.0196   1.0162   1.0138   1.0119   1.0105
      inf   1.0997   1.0496   1.0329   1.0245   1.0194   1.0159   1.0135   1.0117   1.0103
      inf   1.0994   1.0494   1.0328   1.0244   1.0194   1.0161   1.0137   1.0118   1.0104
      inf   1.0994   1.0493   1.0325   1.0240   1.0189   1.0155   1.0130   1.0111   1.0096
      inf   1.0998   1.0496   1.0328   1.0243   1.0192   1.0156   1.0130   1.0108   1.0091
      inf   1.0997   1.0496   1.0328   1.0243   1.0193   1.0158   1.0133   1.0114   1.0100
      inf   1.1000   1.0500   1.0332   1.0247   1.0195   1.0160   1.0134   1.0115   1.0099
      inf   1.0998   1.0496   1.0327   1.0242   1.0191   1.0156   1.0132   1.0113   1.0098
      inf   1.1000   1.0500   1.0333   1.0250   1.0200   1.0167   1.0142   1.0124   1.0109
      inf   1.1000   1.0500   1.0332   1.0247   1.0195   1.0160   1.0133   1.0113   1.0097
      inf   1.1000   1.0500   1.0333   1.0250   1.0200   1.0166   1.0141   1.0122   1.0107
      inf   1.1000   1.0500   1.0333   1.0248   1.0196   1.0162   1.0136   1.0117   1.0102
      inf   1.1000   1.0500   1.0333   1.0250   1.0200   1.0167   1.0142   1.0122   1.0106
      inf   1.0994   1.0494   1.0326   1.0242   1.0191   1.0157   1.0132   1.0112   1.0097
      inf   1.1000   1.0500   1.0332   1.0248   1.0197   1.0163   1.0139   1.0121   1.0106
      inf   1.1000   1.0500   1.0332   1.0248   1.0197   1.0163   1.0138   1.0119   1.0105
      inf   1.1000   1.0500   1.0333   1.0250   1.0200   1.0167   1.0143   1.0124   1.0109
      inf   1.0996   1.0495   1.0325   1.0238   1.0186   1.0150   1.0125   1.0106   1.0090
      inf   1.0989   1.0488   1.0319   1.0235   1.0185   1.0151   1.0127   1.0108   1.0093
      inf   1.0988   1.0484   1.0313   1.0228   1.0177   1.0142   1.0117   1.0098   1.0083
      inf   1.1000   1.0498   1.0328   1.0242   1.0187   1.0149   1.0122   1.0101   1.0085
      inf   1.0997   1.0496   1.0329   1.0245   1.0195   1.0162   1.0137   1.0119   1.0104

            0            0            0            0            0            0            0            0            0            0
            0            0            0            0            0            0            0            0            0            0
            0            0            0            0            0            0            0            0            0            0
            0            0            0            0            0            0            0            0            0            0
            0            0            0            0            0            0            0            0            0            0
            0            0            0            0            0            0            0            0            0            0
            0            0            0            0            0            0            0            0            0            0
            0            0            0            0            0            0            0            0            0            0
            0            0            0            0            0            0            0            0            0            0
            0            0            0            0            0            0            0            0            0            0
            0            0            0            0            0            0            0            0            0            0
            0            0            0            0            0            0            0            0            0            0
            0            0            0            0            0            0            0            0            0            0
            0            0            0            0            0            0            0            0            0            0
            0            0            0            0            0            0            0            0            0            0
            0            0            0            0            0            0            0            0            0            0
            0            0            0            0            0            0            0            0            0            0
            0            0            0            0            0            0            0            0            0            0
            0            0            0            0            0            0            0            0            0            0
            0            0            0            0            0            0            0            0            0            0
            0            0            0            0            0            0            0            0            0            0
            0            0            0            0            0            0            0            0            0            0
            0            0            0            0            0            0            0            0            0            0
            0            0            0            0            0            0            0            0            0            0
            0            0            0            0            0            0            0            0            0            0
            0            0            0            0            0            0            0            0            0            0
            0            0            0            0            0            0            0            0            0            0
            0            0            0            0            0            0            0            0            0            0
            0            0            0            0            0            0            0            0            0            0
            0            0            0            0            0            0            0            0            0            0
            0            0            0            0            0            0            0            0            0            0
            0            0            0            0            0            0            0            0            0            0
            0            0            0            0            0            0            0            0            0            0
            0            0            0            0            0            0            0            0            0            0
            0            0            0            0            0            0            0            0            0            0
            0            0            0            0            0            0            0            0            0            0
            0            0            0            0            0            0            0            0            0            0
            0            0            0            0            0            0            0            0            0            0
            0            0            0            0            0            0            0            0            0            0
            0            0            0            0            0            0            0            0            0            0
            0            0            0            0            0            0            0            0            0            0
            0            0            0            0            0            0            0            0            0            0
            0            0            0            0            0            0            0            0            0            0
            0            0            0            0            0            0            0            0            0            0
            0            0            0            0            0            0            0            0            0            0
            0            0            0            0            0            0            0            0            0            0
            0            0            0            0            0            0            0            0            0            0
            0            0            0            0            0            0            0            0            0            0
            0            0            0            0            0            0            0            0            0            0
            0            0            0            0            0            0            0            0            0            0
            0            0            0            0            0            0            0            0            0            0
            0            0            0            0            0            0            0            0            0            0
            0            0            0            0            0            0            0            0            0            0
            0            0            0            0            0            0            0            0            0            0
            0            0            0            0            0            0            0            0            0            0
            0            0            0            0            0            0            0            0            0            0
            0            0            0            0            0            0            0            0            0            0
            0            0            0            0            0            0            0            0            0            0
            0            0            0            0            0            0            0            0            0            0
            0            0            0            0            0            0            0            0            0            0
            0            0            0            0            0            0            0            0            0            0
            0            0            0            0            0            0            0            0            0            0
            0            0            0            0            0            0            0            0            0            0
            0            0            0            0            0            0            0            0            0            0
            0            0            0            0            0            0            0            0            0            0
            0            0            0            0            0            0            0            0            0            0
            0            0            0            0            0            0            0            0            0            0
            0            0            0            0            0            0            0            0            0            0
            0            0            0            0            0            0            0            0            0            0
            0            0            0            0            0            0            0            0            0            0
            0            0            0            0            0            0            0            0            0            0
            0            0            0            0            0            0            0            0            0            0
            0            0            0            0            0            0            0            0            0            0
            0            0            0            0            0            0            0            0            0            0
            0            0            0            0            0            0            0            0            0            0
            0            0            0            0            0            0            0            0            0            0
            0            0            0            0            0            0            0            0            0            0
            0            0            0            0            0            0            0            0            0            0
            0            0            0            0            0            0            0            0            0            0
            0            0            0            0            0            0            0            0            0            0
            0            0            0            0            0            0            0            0            0            0
            0            0            0            0            0            0            0            0            0            0
            0            0            0            0            0            0            0            0            0            0
            0            0            0            0            0            0            0            0            0            0
            0            0            0            0            0            0            0            0            0            0
            0            0            0            0            0            0            0            0            0            0
            0            0            0            0            0            0            0            0            0            0
            0            0            0            0            0            0            0            0            0            0
            0            0            0            0            0            0            0            0            0            0
            0            0            0            0            0            0            0            0            0            0
          nan  -2.6389e+02  -1.2595e+02  -8.2578e+01  -6.1410e+01  -4.8857e+01  -4.0562e+01  -3.4662e+01  -3.0250e+01  -2.6819e+01
          nan  -2.6229e+02  -1.2516e+02  -8.2053e+01  -6.1004e+01  -4.8535e+01  -4.0296e+01  -3.4448e+01  -3.0082e+01  -2.6699e+01
          nan  -2.6133e+02  -1.2469e+02  -8.1797e+01  -6.0850e+01  -4.8441e+01  -4.0235e+01  -3.4406e+01  -3.0035e+01  -2.6641e+01
          nan  -2.6069e+02  -1.2442e+02  -8.1606e+01  -6.0682e+01  -4.8295e+01  -4.0106e+01  -3.4291e+01  -2.9937e+01  -2.6559e+01
          nan  -2.5963e+02  -1.2392e+02  -8.1299e+01  -6.0466e+01  -4.8118e+01  -3.9957e+01  -3.4162e+01  -2.9831e+01  -2.6470e+01
          nan  -2.5812e+02  -1.2313e+02  -8.0727e+01  -6.0035e+01  -4.7766e+01  -3.9628e+01  -3.3843e+01  -2.9531e+01  -2.6191e+01
          nan  -2.5754e+02  -1.2284e+02  -8.0492e+01  -5.9810e+01  -4.7561e+01  -3.9483e+01  -3.3749e+01  -2.9464e+01  -2.6143e+01
          nan  -2.5604e+02  -1.2218e+02  -8.0154e+01  -5.9629e+01  -4.7454e+01  -3.9385e+01  -3.3650e+01  -2.9373e+01  -2.6060e+01
          nan  -2.5548e+02  -1.2182e+02  -7.9889e+01  -5.9421e+01  -4.7299e+01  -3.9284e+01  -3.3584e+01  -2.9325e+01  -2.6025e+01
          nan  -2.5420e+02  -1.2125e+02  -7.9535e+01  -5.9154e+01  -4.7070e+01  -3.9084e+01  -3.3415e+01  -2.9181e+01  -2.5900e+01
          nan  -2.5288e+02  -1.2069e+02  -7.9184e+01  -5.8909e+01  -4.6897e+01  -3.8953e+01  -3.3305e+01  -2.9083e+01  -2.5808e+01
          nan  -2.5187e+02  -1.2013e+02  -7.8777e+01  -5.8584e+01  -4.6611e+01  -3.8700e+01  -3.3080e+01  -2.8879e+01  -2.5619e+01
          nan  -2.5122e+02  -1.1982e+02  -7.8564e+01  -5.8414e+01  -4.6480e+01  -3.8571e+01  -3.2937e+01  -2.8722e+01  -2.5457e+01
          nan  -2.5012e+02  -1.1932e+02  -7.8264e+01  -5.8188e+01  -4.6306e+01  -3.8442e+01  -3.2857e+01  -2.8689e+01  -2.5459e+01
          nan  -2.4943e+02  -1.1905e+02  -7.8054e+01  -5.8046e+01  -4.6163e+01  -3.8312e+01  -3.2737e+01  -2.8574e+01  -2.5346e+01
          nan  -2.4830e+02  -1.1839e+02  -7.7599e+01  -5.7703e+01  -4.5909e+01  -3.8112e+01  -3.2579e+01  -2.8448e+01  -2.5240e+01
          nan  -2.4747e+02  -1.1811e+02  -7.7489e+01  -5.7648e+01  -4.5894e+01  -3.8118e+01  -3.2586e+01  -2.8456e+01  -2.5254e+01
          nan  -2.4649e+02  -1.1764e+02  -7.7150e+01  -5.7341e+01  -4.5621e+01  -3.7870e+01  -3.2341e+01  -2.8219e+01  -2.5023e+01
          nan  -2.4552e+02  -1.1718e+02  -7.6880e+01  -5.7195e+01  -4.5533e+01  -3.7810e+01  -3.2313e+01  -2.8210e+01  -2.5032e+01
          nan  -2.4456e+02  -1.1672e+02  -7.6562e+01  -5.6930e+01  -4.5287e+01  -3.7597e+01  -3.2134e+01  -2.8056e+01  -2.4896e+01
          nan  -2.4360e+02  -1.1626e+02  -7.6278e+01  -5.6747e+01  -4.5176e+01  -3.7524e+01  -3.2083e+01  -2.8002e+01  -2.4835e+01
          nan  -2.4211e+02  -1.1555e+02  -7.5762e+01  -5.6341e+01  -4.4842e+01  -3.7239e+01  -3.1819e+01  -2.7776e+01  -2.4638e+01
          nan  -2.4170e+02  -1.1536e+02  -7.5645e+01  -5.6252e+01  -4.4771e+01  -3.7181e+01  -3.1790e+01  -2.7765e+01  -2.4639e+01
          nan  -2.4076e+02  -1.1491e+02  -7.5356e+01  -5.6036e+01  -4.4598e+01  -3.7027e+01  -3.1650e+01  -2.7636e+01  -2.4526e+01
          nan  -2.3982e+02  -1.1446e+02  -7.5096e+01  -5.5868e+01  -4.4476e+01  -3.6942e+01  -3.1587e+01  -2.7582e+01  -2.4468e+01
          nan  -2.3850e+02  -1.1379e+02  -7.4555e+01  -5.5387e+01  -4.4048e+01  -3.6552e+01  -3.1235e+01  -2.7268e+01  -2.4191e+01
          nan  -2.3701e+02  -1.1303e+02  -7.4114e+01  -5.5119e+01  -4.3872e+01  -3.6436e+01  -3.1153e+01  -2.7202e+01  -2.4137e+01
          nan  -2.3599e+02  -1.1243e+02  -7.3643e+01  -5.4742e+01  -4.3556e+01  -3.6151e+01  -3.0898e+01  -2.6978e+01  -2.3940e+01
          nan  -2.3613e+02  -1.1260e+02  -7.3784e+01  -5.4828e+01  -4.3554e+01  -3.6105e+01  -3.0819e+01  -2.6883e+01  -2.3838e+01
          nan  -2.3499e+02  -1.1209e+02  -7.3523e+01  -5.4692e+01  -4.3537e+01  -3.6161e+01  -3.0918e+01  -2.6997e+01  -2.3959e+01

            0            0            0            0            0            0            0            0            0            0
            0            0            0            0            0            0            0            0            0            0
            0            0            0            0            0            0            0            0            0            0
            0            0            0            0            0            0            0            0            0            0
            0            0            0            0            0            0            0            0            0            0
            0            0            0            0            0            0            0            0            0            0
            0            0            0            0            0            0            0            0            0            0
            0            0            0            0            0            0            0            0            0            0
            0            0            0            0            0            0            0            0            0            0
            0            0            0            0            0            0            0            0            0            0
            0            0            0            0            0            0            0            0            0            0
            0            0            0            0            0            0            0            0            0            0
            0            0            0            0            0            0            0            0            0            0
            0            0            0            0            0            0            0            0            0            0
            0            0            0            0            0            0            0            0            0            0
            0            0            0            0            0            0            0            0            0            0
            0            0            0            0            0            0            0            0            0            0
            0            0            0            0            0            0            0            0            0            0
            0            0            0            0            0            0            0            0            0            0
            0            0            0            0            0            0            0            0            0            0
            0            0            0            0            0            0            0            0            0            0
            0            0            0            0            0            0            0            0            0            0
            0            0            0            0            0            0            0            0            0            0
            0            0            0            0            0            0            0            0            0            0
            0            0            0            0            0            0            0            0            0            0
            0            0            0            0            0            0            0            0            0            0
            0            0            0            0            0            0            0            0            0            0
            0            0            0            0            0            0            0            0            0            0
            0            0            0            0            0            0            0            0            0            0
            0            0            0            0            0            0            0            0            0            0
            0            0            0            0            0            0            0            0            0            0
            0            0            0            0            0            0            0            0            0            0
            0            0            0            0            0            0            0            0            0            0
            0            0            0            0            0            0            0            0            0            0
            0            0            0            0            0            0            0            0            0            0
            0            0            0            0            0            0            0            0            0            0
            0            0            0            0            0            0            0            0            0            0
            0            0            0            0            0            0            0            0            0            0
            0            0            0            0            0            0            0            0            0            0
            0            0            0            0            0            0            0            0            0            0
            0            0            0            0            0            0            0            0            0            0
            0            0            0            0            0            0            0            0            0            0
            0            0            0            0            0            0            0            0            0            0
            0            0            0            0            0            0            0            0            0            0
            0            0            0            0            0            0            0            0            0            0
            0            0            0            0            0            0            0            0            0            0
            0            0            0            0            0            0            0            0            0            0
            0            0            0            0            0            0            0            0            0            0
            0            0            0            0            0            0            0            0            0            0
            0            0            0            0            0            0            0            0            0            0
            0            0            0            0            0            0            0            0            0            0
            0            0            0            0            0            0            0            0            0            0
            0            0            0            0            0            0            0            0            0            0
            0            0            0            0            0            0            0            0            0            0
            0            0            0            0            0            0            0            0            0            0
            0            0            0            0            0            0            0            0            0            0
            0            0            0            0            0            0            0            0            0            0
            0            0            0            0            0            0            0            0            0            0
            0            0            0            0            0            0            0            0            0            0
            0            0            0            0            0            0            0            0            0            0
            0            0            0            0            0            0            0            0            0            0
            0            0            0            0            0            0            0            0            0            0
            0            0            0            0            0            0            0            0            0            0
            0            0            0            0            0            0            0            0            0            0
            0            0            0            0            0            0            0            0            0            0
            0            0            0            0            0            0            0            0            0            0
            0            0            0            0            0            0            0            0            0            0
            0            0            0            0            0            0            0            0            0            0
            0            0            0            0            0            0            0            0            0            0
            0            0            0            0            0            0            0            0            0            0
            0            0            0            0            0            0            0            0            0            0
            0            0            0            0            0            0            0            0            0            0
            0            0            0            0            0            0            0            0            0            0
            0            0            0            0            0            0            0            0            0            0
            0            0            0            0            0            0            0            0            0            0
            0            0            0            0            0            0            0            0            0            0
            0            0            0            0            0            0            0            0            0            0
            0            0            0            0            0            0            0            0            0            0
            0            0            0            0            0            0            0            0            0            0
            0            0            0            0            0            0            0            0            0            0
            0            0            0            0            0            0            0            0            0            0
            0            0            0            0            0            0            0            0            0            0
            0            0            0            0            0            0            0            0            0            0
            0            0            0            0            0            0            0            0            0            0
            0            0            0            0            0            0            0            0            0            0
            0            0            0            0            0            0            0            0            0            0
            0            0            0            0            0            0            0            0            0            0
            0            0            0            0            0            0            0            0            0            0
            0            0            0            0            0            0            0            0            0            0
            0            0            0            0            0            0            0            0            0            0
          nan  -1.6163e+02  -7.7143e+01  -5.0596e+01  -3.7634e+01  -2.9950e+01  -2.4871e+01  -2.1261e+01  -1.8563e+01  -1.6469e+01
          nan  -1.6114e+02  -7.6900e+01  -5.0435e+01  -3.7509e+01  -2.9852e+01  -2.4790e+01  -2.1196e+01  -1.8511e+01  -1.6431e+01
          nan  -1.6085e+02  -7.6756e+01  -5.0356e+01  -3.7461e+01  -2.9822e+01  -2.4771e+01  -2.1182e+01  -1.8497e+01  -1.6413e+01
          nan  -1.6065e+02  -7.6673e+01  -5.0297e+01  -3.7410e+01  -2.9777e+01  -2.4731e+01  -2.1147e+01  -1.8467e+01  -1.6388e+01
          nan  -1.6032e+02  -7.6518e+01  -5.0202e+01  -3.7343e+01  -2.9723e+01  -2.4685e+01  -2.1107e+01  -1.8434e+01  -1.6360e+01
          nan  -1.5985e+02  -7.6275e+01  -5.0025e+01  -3.7210e+01  -2.9614e+01  -2.4584e+01  -2.1010e+01  -1.8342e+01  -1.6276e+01
          nan  -1.5968e+02  -7.6185e+01  -4.9953e+01  -3.7140e+01  -2.9551e+01  -2.4539e+01  -2.0980e+01  -1.8321e+01  -1.6260e+01
          nan  -1.5921e+02  -7.5980e+01  -4.9848e+01  -3.7083e+01  -2.9517e+01  -2.4508e+01  -2.0949e+01  -1.8292e+01  -1.6233e+01
          nan  -1.5904e+02  -7.5867e+01  -4.9765e+01  -3.7019e+01  -2.9469e+01  -2.4476e+01  -2.0928e+01  -1.8277e+01  -1.6222e+01
          nan  -1.5864e+02  -7.5691e+01  -4.9655e+01  -3.6936e+01  -2.9398e+01  -2.4414e+01  -2.0875e+01  -1.8232e+01  -1.6183e+01
          nan  -1.5822e+02  -7.5516e+01  -4.9545e+01  -3.6859e+01  -2.9343e+01  -2.4373e+01  -2.0840e+01  -1.8201e+01  -1.6154e+01
          nan  -1.5791e+02  -7.5341e+01  -4.9418e+01  -3.6757e+01  -2.9254e+01  -2.4294e+01  -2.0770e+01  -1.8138e+01  -1.6095e+01
          nan  -1.5771e+02  -7.5243e+01  -4.9351e+01  -3.6704e+01  -2.9213e+01  -2.4254e+01  -2.0727e+01  -1.8090e+01  -1.6047e+01
          nan  -1.5736e+02  -7.5085e+01  -4.9256e+01  -3.6633e+01  -2.9158e+01  -2.4213e+01  -2.0700e+01  -1.8078e+01  -1.6045e+01
          nan  -1.5714e+02  -7.5000e+01  -4.9190e+01  -3.6588e+01  -2.9113e+01  -2.4172e+01  -2.0663e+01  -1.8042e+01  -1.6010e+01
          nan  -1.5678e+02  -7.4792e+01  -4.9047e+01  -3.6480e+01  -2.9033e+01  -2.4109e+01  -2.0612e+01  -1.8002e+01  -1.5976e+01
          nan  -1.5652e+02  -7.4704e+01  -4.9012e+01  -3.6462e+01  -2.9028e+01  -2.4110e+01  -2.0614e+01  -1.8004e+01  -1.5980e+01
          nan  -1.5621e+02  -7.4556e+01  -4.8905e+01  -3.6366e+01  -2.8942e+01  -2.4032e+01  -2.0538e+01  -1.7930e+01  -1.5908e+01
          nan  -1.5591e+02  -7.4409e+01  -4.8819e+01  -3.6319e+01  -2.8913e+01  -2.4013e+01  -2.0528e+01  -1.7926e+01  -1.5910e+01
          nan  -1.5560e+02  -7.4263e+01  -4.8718e+01  -3.6235e+01  -2.8836e+01  -2.3945e+01  -2.0470e+01  -1.7875e+01  -1.5864e+01
          nan  -1.5529e+02  -7.4118e+01  -4.8627e+01  -3.6176e+01  -2.8800e+01  -2.3922e+01  -2.0455e+01  -1.7858e+01  -1.5845e+01
          nan  -1.5482e+02  -7.3890e+01  -4.8463e+01  -3.6047e+01  -2.8693e+01  -2.3831e+01  -2.0371e+01  -1.7788e+01  -1.5784e+01
          nan  -1.5469e+02  -7.3828e+01  -4.8425e+01  -3.6018e+01  -2.8671e+01  -2.3812e+01  -2.0361e+01  -1.7784e+01  -1.5784e+01
          nan  -1.5439e+02  -7.3684e+01  -4.8333e+01  -3.5949e+01  -2.8615e+01  -2.3763e+01  -2.0316e+01  -1.7743e+01  -1.5748e+01
          nan  -1.5409e+02  -7.3541e+01  -4.8249e+01  -3.5895e+01  -2.8576e+01  -2.3735e+01  -2.0296e+01  -1.7725e+01  -1.5729e+01
          nan  -1.5366e+02  -7.3324e+01  -4.8076e+01  -3.5741e+01  -2.8439e+01  -2.3611e+01  -2.0184e+01  -1.7625e+01  -1.5641e+01
          nan  -1.5318e+02  -7.3081e+01  -4.7933e+01  -3.5654e+01  -2.8381e+01  -2.3572e+01  -2.0155e+01  -1.7601e+01  -1.5620e+01
          nan  -1.5285e+02  -7.2886e+01  -4.7781e+01  -3.5532e+01  -2.8280e+01  -2.3481e+01  -2.0074e+01  -1.7531e+01  -1.5559e+01
          nan  -1.5290e+02  -7.2942e+01  -4.7826e+01  -3.5560e+01  -2.8280e+01  -2.3468e+01  -2.0052e+01  -1.7503e+01  -1.5530e+01
          nan  -1.5252e+02  -7.2774e+01  -4.7741e+01  -3.5515e+01  -2.8273e+01  -2.3483e+01  -2.0080e+01  -1.7536e+01  -1.5565e+01

            0            0            0            0            0            0            0            0            0            0
            0            0            0            0            0            0            0            0            0            0
            0            0            0            0            0            0            0            0            0            0
            0            0            0            0            0            0            0            0            0            0
            0            0            0            0            0            0            0            0            0            0
            0            0            0            0            0            0            0            0            0            0
            0            0            0            0            0            0            0            0            0            0
            0            0            0            0            0            0            0            0            0            0
            0            0            0            0            0            0            0            0            0            0
            0            0            0            0            0            0            0            0            0            0
            0            0            0            0            0            0            0            0            0            0
            0            0            0            0            0            0            0            0            0            0
            0            0            0            0            0            0            0            0            0            0
            0            0            0            0            0            0            0            0            0            0
            0            0            0            0            0            0            0            0            0            0
            0            0            0            0            0            0            0            0            0            0
            0            0            0            0            0            0            0            0            0            0
            0            0            0            0            0            0            0            0            0            0
            0            0            0            0            0            0            0            0            0            0
            0            0            0            0            0            0            0            0            0            0
            0            0            0            0            0            0            0            0            0            0
            0            0            0            0            0            0            0            0            0            0
            0            0            0            0            0            0            0            0            0            0
            0            0            0            0            0            0            0            0            0            0
            0            0            0            0            0            0            0            0            0            0
            0            0            0            0            0            0            0            0            0            0
            0            0            0            0            0            0            0            0            0            0
            0            0            0            0            0            0            0            0            0            0
            0            0            0            0            0            0            0            0            0            0
            0            0            0            0            0            0            0            0            0            0
            0            0            0            0            0            0            0            0            0            0
            0            0            0            0            0            0            0            0            0            0
            0            0            0            0            0            0            0            0            0            0
            0            0            0            0            0            0            0            0            0            0
            0            0            0            0            0            0            0            0            0            0
            0            0            0            0            0            0            0            0            0            0
            0            0            0            0            0            0            0            0            0            0
            0            0            0            0            0            0            0            0            0            0
            0            0            0            0            0            0            0            0            0            0
            0            0            0            0            0            0            0            0            0            0
            0            0            0            0            0            0            0            0            0            0
            0            0            0            0            0            0            0            0            0            0
            0            0            0            0            0            0            0            0            0            0
            0            0            0            0            0            0            0            0            0            0
            0            0            0            0            0            0            0            0            0            0
            0            0            0            0            0            0            0            0            0            0
            0            0            0            0            0            0            0            0            0            0
            0            0            0            0            0            0            0            0            0            0
            0            0            0            0            0            0            0            0            0            0
            0            0            0            0            0            0            0            0            0            0
            0            0            0            0            0            0            0            0            0            0
            0            0            0            0            0            0            0            0            0            0
            0            0            0            0            0            0            0            0            0            0
            0            0            0            0            0            0            0            0            0            0
            0            0            0            0            0            0            0            0            0            0
            0            0            0            0            0            0            0            0            0            0
            0            0            0            0            0            0            0            0            0            0
            0            0            0            0            0            0            0            0            0            0
            0            0            0            0            0            0            0            0            0            0
            0            0            0            0            0            0            0            0            0            0
            0            0            0            0            0            0            0            0            0            0
            0            0            0            0            0            0            0            0            0            0
            0            0            0            0            0            0            0            0            0            0
            0            0            0            0            0            0            0            0            0            0
            0            0            0            0            0            0            0            0            0            0
            0            0            0            0            0            0            0            0            0            0
            0            0            0            0            0            0            0            0            0            0
            0            0            0            0            0            0            0            0            0            0
            0            0            0            0            0            0            0            0            0            0
            0            0            0            0            0            0            0            0            0            0
            0            0            0            0            0            0            0            0            0            0
            0            0            0            0            0            0            0            0            0            0
            0            0            0            0            0            0            0            0            0            0
            0            0            0            0            0            0            0            0            0            0
            0            0            0            0            0            0            0            0            0            0
            0            0            0            0            0            0            0            0            0            0
            0            0            0            0            0            0            0            0            0            0
            0            0            0            0            0            0            0            0            0            0
            0            0            0            0            0            0            0            0            0            0
            0            0            0            0            0            0            0            0            0            0
            0            0            0            0            0            0            0            0            0            0
            0            0            0            0            0            0            0            0            0            0
            0            0            0            0            0            0            0            0            0            0
            0            0            0            0            0            0            0            0            0            0
            0            0            0            0            0            0            0            0            0            0
            0            0            0            0            0            0            0            0            0            0
            0            0            0            0            0            0            0            0            0            0
            0            0            0            0            0            0            0            0            0            0
            0            0            0            0            0            0            0            0            0            0
            0            0            0            0            0            0            0            0            0            0
          nan  -1.6163e+02  -7.7143e+01  -5.0596e+01  -3.7634e+01  -2.9950e+01  -2.4871e+01  -2.1261e+01  -1.8563e+01  -1.6469e+01
          nan  -1.6114e+02  -7.6900e+01  -5.0435e+01  -3.7509e+01  -2.9852e+01  -2.4790e+01  -2.1196e+01  -1.8511e+01  -1.6431e+01
          nan  -1.6085e+02  -7.6756e+01  -5.0356e+01  -3.7461e+01  -2.9822e+01  -2.4771e+01  -2.1182e+01  -1.8497e+01  -1.6413e+01
          nan  -1.6065e+02  -7.6673e+01  -5.0297e+01  -3.7410e+01  -2.9777e+01  -2.4731e+01  -2.1147e+01  -1.8467e+01  -1.6388e+01
          nan  -1.6032e+02  -7.6518e+01  -5.0202e+01  -3.7343e+01  -2.9723e+01  -2.4685e+01  -2.1107e+01  -1.8434e+01  -1.6360e+01
          nan  -1.5985e+02  -7.6275e+01  -5.0025e+01  -3.7210e+01  -2.9614e+01  -2.4584e+01  -2.1010e+01  -1.8342e+01  -1.6276e+01
          nan  -1.5968e+02  -7.6185e+01  -4.9953e+01  -3.7140e+01  -2.9551e+01  -2.4539e+01  -2.0980e+01  -1.8321e+01  -1.6260e+01
          nan  -1.5921e+02  -7.5980e+01  -4.9848e+01  -3.7083e+01  -2.9517e+01  -2.4508e+01  -2.0949e+01  -1.8292e+01  -1.6233e+01
          nan  -1.5904e+02  -7.5867e+01  -4.9765e+01  -3.7019e+01  -2.9469e+01  -2.4476e+01  -2.0928e+01  -1.8277e+01  -1.6222e+01
          nan  -1.5864e+02  -7.5691e+01  -4.9655e+01  -3.6936e+01  -2.9398e+01  -2.4414e+01  -2.0875e+01  -1.8232e+01  -1.6183e+01
          nan  -1.5822e+02  -7.5516e+01  -4.9545e+01  -3.6859e+01  -2.9343e+01  -2.4373e+01  -2.0840e+01  -1.8201e+01  -1.6154e+01
          nan  -1.5791e+02  -7.5341e+01  -4.9418e+01  -3.6757e+01  -2.9254e+01  -2.4294e+01  -2.0770e+01  -1.8138e+01  -1.6095e+01
          nan  -1.5771e+02  -7.5243e+01  -4.9351e+01  -3.6704e+01  -2.9213e+01  -2.4254e+01  -2.0727e+01  -1.8090e+01  -1.6047e+01
          nan  -1.5736e+02  -7.5085e+01  -4.9256e+01  -3.6633e+01  -2.9158e+01  -2.4213e+01  -2.0700e+01  -1.8078e+01  -1.6045e+01
          nan  -1.5714e+02  -7.5000e+01  -4.9190e+01  -3.6588e+01  -2.9113e+01  -2.4172e+01  -2.0663e+01  -1.8042e+01  -1.6010e+01
          nan  -1.5678e+02  -7.4792e+01  -4.9047e+01  -3.6480e+01  -2.9033e+01  -2.4109e+01  -2.0612e+01  -1.8002e+01  -1.5976e+01
          nan  -1.5652e+02  -7.4704e+01  -4.9012e+01  -3.6462e+01  -2.9028e+01  -2.4110e+01  -2.0614e+01  -1.8004e+01  -1.5980e+01
          nan  -1.5621e+02  -7.4556e+01  -4.8905e+01  -3.6366e+01  -2.8942e+01  -2.4032e+01  -2.0538e+01  -1.7930e+01  -1.5908e+01
          nan  -1.5591e+02  -7.4409e+01  -4.8819e+01  -3.6319e+01  -2.8913e+01  -2.4013e+01  -2.0528e+01  -1.7926e+01  -1.5910e+01
          nan  -1.5560e+02  -7.4263e+01  -4.8718e+01  -3.6235e+01  -2.8836e+01  -2.3945e+01  -2.0470e+01  -1.7875e+01  -1.5864e+01
          nan  -1.5529e+02  -7.4118e+01  -4.8627e+01  -3.6176e+01  -2.8800e+01  -2.3922e+01  -2.0455e+01  -1.7858e+01  -1.5845e+01
          nan  -1.5482e+02  -7.3890e+01  -4.8463e+01  -3.6047e+01  -2.8693e+01  -2.3831e+01  -2.0371e+01  -1.7788e+01  -1.5784e+01
          nan  -1.5469e+02  -7.3828e+01  -4.8425e+01  -3.6018e+01  -2.8671e+01  -2.3812e+01  -2.0361e+01  -1.7784e+01  -1.5784e+01
          nan  -1.5439e+02  -7.3684e+01  -4.8333e+01  -3.5949e+01  -2.8615e+01  -2.3763e+01  -2.0316e+01  -1.7743e+01  -1.5748e+01
          nan  -1.5409e+02  -7.3541e+01  -4.8249e+01  -3.5895e+01  -2.8576e+01  -2.3735e+01  -2.0296e+01  -1.7725e+01  -1.5729e+01
          nan  -1.5366e+02  -7.3324e+01  -4.8076e+01  -3.5741e+01  -2.8439e+01  -2.3611e+01  -2.0184e+01  -1.7625e+01  -1.5641e+01
          nan  -1.5318e+02  -7.3081e+01  -4.7933e+01  -3.5654e+01  -2.8381e+01  -2.3572e+01  -2.0155e+01  -1.7601e+01  -1.5620e+01
          nan  -1.5285e+02  -7.2886e+01  -4.7781e+01  -3.5532e+01  -2.8280e+01  -2.3481e+01  -2.0074e+01  -1.7531e+01  -1.5559e+01
          nan  -1.5290e+02  -7.2942e+01  -4.7826e+01  -3.5560e+01  -2.8280e+01  -2.3468e+01  -2.0052e+01  -1.7503e+01  -1.5530e+01
          nan  -1.5252e+02  -7.2774e+01  -4.7741e+01  -3.5515e+01  -2.8273e+01  -2.3483e+01  -2.0080e+01  -1.7536e+01  -1.5565e+01

        0        0        0        0        0        0        0        0        0        0
        0        0        0        0        0        0        0        0        0        0
        0        0        0        0        0        0        0        0        0        0
        0        0        0        0        0        0        0        0        0        0
        0        0        0        0        0        0        0        0        0        0
        0        0        0        0        0        0        0        0        0        0
        0        0        0        0        0        0        0        0        0        0
        0        0        0        0        0        0        0        0        0        0
        0        0        0        0        0        0        0        0        0        0
        0        0        0        0        0        0        0        0        0        0
        0        0        0        0        0        0        0        0        0        0
        0        0        0        0        0        0        0        0        0        0
        0        0        0        0        0        0        0        0        0        0
        0        0        0        0        0        0        0        0        0        0
        0        0        0        0        0        0        0        0        0        0
        0        0        0        0        0        0        0        0        0        0
        0        0        0        0        0        0        0        0        0        0
        0        0        0        0        0        0        0        0        0        0
        0        0        0        0        0        0        0        0        0        0
        0        0        0        0        0        0        0        0        0        0
        0        0        0        0        0        0        0        0        0        0
        0        0        0        0        0        0        0        0        0        0
        0        0        0        0        0        0        0        0        0        0
        0        0        0        0        0        0        0        0        0        0
        0        0        0        0        0        0        0        0        0        0
        0        0        0        0        0        0        0        0        0        0
        0        0        0        0        0        0        0        0        0        0
        0        0        0        0        0        0        0        0        0        0
        0        0        0        0        0        0        0        0        0        0
        0        0        0        0        0        0        0        0        0        0
        0        0        0        0        0        0        0        0        0        0
        0        0        0        0        0        0        0        0        0        0
        0        0        0        0        0        0        0        0        0        0
        0        0        0        0        0        0        0        0        0        0
        0        0        0        0        0        0        0        0        0        0
        0        0        0        0        0        0        0        0        0        0
        0        0        0        0        0        0        0        0        0        0
        0        0        0        0        0        0        0        0        0        0
        0        0        0        0        0        0        0        0        0        0
        0        0        0        0        0        0        0        0        0        0
        0        0        0        0        0        0        0        0        0        0
        0        0        0        0        0        0        0        0        0        0
        0        0        0        0        0        0        0        0        0        0
        0        0        0        0        0        0        0        0        0        0
        0        0        0        0        0        0        0        0        0        0
        0        0        0        0        0        0        0        0        0        0
        0        0        0        0        0        0        0        0        0        0
        0        0        0        0        0        0        0        0        0        0
        0        0        0        0        0        0        0        0        0        0
        0        0        0        0        0        0        0        0        0        0
        0        0        0        0        0        0        0        0        0        0
        0        0        0        0        0        0        0        0        0        0
        0        0        0        0        0        0        0        0        0        0
        0        0        0        0        0        0        0        0        0        0
        0        0        0        0        0        0        0        0        0        0
        0        0        0        0        0        0        0        0        0        0
        0        0        0        0        0        0        0        0        0        0
        0        0        0        0        0        0        0        0        0        0
        0        0        0        0        0        0        0        0        0        0
        0        0        0        0        0        0        0        0        0        0
        0        0        0        0        0        0        0        0        0        0
        0        0        0        0        0        0        0        0        0        0
        0        0        0        0        0        0        0        0        0        0
        0        0        0        0        0        0        0        0        0        0
        0        0        0        0        0        0        0        0        0        0
        0        0        0        0        0        0        0        0        0        0
        0        0        0        0        0        0        0        0        0        0
        0        0        0        0        0        0        0        0        0        0
        0        0        0        0        0        0        0        0        0        0
        0        0        0        0        0        0        0        0        0        0
        0        0        0        0        0        0        0        0        0        0
        0        0        0        0        0        0        0        0        0        0
        0        0        0        0        0        0        0        0        0        0
        0        0        0        0        0        0        0        0        0        0
        0        0        0        0        0        0        0        0        0        0
        0        0        0        0        0        0        0        0        0        0
        0        0        0        0        0        0        0        0        0        0
        0        0        0        0        0        0        0        0        0        0
        0        0        0        0        0        0        0        0        0        0
        0        0        0        0        0        0        0        0        0        0
        0        0        0        0        0        0        0        0        0        0
        0        0        0        0        0        0        0        0        0        0
        0        0        0        0        0        0        0        0        0        0
        0        0        0        0        0        0        0        0        0        0
        0        0        0        0        0        0        0        0        0        0
        0        0        0        0        0        0        0        0        0        0
        0        0        0        0        0        0        0        0        0        0
        0        0        0        0        0        0        0        0        0        0
        0        0        0        0        0        0        0        0        0        0
        0        0        0        0        0        0        0        0        0        0
      nan        0        0   0.0333   0.0250   0.0400   0.0333   0.0429   0.0500   0.0667
      nan   0.1000   0.1000   0.0667   0.0750   0.0600   0.0500   0.0429   0.0375   0.0333
      nan   0.1000   0.0500   0.0333   0.0250   0.0200   0.0167   0.0143   0.0500   0.0444
      nan        0        0   0.0333   0.0250   0.0200   0.0167   0.0143   0.0375   0.0333
      nan        0        0        0   0.0250   0.0200   0.0167   0.0143   0.0250   0.0222
      nan   0.1000   0.1000   0.0667   0.0500   0.0600   0.1000   0.0857   0.0750   0.0778
      nan        0   0.1000   0.0667   0.0750   0.0800   0.0833   0.0857   0.0750   0.0667
      nan   0.1000   0.0500   0.0333   0.0250   0.0400   0.0667   0.0571   0.0500   0.0444
      nan        0   0.0500   0.0333   0.0250   0.0200   0.0167   0.0286   0.0250   0.0222
      nan   0.1000   0.0500   0.0333   0.0500   0.0400   0.0333   0.0286   0.0250   0.0222
      inf   0.1000   0.0500   0.0333   0.0250   0.0200   0.0167   0.0286   0.0250   0.0333
      inf   0.1000   0.1000   0.0667   0.0750   0.0600   0.0500   0.0571   0.0500   0.0556
      nan   0.1000   0.0500   0.0667   0.0500   0.0600   0.0667   0.0857   0.1000   0.0889
      nan   0.1000   0.0500   0.0667   0.0500   0.0400   0.0500   0.0429   0.0375   0.0333
      nan        0        0   0.0333   0.0250   0.0600   0.0500   0.0571   0.0500   0.0556
      nan   0.1000   0.1000   0.0667   0.0500   0.0600   0.0500   0.0429   0.0375   0.0444
      nan        0        0        0        0        0   0.0167   0.0143   0.0125   0.0111
      nan        0        0   0.0333   0.0500   0.0400   0.0500   0.0714   0.0625   0.0667
      nan        0        0        0        0        0   0.0167   0.0286   0.0250   0.0222
      nan        0        0   0.0333   0.0250   0.0400   0.0333   0.0429   0.0375   0.0333
      nan        0        0        0        0        0        0   0.0286   0.0500   0.0444
      inf   0.1000   0.0500   0.0667   0.0500   0.0400   0.0500   0.0571   0.0500   0.0556
      nan        0        0   0.0333   0.0250   0.0200   0.0167   0.0143   0.0125   0.0222
      nan        0        0   0.0333   0.0250   0.0200   0.0333   0.0286   0.0250   0.0222
      nan        0        0        0        0        0        0   0.0143   0.0125   0.0444
      nan   0.1000   0.1000   0.1333   0.1000   0.1000   0.0833   0.0714   0.0625   0.0778
      inf   0.2000   0.1500   0.1000   0.0750   0.0600   0.0500   0.0571   0.0625   0.0556
      inf   0.2000   0.2500   0.1667   0.1250   0.1200   0.1000   0.0857   0.0750   0.0667
      nan        0   0.1000   0.1000   0.0750   0.1400   0.1333   0.1143   0.1000   0.0889
      nan   0.1000   0.0500   0.0333   0.0250   0.0200   0.0167   0.0286   0.0250   0.0222

