   1.8000
   1.8100
   1.8200
   1.8300
   1.8400
   1.8500
   1.8600
   1.8700
   1.8800
   1.8900
   1.9000
   1.9100
   1.9200
   1.9300
   1.9400
   1.9500
   1.9600
   1.9700
   1.9800
   1.9900
   2.0000
   2.0100
   2.0200
   2.0300
   2.0400
   2.0500
   2.0600
   2.0700
   2.0800
   2.0900
   2.1000
   2.1100
   2.1200
   2.1300
   2.1400
   2.1500
   2.1600
   2.1700
   2.1800
   2.1900
   2.2000
   2.2100
   2.2200
   2.2300
   2.2400
   2.2500
   2.2600
   2.2700
   2.2800
   2.2900
   2.3000
   2.3100
   2.3200
   2.3300
   2.3400
   2.3500
   2.3600
   2.3700
   2.3800
   2.3900
   2.4000
   2.4100
   2.4200
   2.4300
   2.4400
   2.4500
   2.4600
   2.4700
   2.4800
   2.4900
   2.5000
   2.5100
   2.5200
   2.5300
   2.5400
   2.5500
   2.5600
   2.5700
   2.5800
   2.5900
   2.6000
   2.6100
   2.6200
   2.6300
   2.6400
   2.6500
   2.6600
   2.6700
   2.6800
   2.6900
   2.7000
   2.7100
   2.7200
   2.7300
   2.7400
   2.7500
   2.7600
   2.7700
   2.7800
   2.7900
   2.8000
   2.8100
   2.8200
   2.8300
   2.8400
   2.8500
   2.8600
   2.8700
   2.8800
   2.8900
   2.9000
   2.9100
   2.9200
   2.9300
   2.9400
   2.9500
   2.9600
   2.9700
   2.9800
   2.9900

  -1.8601  -1.8601  -1.8596  -1.8595  -1.8596  -1.8597  -1.8595  -1.8595  -1.8595  -1.8595
  -1.8548  -1.8549  -1.8550  -1.8548  -1.8549  -1.8547  -1.8546  -1.8547  -1.8547  -1.8546
  -1.8520  -1.8505  -1.8502  -1.8495  -1.8499  -1.8498  -1.8502  -1.8502  -1.8500  -1.8500
  -1.8454  -1.8462  -1.8463  -1.8461  -1.8463  -1.8462  -1.8458  -1.8457  -1.8458  -1.8457
  -1.8413  -1.8409  -1.8404  -1.8406  -1.8405  -1.8402  -1.8404  -1.8402  -1.8403  -1.8403
  -1.8372  -1.8364  -1.8366  -1.8366  -1.8365  -1.8364  -1.8363  -1.8361  -1.8364  -1.8364
  -1.8321  -1.8317  -1.8315  -1.8317  -1.8317  -1.8317  -1.8315  -1.8313  -1.8312  -1.8311
  -1.8264  -1.8266  -1.8263  -1.8263  -1.8263  -1.8262  -1.8264  -1.8263  -1.8261  -1.8260
  -1.8217  -1.8208  -1.8213  -1.8208  -1.8209  -1.8208  -1.8208  -1.8205  -1.8207  -1.8206
  -1.8143  -1.8144  -1.8150  -1.8149  -1.8145  -1.8144  -1.8145  -1.8145  -1.8148  -1.8148
  -1.8084  -1.8086  -1.8088  -1.8093  -1.8097  -1.8096  -1.8097  -1.8097  -1.8095  -1.8095
  -1.8034  -1.8035  -1.8038  -1.8037  -1.8033  -1.8031  -1.8030  -1.8030  -1.8031  -1.8031
  -1.7991  -1.7984  -1.7979  -1.7979  -1.7982  -1.7983  -1.7981  -1.7979  -1.7979  -1.7980
  -1.7934  -1.7931  -1.7928  -1.7926  -1.7923  -1.7926  -1.7922  -1.7923  -1.7922  -1.7919
  -1.7850  -1.7856  -1.7860  -1.7862  -1.7864  -1.7861  -1.7862  -1.7861  -1.7862  -1.7859
  -1.7795  -1.7804  -1.7804  -1.7803  -1.7801  -1.7797  -1.7796  -1.7796  -1.7796  -1.7794
  -1.7742  -1.7737  -1.7730  -1.7731  -1.7732  -1.7730  -1.7727  -1.7727  -1.7728  -1.7731
  -1.7671  -1.7666  -1.7666  -1.7669  -1.7668  -1.7670  -1.7671  -1.7672  -1.7673  -1.7671
  -1.7593  -1.7597  -1.7588  -1.7593  -1.7593  -1.7591  -1.7592  -1.7590  -1.7590  -1.7589
  -1.7531  -1.7526  -1.7525  -1.7527  -1.7521  -1.7525  -1.7525  -1.7526  -1.7527  -1.7524
  -1.7450  -1.7469  -1.7466  -1.7468  -1.7462  -1.7463  -1.7459  -1.7458  -1.7457  -1.7459
  -1.7362  -1.7366  -1.7366  -1.7370  -1.7375  -1.7377  -1.7379  -1.7379  -1.7379  -1.7379
  -1.7336  -1.7308  -1.7312  -1.7317  -1.7312  -1.7312  -1.7309  -1.7310  -1.7309  -1.7308
  -1.7238  -1.7235  -1.7234  -1.7230  -1.7232  -1.7237  -1.7236  -1.7233  -1.7230  -1.7228
  -1.7180  -1.7183  -1.7174  -1.7166  -1.7165  -1.7164  -1.7160  -1.7164  -1.7161  -1.7163
  -1.7081  -1.7077  -1.7083  -1.7083  -1.7078  -1.7074  -1.7077  -1.7072  -1.7070  -1.7069
  -1.6992  -1.6986  -1.6983  -1.6983  -1.6983  -1.6986  -1.6982  -1.6987  -1.6987  -1.6987
  -1.6893  -1.6893  -1.6904  -1.6903  -1.6902  -1.6899  -1.6903  -1.6900  -1.6898  -1.6897
  -1.6831  -1.6818  -1.6800  -1.6797  -1.6794  -1.6796  -1.6799  -1.6798  -1.6793  -1.6797
  -1.6718  -1.6727  -1.6731  -1.6723  -1.6720  -1.6719  -1.6716  -1.6713  -1.6708  -1.6712
  -1.6638  -1.6606  -1.6594  -1.6606  -1.6593  -1.6592  -1.6602  -1.6606  -1.6607  -1.6606
  -1.6551  -1.6532  -1.6532  -1.6531  -1.6529  -1.6526  -1.6525  -1.6526  -1.6527  -1.6530
  -1.6462  -1.6456  -1.6453  -1.6440  -1.6443  -1.6435  -1.6437  -1.6440  -1.6436  -1.6434
  -1.6303  -1.6330  -1.6314  -1.6324  -1.6321  -1.6331  -1.6330  -1.6329  -1.6332  -1.6329
  -1.6155  -1.6204  -1.6220  -1.6218  -1.6226  -1.6225  -1.6222  -1.6225  -1.6223  -1.6223
  -1.6047  -1.6054  -1.6084  -1.6095  -1.6097  -1.6090  -1.6093  -1.6092  -1.6096  -1.6093
  -1.5925  -1.5881  -1.5936  -1.5963  -1.5965  -1.5970  -1.5968  -1.5965  -1.5969  -1.5966
  -1.5912  -1.5817  -1.5826  -1.5838  -1.5830  -1.5834  -1.5827  -1.5837  -1.5842  -1.5843
  -1.5829  -1.5778  -1.5752  -1.5732  -1.5740  -1.5740  -1.5750  -1.5743  -1.5738  -1.5746
  -1.5620  -1.5650  -1.5626  -1.5633  -1.5627  -1.5631  -1.5631  -1.5627  -1.5632  -1.5634
  -1.5326  -1.5300  -1.5342  -1.5369  -1.5379  -1.5395  -1.5396  -1.5409  -1.5422  -1.5430
  -1.5422  -1.5368  -1.5369  -1.5376  -1.5388  -1.5380  -1.5376  -1.5367  -1.5367  -1.5360
  -1.5242  -1.5219  -1.5189  -1.5194  -1.5210  -1.5196  -1.5209  -1.5171  -1.5179  -1.5173
  -1.5005  -1.5064  -1.5061  -1.5055  -1.5067  -1.5051  -1.5064  -1.5063  -1.5047  -1.5035
  -1.4973  -1.4848  -1.4867  -1.4798  -1.4821  -1.4798  -1.4777  -1.4786  -1.4785  -1.4806
  -1.4808  -1.4719  -1.4742  -1.4720  -1.4728  -1.4738  -1.4701  -1.4705  -1.4685  -1.4693
  -1.4490  -1.4521  -1.4459  -1.4423  -1.4480  -1.4488  -1.4496  -1.4506  -1.4500  -1.4513
  -1.4569  -1.4431  -1.4301  -1.4292  -1.4221  -1.4257  -1.4270  -1.4279  -1.4247  -1.4237
  -1.4276  -1.4143  -1.4058  -1.3969  -1.3945  -1.3926  -1.3917  -1.3932  -1.3938  -1.3935
  -1.3965  -1.4019  -1.3968  -1.3877  -1.3772  -1.3777  -1.3773  -1.3794  -1.3775  -1.3762
  -1.3513  -1.3474  -1.3490  -1.3499  -1.3462  -1.3454  -1.3511  -1.3541  -1.3558  -1.3578
  -1.3245  -1.3220  -1.3225  -1.3252  -1.3237  -1.3213  -1.3270  -1.3304  -1.3292  -1.3293
  -1.3545  -1.3569  -1.3413  -1.3342  -1.3271  -1.3245  -1.3216  -1.3208  -1.3184  -1.3184
  -1.3318  -1.3112  -1.3051  -1.3013  -1.3007  -1.2981  -1.2989  -1.2975  -1.2955  -1.2957
  -1.3101  -1.2967  -1.2903  -1.2851  -1.2824  -1.2806  -1.2792  -1.2789  -1.2779  -1.2760
  -1.2655  -1.2624  -1.2650  -1.2667  -1.2665  -1.2663  -1.2662  -1.2659  -1.2648  -1.2655
  -1.2579  -1.2529  -1.2531  -1.2580  -1.2566  -1.2561  -1.2562  -1.2546  -1.2532  -1.2547
  -1.2608  -1.2476  -1.2381  -1.2375  -1.2371  -1.2381  -1.2371  -1.2381  -1.2401  -1.2403
  -1.2334  -1.2269  -1.2259  -1.2243  -1.2238  -1.2248  -1.2242  -1.2226  -1.2230  -1.2239
  -1.2278  -1.2190  -1.2169  -1.2167  -1.2154  -1.2146  -1.2149  -1.2144  -1.2145  -1.2153
  -1.2206  -1.2098  -1.2080  -1.2059  -1.2047  -1.2043  -1.2036  -1.2042  -1.2041  -1.2037
  -1.2068  -1.2035  -1.2003  -1.1996  -1.1983  -1.1957  -1.1945  -1.1947  -1.1954  -1.1948
  -1.1975  -1.1876  -1.1875  -1.1838  -1.1840  -1.1836  -1.1831  -1.1827  -1.1830  -1.1826
  -1.1850  -1.1790  -1.1771  -1.1772  -1.1765  -1.1760  -1.1761  -1.1758  -1.1751  -1.1742
  -1.1640  -1.1610  -1.1606  -1.1594  -1.1608  -1.1608  -1.1607  -1.1614  -1.1610  -1.1606
  -1.1617  -1.1564  -1.1537  -1.1515  -1.1502  -1.1505  -1.1513  -1.1514  -1.1507  -1.1515
  -1.1478  -1.1462  -1.1436  -1.1439  -1.1441  -1.1433  -1.1431  -1.1425  -1.1426  -1.1424
  -1.1457  -1.1406  -1.1371  -1.1354  -1.1345  -1.1333  -1.1328  -1.1330  -1.1328  -1.1327
  -1.1304  -1.1275  -1.1264  -1.1259  -1.1253  -1.1257  -1.1249  -1.1240  -1.1238  -1.1240
  -1.1162  -1.1134  -1.1114  -1.1118  -1.1133  -1.1139  -1.1139  -1.1139  -1.1144  -1.1145
  -1.1114  -1.1085  -1.1083  -1.1080  -1.1082  -1.1085  -1.1082  -1.1081  -1.1078  -1.1075
  -1.1063  -1.1011  -1.1005  -1.0995  -1.1002  -1.0993  -1.0992  -1.0988  -1.0982  -1.0980
  -1.0956  -1.0936  -1.0933  -1.0922  -1.0918  -1.0908  -1.0911  -1.0904  -1.0903  -1.0896
  -1.0831  -1.0826  -1.0827  -1.0827  -1.0818  -1.0818  -1.0812  -1.0815  -1.0819  -1.0817
  -1.0785  -1.0755  -1.0757  -1.0756  -1.0735  -1.0732  -1.0731  -1.0734  -1.0735  -1.0735
  -1.0751  -1.0725  -1.0700  -1.0689  -1.0674  -1.0672  -1.0673  -1.0671  -1.0664  -1.0658
  -1.0604  -1.0594  -1.0579  -1.0574  -1.0574  -1.0571  -1.0575  -1.0576  -1.0575  -1.0579
  -1.0540  -1.0521  -1.0521  -1.0522  -1.0529  -1.0525  -1.0521  -1.0518  -1.0519  -1.0515
  -1.0478  -1.0441  -1.0431  -1.0420  -1.0422  -1.0420  -1.0422  -1.0425  -1.0422  -1.0423
  -1.0415  -1.0370  -1.0364  -1.0366  -1.0368  -1.0371  -1.0372  -1.0368  -1.0365  -1.0363
  -1.0347  -1.0331  -1.0308  -1.0294  -1.0303  -1.0304  -1.0297  -1.0294  -1.0296  -1.0295
  -1.0270  -1.0244  -1.0240  -1.0232  -1.0231  -1.0226  -1.0228  -1.0225  -1.0220  -1.0215
  -1.0196  -1.0164  -1.0176  -1.0166  -1.0155  -1.0152  -1.0151  -1.0144  -1.0145  -1.0141
  -1.0098  -1.0065  -1.0072  -1.0071  -1.0069  -1.0066  -1.0074  -1.0078  -1.0075  -1.0076
  -1.0083  -1.0045  -1.0035  -1.0030  -1.0024  -1.0021  -1.0021  -1.0017  -1.0016  -1.0012
  -0.9981  -0.9977  -0.9956  -0.9950  -0.9949  -0.9945  -0.9943  -0.9944  -0.9948  -0.9945
  -0.9927  -0.9888  -0.9881  -0.9878  -0.9874  -0.9875  -0.9876  -0.9879  -0.9878  -0.9879
  -0.9860  -0.9846  -0.9832  -0.9832  -0.9832  -0.9832  -0.9827  -0.9822  -0.9825  -0.9824
  -0.9772  -0.9765  -0.9757  -0.9761  -0.9755  -0.9759  -0.9759  -0.9755  -0.9753  -0.9755
  -0.9733  -0.9710  -0.9709  -0.9708  -0.9709  -0.9709  -0.9706  -0.9702  -0.9702  -0.9705
  -0.9661  -0.9644  -0.9642  -0.9629  -0.9626  -0.9623  -0.9626  -0.9622  -0.9625  -0.9627
  -0.9606  -0.9596  -0.9596  -0.9594  -0.9588  -0.9593  -0.9591  -0.9592  -0.9591  -0.9586
  -0.9552  -0.9542  -0.9530  -0.9532  -0.9532  -0.9531  -0.9523  -0.9522  -0.9521  -0.9521
  -0.9499  -0.9473  -0.9461  -0.9469  -0.9461  -0.9457  -0.9462  -0.9464  -0.9466  -0.9466
  -0.9425  -0.9402  -0.9403  -0.9406  -0.9406  -0.9403  -0.9402  -0.9401  -0.9401  -0.9399
  -0.9404  -0.9379  -0.9362  -0.9364  -0.9357  -0.9351  -0.9350  -0.9353  -0.9354  -0.9354
  -0.9343  -0.9323  -0.9312  -0.9304  -0.9303  -0.9309  -0.9306  -0.9307  -0.9306  -0.9303
  -0.9287  -0.9276  -0.9260  -0.9255  -0.9251  -0.9251  -0.9250  -0.9247  -0.9244  -0.9244
  -0.9235  -0.9220  -0.9211  -0.9210  -0.9206  -0.9205  -0.9205  -0.9206  -0.9203  -0.9204
  -0.9158  -0.9147  -0.9140  -0.9139  -0.9138  -0.9133  -0.9131  -0.9129  -0.9130  -0.9129
  -0.9110  -0.9097  -0.9093  -0.9085  -0.9083  -0.9081  -0.9082  -0.9083  -0.9083  -0.9085
  -0.9069  -0.9060  -0.9038  -0.9039  -0.9044  -0.9042  -0.9040  -0.9039  -0.9037  -0.9035
  -0.9014  -0.8990  -0.8984  -0.8988  -0.8988  -0.8985  -0.8982  -0.8980  -0.8982  -0.8983
  -0.8980  -0.8955  -0.8944  -0.8943  -0.8937  -0.8935  -0.8933  -0.8935  -0.8936  -0.8934
  -0.8918  -0.8897  -0.8892  -0.8888  -0.8888  -0.8885  -0.8883  -0.8883  -0.8882  -0.8878
  -0.8871  -0.8848  -0.8844  -0.8840  -0.8836  -0.8833  -0.8834  -0.8833  -0.8834  -0.8835
  -0.8831  -0.8801  -0.8789  -0.8790  -0.8787  -0.8784  -0.8784  -0.8783  -0.8785  -0.8786
  -0.8784  -0.8754  -0.8747  -0.8742  -0.8742  -0.8739  -0.8739  -0.8738  -0.8736  -0.8735
  -0.8716  -0.8697  -0.8696  -0.8683  -0.8684  -0.8687  -0.8686  -0.8686  -0.8687  -0.8687
  -0.8676  -0.8658  -0.8647  -0.8647  -0.8646  -0.8646  -0.8647  -0.8646  -0.8646  -0.8647
  -0.8626  -0.8620  -0.8606  -0.8607  -0.8602  -0.8602  -0.8599  -0.8600  -0.8600  -0.8601
  -0.8579  -0.8563  -0.8561  -0.8559  -0.8560  -0.8560  -0.8556  -0.8553  -0.8554  -0.8554
  -0.8535  -0.8522  -0.8512  -0.8512  -0.8512  -0.8514  -0.8516  -0.8518  -0.8518  -0.8516
  -0.8500  -0.8488  -0.8485  -0.8477  -0.8471  -0.8470  -0.8471  -0.8470  -0.8470  -0.8468
  -0.8449  -0.8440  -0.8438  -0.8428  -0.8427  -0.8427  -0.8426  -0.8425  -0.8424  -0.8423
  -0.8386  -0.8379  -0.8385  -0.8384  -0.8386  -0.8381  -0.8378  -0.8376  -0.8376  -0.8374
  -0.8354  -0.8342  -0.8347  -0.8343  -0.8337  -0.8335  -0.8336  -0.8336  -0.8336  -0.8337
  -0.8322  -0.8310  -0.8311  -0.8310  -0.8303  -0.8303  -0.8303  -0.8301  -0.8300  -0.8302
  -0.8305  -0.8291  -0.8275  -0.8269  -0.8269  -0.8265  -0.8262  -0.8263  -0.8263  -0.8260
  -0.8246  -0.8222  -0.8222  -0.8212  -0.8212  -0.8214  -0.8214  -0.8215  -0.8215  -0.8215

   9.5728e-01   9.5724e-01   9.5703e-01   9.5702e-01   9.5707e-01   9.5708e-01   9.5694e-01   9.5694e-01   9.5693e-01   9.5696e-01
   9.5533e-01   9.5530e-01   9.5534e-01   9.5524e-01   9.5530e-01   9.5523e-01   9.5518e-01   9.5518e-01   9.5521e-01   9.5517e-01
   9.5428e-01   9.5359e-01   9.5351e-01   9.5327e-01   9.5344e-01   9.5343e-01   9.5359e-01   9.5357e-01   9.5348e-01   9.5349e-01
   9.5203e-01   9.5238e-01   9.5229e-01   9.5218e-01   9.5224e-01   9.5223e-01   9.5206e-01   9.5197e-01   9.5203e-01   9.5201e-01
   9.5029e-01   9.5021e-01   9.4997e-01   9.5000e-01   9.5000e-01   9.4991e-01   9.5001e-01   9.4996e-01   9.5000e-01   9.4996e-01
   9.4890e-01   9.4856e-01   9.4870e-01   9.4876e-01   9.4870e-01   9.4865e-01   9.4860e-01   9.4852e-01   9.4860e-01   9.4863e-01
   9.4708e-01   9.4690e-01   9.4684e-01   9.4690e-01   9.4694e-01   9.4695e-01   9.4683e-01   9.4677e-01   9.4671e-01   9.4665e-01
   9.4460e-01   9.4499e-01   9.4492e-01   9.4480e-01   9.4481e-01   9.4481e-01   9.4491e-01   9.4485e-01   9.4472e-01   9.4468e-01
   9.4303e-01   9.4283e-01   9.4303e-01   9.4283e-01   9.4282e-01   9.4279e-01   9.4280e-01   9.4271e-01   9.4277e-01   9.4274e-01
   9.4040e-01   9.4024e-01   9.4053e-01   9.4047e-01   9.4023e-01   9.4023e-01   9.4022e-01   9.4021e-01   9.4030e-01   9.4034e-01
   9.3801e-01   9.3772e-01   9.3805e-01   9.3826e-01   9.3840e-01   9.3836e-01   9.3843e-01   9.3843e-01   9.3832e-01   9.3831e-01
   9.3587e-01   9.3593e-01   9.3602e-01   9.3600e-01   9.3574e-01   9.3567e-01   9.3564e-01   9.3569e-01   9.3574e-01   9.3574e-01
   9.3433e-01   9.3400e-01   9.3367e-01   9.3373e-01   9.3394e-01   9.3391e-01   9.3385e-01   9.3374e-01   9.3377e-01   9.3382e-01
   9.3140e-01   9.3154e-01   9.3151e-01   9.3141e-01   9.3119e-01   9.3135e-01   9.3109e-01   9.3121e-01   9.3116e-01   9.3104e-01
   9.2811e-01   9.2877e-01   9.2888e-01   9.2911e-01   9.2920e-01   9.2898e-01   9.2905e-01   9.2899e-01   9.2901e-01   9.2888e-01
   9.2561e-01   9.2651e-01   9.2663e-01   9.2658e-01   9.2647e-01   9.2604e-01   9.2593e-01   9.2602e-01   9.2607e-01   9.2601e-01
   9.2395e-01   9.2396e-01   9.2352e-01   9.2344e-01   9.2339e-01   9.2331e-01   9.2325e-01   9.2320e-01   9.2329e-01   9.2348e-01
   9.2071e-01   9.2071e-01   9.2088e-01   9.2106e-01   9.2097e-01   9.2104e-01   9.2112e-01   9.2113e-01   9.2113e-01   9.2106e-01
   9.1825e-01   9.1790e-01   9.1718e-01   9.1755e-01   9.1750e-01   9.1747e-01   9.1759e-01   9.1739e-01   9.1748e-01   9.1735e-01
   9.1491e-01   9.1436e-01   9.1422e-01   9.1439e-01   9.1398e-01   9.1429e-01   9.1429e-01   9.1438e-01   9.1451e-01   9.1432e-01
   9.1144e-01   9.1225e-01   9.1196e-01   9.1179e-01   9.1109e-01   9.1131e-01   9.1103e-01   9.1077e-01   9.1080e-01   9.1096e-01
   9.0708e-01   9.0665e-01   9.0688e-01   9.0712e-01   9.0759e-01   9.0771e-01   9.0779e-01   9.0771e-01   9.0775e-01   9.0771e-01
   9.0660e-01   9.0427e-01   9.0470e-01   9.0511e-01   9.0488e-01   9.0494e-01   9.0476e-01   9.0481e-01   9.0460e-01   9.0455e-01
   9.0205e-01   9.0185e-01   9.0172e-01   9.0131e-01   9.0128e-01   9.0167e-01   9.0160e-01   9.0134e-01   9.0113e-01   9.0093e-01
   8.9924e-01   8.9961e-01   8.9900e-01   8.9859e-01   8.9830e-01   8.9821e-01   8.9782e-01   8.9806e-01   8.9780e-01   8.9787e-01
   8.9452e-01   8.9448e-01   8.9450e-01   8.9432e-01   8.9397e-01   8.9331e-01   8.9352e-01   8.9318e-01   8.9301e-01   8.9302e-01
   8.9000e-01   8.8907e-01   8.8896e-01   8.8878e-01   8.8896e-01   8.8913e-01   8.8858e-01   8.8906e-01   8.8906e-01   8.8910e-01
   8.8375e-01   8.8379e-01   8.8507e-01   8.8437e-01   8.8422e-01   8.8390e-01   8.8426e-01   8.8398e-01   8.8358e-01   8.8363e-01
   8.8142e-01   8.8022e-01   8.7856e-01   8.7803e-01   8.7732e-01   8.7776e-01   8.7816e-01   8.7784e-01   8.7736e-01   8.7780e-01
   8.7485e-01   8.7602e-01   8.7616e-01   8.7534e-01   8.7483e-01   8.7475e-01   8.7445e-01   8.7408e-01   8.7355e-01   8.7390e-01
   8.7029e-01   8.6619e-01   8.6556e-01   8.6699e-01   8.6539e-01   8.6540e-01   8.6630e-01   8.6679e-01   8.6710e-01   8.6706e-01
   8.6382e-01   8.6356e-01   8.6330e-01   8.6285e-01   8.6324e-01   8.6306e-01   8.6329e-01   8.6351e-01   8.6356e-01   8.6391e-01
   8.5857e-01   8.5938e-01   8.5950e-01   8.5829e-01   8.5856e-01   8.5805e-01   8.5838e-01   8.5873e-01   8.5850e-01   8.5834e-01
   8.5023e-01   8.5381e-01   8.5080e-01   8.5183e-01   8.5183e-01   8.5293e-01   8.5271e-01   8.5283e-01   8.5308e-01   8.5258e-01
   8.3307e-01   8.4081e-01   8.4382e-01   8.4422e-01   8.4524e-01   8.4513e-01   8.4433e-01   8.4488e-01   8.4484e-01   8.4490e-01
   8.2659e-01   8.2864e-01   8.3346e-01   8.3535e-01   8.3619e-01   8.3531e-01   8.3572e-01   8.3588e-01   8.3642e-01   8.3607e-01
   8.1523e-01   8.0330e-01   8.1434e-01   8.1965e-01   8.2068e-01   8.2193e-01   8.2177e-01   8.2227e-01   8.2354e-01   8.2372e-01
   8.2433e-01   8.0864e-01   8.1178e-01   8.1480e-01   8.1379e-01   8.1488e-01   8.1496e-01   8.1612e-01   8.1650e-01   8.1651e-01
   8.2162e-01   8.1537e-01   8.1072e-01   8.0835e-01   8.0811e-01   8.0818e-01   8.0979e-01   8.0893e-01   8.0875e-01   8.1018e-01
   7.8824e-01   7.9800e-01   7.9515e-01   7.9807e-01   7.9920e-01   8.0073e-01   8.0121e-01   8.0114e-01   8.0206e-01   8.0235e-01
   7.5842e-01   7.4110e-01   7.5314e-01   7.6155e-01   7.6602e-01   7.7073e-01   7.7186e-01   7.7457e-01   7.7696e-01   7.7818e-01
   7.8970e-01   7.8275e-01   7.8200e-01   7.8410e-01   7.8564e-01   7.8446e-01   7.8324e-01   7.8023e-01   7.8094e-01   7.7908e-01
   7.6957e-01   7.6750e-01   7.5960e-01   7.6209e-01   7.6476e-01   7.6207e-01   7.6514e-01   7.5479e-01   7.5665e-01   7.5424e-01
   7.3167e-01   7.4392e-01   7.4649e-01   7.4902e-01   7.5159e-01   7.4549e-01   7.4923e-01   7.4937e-01   7.4471e-01   7.4286e-01
   7.5090e-01   7.1437e-01   7.1051e-01   6.9483e-01   7.0407e-01   6.9613e-01   6.8881e-01   6.9437e-01   6.9709e-01   7.0252e-01
   7.2389e-01   7.0254e-01   7.1341e-01   7.0570e-01   7.0950e-01   7.1305e-01   6.9750e-01   6.9907e-01   6.9252e-01   6.9470e-01
   6.8559e-01   6.8992e-01   6.5418e-01   6.3981e-01   6.5401e-01   6.6083e-01   6.6623e-01   6.7050e-01   6.6833e-01   6.7245e-01
   7.1001e-01   6.6488e-01   6.3054e-01   6.2750e-01   5.8244e-01   6.0069e-01   6.1045e-01   6.1698e-01   6.0766e-01   6.0202e-01
   6.6707e-01   6.2441e-01   5.8145e-01   4.8589e-01   3.1673e-01   1.7688e-01   8.1813e-02   1.9833e-04  -5.8337e-02  -1.0261e-01
   6.0579e-01   6.1595e-01   5.8923e-01   5.2697e-01   4.2452e-01   2.7577e-01   1.6364e-01   6.8734e-02   9.8064e-03  -3.9603e-02
   1.8839e-01  -1.1294e-01  -1.9767e-01  -2.5331e-01  -2.4703e-01  -2.7383e-01  -3.2203e-01  -3.4996e-01  -3.6943e-01  -3.8718e-01
   3.5617e-01   2.6933e-01   2.4902e-01   1.1335e-01   9.1657e-02   5.8038e-02  -2.2761e-02  -8.5012e-02  -1.0834e-01  -1.3030e-01
   5.6204e-01   5.6754e-01   4.2135e-01   2.3210e-01   1.7936e-01   1.8650e-01   1.6031e-01   1.1170e-01   1.0795e-01   1.3138e-01
   4.7310e-01   1.7463e-01   5.8448e-02   1.0103e-01   1.0905e-01   1.0199e-01   1.2339e-01   1.3877e-01   1.2639e-01   9.4816e-02
   4.4060e-01   2.7222e-01   1.8100e-01   1.9061e-01   1.7101e-01   1.3144e-01   1.4564e-01   9.8218e-02   7.3831e-02   5.9079e-02
   4.3817e-02   1.6924e-02  -8.4360e-02  -1.0936e-01  -9.7061e-02  -6.0244e-02  -3.3753e-02  -3.4624e-02  -4.6377e-02  -5.4119e-02
   2.3247e-01   1.8540e-01   1.5253e-01   1.9328e-01   1.6247e-01   1.4519e-01   1.6011e-01   1.5659e-01   1.5119e-01   1.6173e-01
   3.5435e-01   1.0248e-01   4.2944e-02  -9.2026e-03  -2.9441e-02  -1.8213e-02  -1.5162e-02  -1.4946e-02   1.8511e-02   1.9412e-02
   9.9836e-02  -3.3107e-03  -2.8120e-02  -2.0460e-02   1.8643e-02   1.1541e-02   2.3173e-02   2.2575e-02   2.1840e-02   1.1478e-02
   9.9602e-02   4.6158e-02   6.2833e-02   7.6759e-02   9.5191e-02   8.9640e-02   6.8284e-02   5.9668e-02   4.1160e-02   4.5685e-02
   6.9488e-02   6.9569e-02   5.1237e-02   6.4087e-02   6.7572e-02   6.2706e-02   3.9762e-02   2.5243e-02   2.0920e-02   1.6365e-02
   1.5312e-01   1.8267e-01   1.2271e-01   1.2145e-01   8.2743e-02   6.3409e-02   4.7207e-02   4.0409e-02   3.5725e-02   2.6456e-02
  -1.8022e-02  -3.4921e-02   1.6879e-02   5.6789e-03  -4.3810e-03   1.0969e-02   1.3979e-02   1.0977e-02   1.9246e-02   1.3530e-02
   7.2195e-02   3.3119e-03  -7.1389e-03  -1.8464e-02  -2.5346e-02  -4.1067e-02  -3.9948e-02  -3.1988e-02  -2.9310e-02  -2.5571e-02
  -7.9812e-04  -1.8037e-02   1.3767e-02   2.1253e-02   1.5846e-02   1.9587e-02   2.3433e-02   1.7588e-02   1.9475e-02   2.2790e-02
   3.6585e-02   3.9413e-02   2.2266e-02   2.4960e-02   3.1087e-02   2.3226e-02   2.6059e-02   4.1969e-02   3.9443e-02   4.9267e-02
   9.9050e-03  -3.0876e-02  -1.4057e-03  -1.4728e-02  -1.7120e-02  -1.4243e-02  -9.6019e-03  -8.4964e-03  -2.6882e-03  -8.0099e-03
   3.1366e-02   1.0422e-02   7.6688e-03  -1.8193e-02  -2.5300e-02  -2.1398e-02  -2.1973e-02  -2.2262e-02  -1.6993e-02  -1.0968e-02
   5.8807e-02   2.4613e-03  -2.1935e-02  -1.3152e-02  -8.1814e-03  -8.8158e-03  -1.9269e-04   4.5795e-03   9.2349e-03   1.1638e-02
   3.1802e-02   4.9011e-02   2.8523e-02   2.8085e-02   1.2093e-02   8.0400e-04   4.6689e-03  -2.2423e-03  -6.9858e-03  -7.2553e-03
   3.3091e-02   2.1106e-02   7.1830e-03   3.3732e-03  -1.1253e-02  -1.3960e-02  -1.1810e-02  -4.9159e-04   6.1517e-03   5.2807e-03
   1.2004e-01   6.9028e-02   3.6116e-02   3.8984e-02   3.7384e-02   3.5977e-02   3.7818e-02   3.3222e-02   3.6178e-02   3.2285e-02
   1.7775e-02   1.9767e-02   9.7751e-03   2.0028e-02   1.5491e-02   6.4672e-03   1.3920e-03   7.3278e-03   3.0765e-03   5.8811e-03
   2.9058e-02   2.7101e-02   1.5462e-02   2.0218e-03  -3.0529e-03  -1.1794e-03   1.8188e-03  -3.4722e-03  -7.5377e-03  -1.1086e-02
   2.8596e-02   1.3290e-02   1.5258e-02   1.5961e-02   1.7852e-02   1.5874e-02   1.1794e-02   1.2571e-02   1.3965e-02   9.8398e-03
   1.8481e-02   1.1312e-02   1.3909e-02   3.0391e-02   1.2744e-02   1.3581e-02   1.6731e-02   1.2893e-02   7.6376e-03   4.8358e-03
   4.4309e-02   2.3767e-02   1.7343e-02   9.5507e-03   4.9990e-03   7.7735e-03   1.0114e-02   8.8813e-03   1.3630e-02   1.0582e-02
   7.8928e-02   4.0471e-02   3.3151e-02   2.3058e-02   1.2829e-02   1.0550e-02   9.5209e-03   1.0068e-02   1.1312e-02   6.7080e-03
   4.0879e-02   9.6400e-03  -4.0968e-03  -7.3044e-03  -4.1346e-03  -8.1366e-03  -6.0899e-03   2.8510e-03   1.9320e-03   1.7816e-03
   3.2412e-02   2.0047e-02   4.5294e-03   8.6643e-03   6.3261e-04  -6.2177e-03  -1.2067e-02  -1.2192e-02  -9.9265e-03  -1.0979e-02
   3.3860e-02   3.2427e-02   2.5900e-02   2.2893e-02   1.6569e-02   1.5488e-02   1.1199e-02   1.1820e-02   8.7724e-03   4.6543e-03
   3.9496e-02   1.5568e-02   1.6299e-02   8.4524e-03   6.9967e-03   5.8542e-03   7.3973e-03   7.6452e-03   3.6207e-03   4.2227e-03
   2.3129e-02   1.0689e-02   1.0307e-03  -7.2273e-03  -5.0484e-03  -1.7006e-03   3.4808e-03   1.4635e-03   3.0627e-03   3.5123e-03
   3.5981e-02   2.4966e-02   2.4146e-02   1.6404e-02   1.6094e-02   1.3550e-02   1.0638e-02   9.9295e-03   8.5178e-03   9.4879e-03
   5.9664e-03  -1.0644e-02   3.5533e-03   4.6713e-03   3.9233e-03   5.6467e-03   2.3939e-03  -7.4464e-04  -9.6031e-04   8.4568e-04
   1.5438e-04   2.7804e-03   7.1057e-03   1.2798e-02   1.1339e-02   7.7214e-03   7.8372e-03   7.8976e-03   9.3777e-03   8.1958e-03
   3.5742e-02   2.8518e-02   7.9552e-03   2.8784e-03  -4.8593e-04   1.5508e-03  -1.4281e-03  -1.2561e-03  -1.9369e-03  -1.4966e-03
   6.5284e-03   1.6256e-03   9.2959e-05   7.0379e-03   1.0164e-02   9.2624e-03   8.0652e-03   6.5901e-03   4.1499e-03   3.2742e-03
   2.4781e-02   6.2184e-03   3.9496e-03   7.8318e-03   1.1091e-02   6.8461e-03   4.3334e-03   3.5332e-03   2.1593e-03   4.4645e-03
   5.7904e-03  -3.0021e-03  -1.1264e-03   2.5667e-03   4.6450e-03   4.5813e-03   5.5715e-03   9.4184e-03   7.3097e-03   9.5306e-03
   2.6411e-02   1.8968e-02   1.0737e-02   1.0759e-02   4.5112e-03   2.1046e-03   1.8843e-03   2.5165e-03   1.7164e-03   2.5628e-03
   1.3481e-02   1.5915e-02   1.4951e-02   1.4069e-02   1.2651e-02   1.1002e-02   7.3528e-03   5.9090e-03   4.4284e-03   2.2027e-03
   1.3660e-02  -4.4353e-03  -1.1734e-03   2.4740e-03   1.4725e-03  -8.6843e-04  -1.6035e-03  -2.3504e-03  -1.4388e-03   5.2334e-04
   4.0864e-03  -2.3714e-03  -3.8584e-03  -7.6270e-03  -6.3303e-03  -5.9110e-03  -6.1810e-03  -5.7341e-03  -4.4505e-03  -3.4608e-03
   2.8663e-02   1.1644e-02   7.1681e-03   3.9570e-03  -3.2885e-04  -2.8161e-03  -1.5726e-03  -1.5134e-03  -2.3506e-03  -2.1548e-03
   1.1756e-03   7.9030e-03  -7.7943e-04  -3.9224e-03  -4.5829e-03  -3.2882e-03  -2.7390e-03  -1.5746e-03  -1.2543e-03  -2.6606e-03
   3.8612e-03   3.4732e-03  -2.0144e-03  -4.8119e-04  -1.8868e-03  -5.0884e-04  -7.6284e-05   1.4345e-03   1.7308e-03   8.9024e-04
   1.9333e-02   6.6742e-03   5.1163e-03   3.2614e-03   7.3248e-03   5.5056e-03   3.1874e-03   4.2077e-03   5.5736e-03   6.2016e-03
   1.5730e-02   2.7229e-03   1.5538e-03   3.5470e-03   2.9747e-03   4.2337e-03   4.4875e-03   3.6432e-03   2.6184e-03   3.0997e-03
   1.4676e-02   1.2166e-03   3.0697e-04  -4.3695e-04  -1.7253e-03  -3.0677e-03  -3.5144e-03  -2.2851e-03  -1.2672e-03  -1.4884e-03
   3.1434e-03  -1.4838e-03  -6.7231e-04   1.6302e-03   5.0888e-03   7.2092e-03   2.7854e-03   2.4926e-03   1.7833e-03  -4.6328e-05
   1.9216e-02   1.2210e-02   7.4908e-03   4.9972e-03   2.5471e-03   2.1412e-03   3.5954e-03   3.7816e-03   2.5603e-03   1.2594e-03
   5.6318e-03   4.4207e-03   3.3921e-03   1.5373e-03   4.3677e-04   1.5367e-03   4.8758e-04   1.8812e-03   1.6184e-03   8.5496e-04
   2.0408e-02   1.2040e-02   3.0139e-03   1.2520e-05   1.2058e-03   9.7010e-04   1.0706e-03   1.2021e-03   2.7548e-03   3.9242e-03
   1.2469e-02  -1.2629e-03   2.2370e-03   5.3521e-04   2.3016e-03   2.8157e-03   1.8325e-03   1.9040e-03   8.4107e-04   9.3687e-04
   6.6078e-03   4.9011e-03   7.8325e-04  -2.3273e-03  -3.7746e-03  -4.9867e-03  -1.9305e-03  -3.5417e-03  -3.4735e-03  -3.7519e-03
   1.0666e-02   3.1384e-03   6.2205e-03   4.9845e-03   5.2593e-03   5.0142e-03   5.0156e-03   3.8086e-03   4.3302e-03   4.9623e-03
   4.2674e-03   1.1472e-03   2.4931e-03   1.3496e-03   1.8032e-03   2.3010e-03   2.4504e-03   3.9211e-03   3.1535e-03   2.8090e-03
   5.3175e-03   5.3539e-03   5.7408e-03   2.3640e-03   1.5832e-03   5.1924e-04  -1.6582e-04  -8.4542e-04  -3.8463e-04  -1.3023e-03
  -6.0875e-04  -2.7201e-03   2.1326e-03   3.8350e-03   1.6224e-03   2.6839e-04  -1.5043e-04  -1.3152e-03  -2.6149e-03  -2.7319e-03
   2.6445e-03   4.7466e-04  -1.6581e-03  -3.0780e-03  -2.5055e-03  -9.1778e-05   2.7730e-05  -2.5525e-04   6.5227e-05  -6.0632e-05
   6.1272e-03   1.3182e-03  -1.1120e-03  -4.1347e-04   7.5579e-04   1.5251e-03  -3.6365e-04  -1.7618e-04   6.9228e-04  -3.9940e-04
   1.2420e-02   7.4451e-03   7.3949e-03   9.4738e-03   6.7956e-03   5.8726e-03   4.8456e-03   6.4444e-03   7.1936e-03   7.6750e-03
   1.2409e-03  -3.8720e-03  -2.1781e-03   9.3833e-04   6.3876e-04   1.3028e-03   1.6342e-03   1.3243e-04   9.2561e-04   8.0444e-04
   8.4316e-03   4.1800e-03   1.7928e-03   8.6113e-04  -1.0508e-04  -4.9669e-04  -1.3456e-03  -6.3562e-04   6.3927e-05  -1.5812e-03
   2.1572e-02   1.5066e-02   9.0345e-03   7.0535e-03   4.6113e-03   3.0129e-03   2.5886e-03   2.9306e-03   3.0173e-03   3.1850e-03
   8.0307e-03   4.5509e-03   4.8740e-03   2.5520e-03   1.4206e-03   5.3464e-04   1.7654e-04  -6.2829e-04  -1.1894e-03  -1.8559e-03
   7.6433e-04   2.5177e-03   2.0545e-03   1.9739e-03   2.4525e-03   2.0357e-03   1.2329e-03   2.2102e-03   1.4940e-03   1.1318e-03
  -3.2866e-03  -6.0057e-04  -1.1994e-04   1.0872e-03   9.5999e-04   2.7572e-04  -1.2144e-03  -1.0773e-03  -1.6778e-03  -1.5776e-03
   3.5999e-03   4.9339e-03   3.3246e-03   1.7574e-04   2.7847e-03   2.4487e-03   2.7017e-03   2.5293e-03   2.9749e-03   2.7511e-03

   0.9573   0.9572   0.9570   0.9570   0.9571   0.9571   0.9569   0.9569   0.9569   0.9570
   0.9553   0.9553   0.9553   0.9552   0.9553   0.9552   0.9552   0.9552   0.9552   0.9552
   0.9543   0.9536   0.9535   0.9533   0.9534   0.9534   0.9536   0.9536   0.9535   0.9535
   0.9520   0.9524   0.9523   0.9522   0.9522   0.9522   0.9521   0.9520   0.9520   0.9520
   0.9503   0.9502   0.9500   0.9500   0.9500   0.9499   0.9500   0.9500   0.9500   0.9500
   0.9489   0.9486   0.9487   0.9488   0.9487   0.9487   0.9486   0.9485   0.9486   0.9486
   0.9471   0.9469   0.9468   0.9469   0.9469   0.9469   0.9468   0.9468   0.9467   0.9466
   0.9446   0.9450   0.9449   0.9448   0.9448   0.9448   0.9449   0.9448   0.9447   0.9447
   0.9430   0.9428   0.9430   0.9428   0.9428   0.9428   0.9428   0.9427   0.9428   0.9427
   0.9404   0.9402   0.9405   0.9405   0.9402   0.9402   0.9402   0.9402   0.9403   0.9403
   0.9380   0.9377   0.9381   0.9383   0.9384   0.9384   0.9384   0.9384   0.9383   0.9383
   0.9359   0.9359   0.9360   0.9360   0.9357   0.9357   0.9356   0.9357   0.9357   0.9357
   0.9343   0.9340   0.9337   0.9337   0.9339   0.9339   0.9339   0.9337   0.9338   0.9338
   0.9314   0.9315   0.9315   0.9314   0.9312   0.9314   0.9311   0.9312   0.9312   0.9310
   0.9281   0.9288   0.9289   0.9291   0.9292   0.9290   0.9290   0.9290   0.9290   0.9289
   0.9256   0.9265   0.9266   0.9266   0.9265   0.9260   0.9259   0.9260   0.9261   0.9260
   0.9240   0.9240   0.9235   0.9234   0.9234   0.9233   0.9232   0.9232   0.9233   0.9235
   0.9207   0.9207   0.9209   0.9211   0.9210   0.9210   0.9211   0.9211   0.9211   0.9211
   0.9183   0.9179   0.9172   0.9176   0.9175   0.9175   0.9176   0.9174   0.9175   0.9173
   0.9149   0.9144   0.9142   0.9144   0.9140   0.9143   0.9143   0.9144   0.9145   0.9143
   0.9114   0.9122   0.9120   0.9118   0.9111   0.9113   0.9110   0.9108   0.9108   0.9110
   0.9071   0.9066   0.9069   0.9071   0.9076   0.9077   0.9078   0.9077   0.9077   0.9077
   0.9066   0.9043   0.9047   0.9051   0.9049   0.9049   0.9048   0.9048   0.9046   0.9045
   0.9021   0.9018   0.9017   0.9013   0.9013   0.9017   0.9016   0.9013   0.9011   0.9009
   0.8992   0.8996   0.8990   0.8986   0.8983   0.8982   0.8978   0.8981   0.8978   0.8979
   0.8945   0.8945   0.8945   0.8943   0.8940   0.8933   0.8935   0.8932   0.8930   0.8930
   0.8900   0.8891   0.8890   0.8888   0.8890   0.8891   0.8886   0.8891   0.8891   0.8891
   0.8838   0.8838   0.8851   0.8844   0.8842   0.8839   0.8843   0.8840   0.8836   0.8836
   0.8814   0.8802   0.8786   0.8780   0.8773   0.8778   0.8782   0.8778   0.8774   0.8778
   0.8749   0.8760   0.8762   0.8753   0.8748   0.8747   0.8745   0.8741   0.8736   0.8739
   0.8703   0.8662   0.8656   0.8670   0.8654   0.8654   0.8663   0.8668   0.8671   0.8671
   0.8638   0.8636   0.8633   0.8628   0.8632   0.8631   0.8633   0.8635   0.8636   0.8639
   0.8586   0.8594   0.8595   0.8583   0.8586   0.8581   0.8584   0.8587   0.8585   0.8583
   0.8502   0.8538   0.8508   0.8518   0.8518   0.8529   0.8527   0.8528   0.8531   0.8526
   0.8331   0.8408   0.8438   0.8442   0.8452   0.8451   0.8443   0.8449   0.8448   0.8449
   0.8266   0.8286   0.8335   0.8353   0.8362   0.8353   0.8357   0.8359   0.8364   0.8361
   0.8152   0.8033   0.8143   0.8197   0.8207   0.8219   0.8218   0.8223   0.8235   0.8237
   0.8243   0.8086   0.8118   0.8148   0.8138   0.8149   0.8150   0.8161   0.8165   0.8165
   0.8216   0.8154   0.8107   0.8084   0.8081   0.8082   0.8098   0.8089   0.8087   0.8102
   0.7882   0.7980   0.7952   0.7981   0.7992   0.8007   0.8012   0.8011   0.8021   0.8023
   0.7584   0.7411   0.7531   0.7616   0.7660   0.7707   0.7719   0.7746   0.7770   0.7782
   0.7897   0.7827   0.7820   0.7841   0.7856   0.7845   0.7832   0.7802   0.7809   0.7791
   0.7696   0.7675   0.7596   0.7621   0.7648   0.7621   0.7651   0.7548   0.7566   0.7542
   0.7317   0.7439   0.7465   0.7490   0.7516   0.7455   0.7492   0.7494   0.7447   0.7429
   0.7509   0.7144   0.7105   0.6948   0.7041   0.6961   0.6888   0.6944   0.6971   0.7025
   0.7239   0.7025   0.7134   0.7057   0.7095   0.7131   0.6975   0.6991   0.6925   0.6947
   0.6856   0.6899   0.6542   0.6398   0.6540   0.6608   0.6662   0.6705   0.6683   0.6724
   0.7100   0.6649   0.6305   0.6275   0.5824   0.6007   0.6104   0.6170   0.6077   0.6020
   0.6671   0.6244   0.5815   0.4860   0.4627   0.4727   0.4749   0.4870   0.4914   0.4923
   0.6058   0.6160   0.5892   0.5270   0.4432   0.4473   0.4562   0.4736   0.4723   0.4735
   0.3927   0.4035   0.3914   0.3986   0.3648   0.3720   0.4061   0.4236   0.4349   0.4461
   0.3573   0.2715   0.2672   0.2738   0.2619   0.2488   0.2857   0.3151   0.3130   0.3145
   0.5620   0.5675   0.4740   0.4394   0.3807   0.3571   0.3423   0.3295   0.3065   0.3101
   0.4731   0.3158   0.2906   0.2775   0.2666   0.2441   0.2455   0.2465   0.2312   0.2274
   0.4406   0.2836   0.2395   0.2345   0.2352   0.2187   0.2205   0.2248   0.2137   0.2027
   0.1697   0.1418   0.1902   0.1892   0.1732   0.1689   0.1654   0.1571   0.1553   0.1615
   0.2406   0.2155   0.1885   0.2202   0.2009   0.1834   0.1965   0.1886   0.1845   0.1918
   0.3561   0.2672   0.2112   0.2006   0.1868   0.1734   0.1626   0.1666   0.1799   0.1695
   0.1226   0.1270   0.1235   0.1238   0.1344   0.1326   0.1306   0.1238   0.1189   0.1214
   0.1467   0.1109   0.1192   0.1217   0.1312   0.1299   0.1327   0.1239   0.1249   0.1338
   0.2419   0.1965   0.1624   0.1522   0.1404   0.1314   0.1285   0.1240   0.1253   0.1196
   0.1881   0.2003   0.1711   0.1660   0.1503   0.1378   0.1340   0.1281   0.1316   0.1290
   0.1860   0.1367   0.1375   0.1328   0.1282   0.1241   0.1224   0.1173   0.1222   0.1191
   0.1222   0.1093   0.0999   0.1009   0.0965   0.1022   0.1015   0.1002   0.1019   0.0987
   0.1612   0.1273   0.1220   0.1121   0.1114   0.1063   0.1023   0.1040   0.0995   0.0984
   0.1401   0.1165   0.1040   0.0966   0.0943   0.0904   0.0924   0.1002   0.0978   0.1038
   0.1464   0.1243   0.1126   0.1072   0.1090   0.1048   0.0992   0.0980   0.0980   0.0991
   0.1437   0.1153   0.1045   0.1050   0.0999   0.0948   0.0891   0.0879   0.0880   0.0858
   0.1163   0.1052   0.1034   0.0999   0.1000   0.0958   0.0942   0.0914   0.0900   0.0891
   0.0951   0.0974   0.0898   0.0834   0.0856   0.0842   0.0797   0.0801   0.0790   0.0786
   0.0842   0.0820   0.0820   0.0833   0.0841   0.0861   0.0850   0.0865   0.0858   0.0850
   0.1410   0.1029   0.0959   0.0942   0.0918   0.0915   0.0884   0.0857   0.0851   0.0825
   0.0926   0.0961   0.0840   0.0791   0.0811   0.0789   0.0784   0.0805   0.0783   0.0769
   0.0923   0.0910   0.0875   0.0847   0.0805   0.0783   0.0752   0.0784   0.0768   0.0763
   0.0911   0.0848   0.0830   0.0784   0.0738   0.0709   0.0680   0.0680   0.0697   0.0690
   0.1051   0.0857   0.0856   0.0896   0.0859   0.0856   0.0828   0.0790   0.0777   0.0755
   0.0802   0.0676   0.0673   0.0661   0.0694   0.0686   0.0696   0.0677   0.0680   0.0689
   0.1009   0.0826   0.0771   0.0742   0.0761   0.0726   0.0725   0.0709   0.0698   0.0703
   0.0852   0.0719   0.0665   0.0664   0.0635   0.0617   0.0621   0.0667   0.0658   0.0655
   0.0738   0.0731   0.0703   0.0701   0.0695   0.0678   0.0699   0.0675   0.0668   0.0666
   0.0738   0.0691   0.0652   0.0623   0.0652   0.0646   0.0628   0.0632   0.0618   0.0623
   0.0735   0.0611   0.0596   0.0615   0.0587   0.0568   0.0561   0.0566   0.0573   0.0570
   0.0697   0.0652   0.0656   0.0661   0.0644   0.0639   0.0635   0.0622   0.0606   0.0598
   0.0763   0.0653   0.0624   0.0620   0.0601   0.0603   0.0599   0.0581   0.0578   0.0571
   0.0711   0.0654   0.0689   0.0644   0.0609   0.0602   0.0602   0.0593   0.0578   0.0569
   0.0705   0.0619   0.0620   0.0603   0.0600   0.0584   0.0574   0.0569   0.0561   0.0552
   0.0756   0.0642   0.0614   0.0585   0.0575   0.0567   0.0569   0.0563   0.0553   0.0557
   0.0603   0.0564   0.0538   0.0529   0.0558   0.0552   0.0540   0.0534   0.0543   0.0535
   0.0696   0.0616   0.0577   0.0558   0.0548   0.0534   0.0532   0.0518   0.0517   0.0512
   0.0616   0.0531   0.0485   0.0494   0.0513   0.0510   0.0515   0.0522   0.0525   0.0525
   0.0573   0.0581   0.0550   0.0527   0.0528   0.0512   0.0505   0.0502   0.0493   0.0492
   0.0572   0.0574   0.0575   0.0554   0.0542   0.0539   0.0529   0.0518   0.0515   0.0524
   0.0596   0.0542   0.0507   0.0492   0.0498   0.0488   0.0499   0.0487   0.0486   0.0480
   0.0625   0.0546   0.0491   0.0491   0.0474   0.0467   0.0467   0.0463   0.0462   0.0462
   0.0567   0.0535   0.0516   0.0508   0.0497   0.0491   0.0483   0.0482   0.0481   0.0482
   0.0552   0.0508   0.0489   0.0493   0.0497   0.0496   0.0489   0.0480   0.0482   0.0481
   0.0467   0.0455   0.0477   0.0470   0.0470   0.0478   0.0478   0.0479   0.0473   0.0471
   0.0517   0.0477   0.0454   0.0451   0.0455   0.0448   0.0450   0.0451   0.0451   0.0448
   0.0505   0.0473   0.0469   0.0473   0.0460   0.0458   0.0455   0.0466   0.0461   0.0459
   0.0573   0.0526   0.0503   0.0469   0.0466   0.0455   0.0454   0.0456   0.0455   0.0452
   0.0541   0.0486   0.0473   0.0466   0.0459   0.0450   0.0449   0.0445   0.0441   0.0437
   0.0428   0.0410   0.0401   0.0415   0.0417   0.0415   0.0420   0.0419   0.0412   0.0415
   0.0573   0.0469   0.0452   0.0437   0.0425   0.0418   0.0422   0.0425   0.0421   0.0421
   0.0513   0.0467   0.0451   0.0436   0.0425   0.0415   0.0410   0.0414   0.0413   0.0412
   0.0491   0.0449   0.0416   0.0407   0.0412   0.0418   0.0416   0.0413   0.0411   0.0413
   0.0472   0.0453   0.0433   0.0412   0.0401   0.0401   0.0404   0.0397   0.0395   0.0399
   0.0452   0.0430   0.0420   0.0407   0.0402   0.0396   0.0388   0.0388   0.0387   0.0388
   0.0496   0.0457   0.0426   0.0425   0.0407   0.0400   0.0398   0.0397   0.0396   0.0397
   0.0460   0.0421   0.0406   0.0401   0.0392   0.0398   0.0394   0.0394   0.0392   0.0392
   0.0439   0.0423   0.0411   0.0396   0.0389   0.0381   0.0388   0.0387   0.0389   0.0394
   0.0448   0.0431   0.0417   0.0410   0.0404   0.0395   0.0393   0.0394   0.0391   0.0390
   0.0435   0.0405   0.0394   0.0386   0.0384   0.0388   0.0389   0.0388   0.0390   0.0392
   0.0443   0.0418   0.0395   0.0391   0.0390   0.0388   0.0388   0.0390   0.0390   0.0388
   0.0405   0.0408   0.0384   0.0370   0.0363   0.0358   0.0362   0.0360   0.0357   0.0357
   0.0450   0.0403   0.0389   0.0378   0.0375   0.0376   0.0367   0.0363   0.0363   0.0364
   0.0479   0.0426   0.0405   0.0382   0.0376   0.0377   0.0374   0.0370   0.0368   0.0367
   0.0399   0.0381   0.0378   0.0379   0.0367   0.0364   0.0358   0.0361   0.0359   0.0356
   0.0388   0.0370   0.0362   0.0369   0.0363   0.0365   0.0357   0.0358   0.0355   0.0352
   0.0422   0.0386   0.0372   0.0367   0.0364   0.0358   0.0361   0.0361   0.0359   0.0356
   0.0387   0.0346   0.0347   0.0343   0.0345   0.0343   0.0341   0.0341   0.0346   0.0348

   0.4319   0.4278   0.4218   0.4349   0.4443   0.4374   0.4359   0.4298   0.4305   0.4317
   0.4870   0.4584   0.4506   0.4442   0.4396   0.4427   0.4432   0.4419   0.4452   0.4446
   0.5231   0.5183   0.5099   0.5023   0.4913   0.4813   0.4751   0.4714   0.4697   0.4667
   0.5015   0.4739   0.4898   0.4899   0.4886   0.4771   0.4799   0.4881   0.4830   0.4779
   0.4894   0.5039   0.5057   0.5154   0.5061   0.5058   0.5033   0.5010   0.4988   0.4988
   0.5134   0.5143   0.5124   0.4977   0.4973   0.5022   0.5012   0.5019   0.4980   0.4991
   0.5292   0.4844   0.4806   0.4896   0.4877   0.4930   0.5064   0.5050   0.5101   0.5107
   0.5740   0.5537   0.5353   0.5275   0.5245   0.5294   0.5327   0.5249   0.5210   0.5147
   0.5726   0.5850   0.5502   0.5498   0.5393   0.5344   0.5330   0.5316   0.5285   0.5288
   0.6270   0.5841   0.5787   0.5805   0.5822   0.5725   0.5663   0.5645   0.5629   0.5555
   0.5774   0.5998   0.5675   0.5673   0.5625   0.5728   0.5672   0.5661   0.5675   0.5717
   0.5924   0.5610   0.5703   0.5823   0.5939   0.5879   0.5844   0.5869   0.5860   0.5830
   0.6241   0.6086   0.6068   0.6145   0.6084   0.6029   0.6035   0.6104   0.6078   0.6071
   0.6274   0.6252   0.6234   0.6043   0.6034   0.6004   0.6086   0.6096   0.6095   0.6111
   0.7381   0.6869   0.6885   0.6568   0.6521   0.6471   0.6432   0.6466   0.6374   0.6361
   0.6172   0.5992   0.6284   0.6254   0.6281   0.6309   0.6344   0.6282   0.6274   0.6255
   0.6587   0.6746   0.6615   0.6650   0.6615   0.6751   0.6663   0.6541   0.6521   0.6489
   0.7724   0.6984   0.6936   0.6839   0.6674   0.6776   0.6791   0.6798   0.6756   0.6797
   0.7645   0.7589   0.7341   0.7150   0.7069   0.7012   0.7050   0.7045   0.7033   0.7026
   0.7183   0.7419   0.7215   0.7264   0.7334   0.7357   0.7362   0.7317   0.7331   0.7353
   0.7524   0.7083   0.7379   0.7511   0.7415   0.7257   0.7237   0.7220   0.7276   0.7275
   0.7747   0.8017   0.8098   0.8143   0.8039   0.7868   0.7841   0.7816   0.7719   0.7730
   0.8046   0.7828   0.7430   0.7343   0.7409   0.7396   0.7482   0.7477   0.7482   0.7458
   0.7701   0.7787   0.7605   0.7763   0.7768   0.7679   0.7821   0.7920   0.7817   0.7712
   0.8714   0.8093   0.8286   0.8216   0.8200   0.8153   0.8173   0.8177   0.8280   0.8158
   0.9051   0.9048   0.8811   0.8813   0.8679   0.8576   0.8478   0.8595   0.8502   0.8493
   0.9568   0.8838   0.8649   0.8931   0.8830   0.8636   0.8680   0.8703   0.8742   0.8724
   0.9907   0.9101   0.9069   0.9226   0.9199   0.9277   0.9059   0.9100   0.9306   0.9244
   0.9543   0.9417   0.9578   0.9474   0.9530   0.9516   0.9535   0.9611   0.9542   0.9439
   0.9860   0.8917   0.8944   0.8806   0.8701   0.8732   0.8913   0.8992   0.9181   0.9126
   0.9862   1.0800   1.0583   1.0024   1.1080   1.0775   1.0650   1.0466   1.0371   1.0209
   1.0014   0.9173   0.9538   0.9625   0.9535   0.9349   0.9424   0.9250   0.9341   0.9421
   1.1846   1.0364   1.0185   1.0210   1.0477   1.0520   1.0520   1.0519   1.0429   1.0380
   1.2515   1.0854   1.0840   1.0518   1.0402   1.0243   1.0095   1.0067   1.0059   1.0124
   1.2619   1.1996   1.1729   1.1411   1.1127   1.1386   1.1310   1.1263   1.1066   1.1138
   1.2887   1.1957   1.1450   1.1731   1.1496   1.1248   1.1456   1.1195   1.1107   1.1251
   1.5870   1.5298   1.4184   1.3764   1.3458   1.2840   1.2835   1.2724   1.2452   1.2424
   1.3154   1.3358   1.2922   1.2745   1.3379   1.3265   1.3063   1.2793   1.2610   1.2668
   1.3850   1.4271   1.3212   1.3002   1.2917   1.3136   1.2794   1.2438   1.2436   1.2252
   1.5320   1.3912   1.4023   1.3528   1.3060   1.2931   1.2934   1.2759   1.2605   1.2802
   2.1484   2.1120   1.8697   1.7903   1.6996   1.6514   1.6002   1.5676   1.5471   1.5204
   1.6148   1.3638   1.2925   1.3246   1.3219   1.3407   1.3819   1.3921   1.3653   1.3828
   1.7711   1.5688   1.5643   1.5558   1.5269   1.5239   1.5060   1.6539   1.6321   1.6363
   2.4981   1.9187   1.7007   1.7455   1.6880   1.6359   1.5870   1.5567   1.5738   1.5950
   1.6124   1.6889   1.6311   1.7909   1.8177   1.8473   1.8133   1.7508   1.7320   1.7525
   1.8125   2.0555   1.8161   1.7005   1.6466   1.7100   1.8588   1.8380   1.8695   1.8533
   2.5711   2.3692   2.2034   2.1953   2.2674   2.1118   2.0607   2.0084   1.9828   1.9509
   2.5190   2.5369   2.7960   2.4493   2.5799   2.4868   2.3196   2.2057   2.2780   2.2189
   2.6521   2.5747   2.5051   2.4742   2.3962   2.2790   2.1284   2.1217   2.1437   2.0837
   2.3764   2.0079   1.8735   2.1397   2.4909   2.4364   2.3950   2.4006   2.4285   2.4866
   4.4095   3.0949   2.7626   2.5497   2.4529   2.3952   2.5477   2.5446   2.4724   2.4772
   3.5927   2.3653   2.1284   1.9160   1.8207   1.7548   1.9393   2.0234   1.9840   1.9232
   2.9065   2.4901   2.8669   2.7750   2.6507   2.4481   2.4656   2.3009   2.2631   2.2668
   2.7689   2.3654   2.0986   2.0774   1.9550   1.9065   1.8100   1.8072   1.7883   1.7180
   2.3564   2.0450   1.8355   1.6979   1.6553   1.6294   1.6052   1.6345   1.6180   1.6049
   3.0638   2.3575   1.9889   1.7953   1.6880   1.5801   1.5423   1.5116   1.4905   1.4995
   3.3805   2.4202   2.0271   1.9252   1.7797   1.6649   1.7275   1.6866   1.6414   1.6334
   3.2441   2.5170   2.2741   2.0614   1.9149   1.7881   1.6821   1.6090   1.5916   1.5315
   3.1149   2.1684   1.7952   1.6126   1.5113   1.4249   1.3954   1.3771   1.3615   1.3489
   2.7906   2.0314   1.7059   1.5162   1.4072   1.3850   1.3363   1.2976   1.2739   1.2573
   3.5118   2.3950   1.9954   1.7579   1.6055   1.5122   1.4292   1.3948   1.3676   1.3279
   2.6884   1.9608   1.6987   1.6743   1.5340   1.4947   1.4369   1.3960   1.3782   1.3440
   2.8092   1.9735   1.6234   1.5133   1.4190   1.3861   1.3306   1.2933   1.2559   1.2548
   2.6862   1.8521   1.5443   1.4253   1.3237   1.2835   1.2750   1.2722   1.2425   1.2155
   2.4311   1.6703   1.4103   1.3011   1.2733   1.2224   1.2153   1.2272   1.2164   1.1829
   2.6178   1.8138   1.5136   1.3553   1.2478   1.2104   1.1740   1.1357   1.1125   1.1161
   2.6221   1.8292   1.5279   1.3769   1.2835   1.2264   1.1736   1.1519   1.1347   1.1039
   2.4500   1.7370   1.4540   1.3348   1.2688   1.1932   1.1467   1.1185   1.0929   1.0773
   2.4251   1.6724   1.4345   1.2965   1.2001   1.1768   1.1400   1.1004   1.0849   1.0727
   2.2350   1.4977   1.2710   1.1605   1.1475   1.1057   1.0795   1.0466   1.0226   1.0082
   2.1573   1.5670   1.3401   1.2321   1.1517   1.0912   1.0495   1.0163   0.9903   0.9712
   2.3321   1.6477   1.4113   1.2802   1.2014   1.1471   1.0928   1.0696   1.0482   1.0185
   2.5287   1.6925   1.4019   1.2794   1.1888   1.1444   1.1041   1.0542   1.0493   1.0328
   2.4784   1.5972   1.3240   1.1922   1.1041   1.0424   1.0203   1.0091   0.9878   0.9653
   2.2232   1.5252   1.2656   1.1304   1.0625   1.0119   0.9823   0.9492   0.9355   0.9158
   2.2647   1.5521   1.3198   1.1867   1.1100   1.0525   1.0287   0.9928   0.9641   0.9480
   2.2824   1.4986   1.2427   1.1079   1.0427   0.9988   0.9612   0.9326   0.9042   0.8825
   2.2560   1.4869   1.2656   1.1312   1.0878   1.0277   0.9837   0.9526   0.9263   0.9003
   2.1347   1.4525   1.2206   1.1146   1.0423   0.9875   0.9539   0.9275   0.8952   0.8844
   2.3106   1.5284   1.2661   1.1348   1.0454   0.9936   0.9621   0.9276   0.9034   0.8922
   1.9330   1.2835   1.0807   0.9747   0.9310   0.8966   0.8637   0.8377   0.8214   0.8175
   2.1941   1.4345   1.1912   1.0652   0.9837   0.9268   0.8975   0.8691   0.8622   0.8449
   2.0519   1.3456   1.1520   1.0245   0.9511   0.9087   0.8864   0.8730   0.8557   0.8353
   2.0523   1.3753   1.1360   1.0136   0.9448   0.9173   0.8808   0.8555   0.8307   0.8112
   2.0787   1.3808   1.1202   0.9973   0.9343   0.8736   0.8409   0.8286   0.8050   0.7861
   2.1258   1.3932   1.1764   1.0320   0.9540   0.8920   0.8580   0.8298   0.8105   0.7887
   1.9709   1.3079   1.0945   0.9684   0.8961   0.8465   0.8060   0.7782   0.7649   0.7498
   1.8748   1.2834   1.0481   0.9412   0.8828   0.8478   0.8133   0.7916   0.7664   0.7450
   1.8887   1.2497   1.0451   0.9309   0.8714   0.8304   0.8032   0.7838   0.7704   0.7507
   1.9240   1.2696   1.0337   0.9253   0.8583   0.8151   0.7868   0.7672   0.7539   0.7449
   1.9358   1.2883   1.0576   0.9436   0.8652   0.8129   0.7808   0.7542   0.7334   0.7201
   1.8811   1.2320   0.9961   0.8923   0.8365   0.8004   0.7638   0.7414   0.7157   0.7068
   1.8263   1.1884   1.0005   0.9042   0.8326   0.7888   0.7616   0.7407   0.7276   0.7095
   1.8269   1.1959   0.9947   0.9023   0.8320   0.7948   0.7648   0.7422   0.7251   0.7054
   1.5607   1.0847   0.9240   0.8400   0.7834   0.7481   0.7286   0.7130   0.6965   0.6833
   1.8862   1.2144   0.9826   0.8884   0.8237   0.7869   0.7527   0.7249   0.7108   0.6930
   1.7611   1.1473   0.9437   0.8354   0.7816   0.7410   0.7104   0.6925   0.6753   0.6654
   1.8014   1.1995   0.9783   0.8693   0.7968   0.7589   0.7262   0.7047   0.6825   0.6675
   1.7521   1.1608   0.9593   0.8463   0.7845   0.7450   0.7168   0.6872   0.6679   0.6520
   1.6073   1.0828   0.9019   0.7986   0.7432   0.7132   0.6826   0.6617   0.6454   0.6402
   1.9055   1.1867   0.9586   0.8406   0.7735   0.7309   0.7054   0.6809   0.6651   0.6482
   1.7281   1.1116   0.9345   0.8268   0.7639   0.7105   0.6824   0.6649   0.6451   0.6273
   1.5961   1.0448   0.8618   0.7650   0.7104   0.6730   0.6425   0.6239   0.6135   0.5994
   1.6864   1.0937   0.9093   0.8005   0.7392   0.6992   0.6676   0.6439   0.6277   0.6107
   1.5409   1.0362   0.8706   0.7797   0.7232   0.6814   0.6488   0.6264   0.6075   0.5973
   1.5216   1.0141   0.8288   0.7373   0.6902   0.6580   0.6302   0.6137   0.5976   0.5881
   1.5884   1.0247   0.8421   0.7518   0.7048   0.6669   0.6444   0.6238   0.6024   0.5919
   1.5782   1.0425   0.8466   0.7465   0.6906   0.6534   0.6238   0.6021   0.5917   0.5795
   1.5093   0.9885   0.8030   0.7242   0.6657   0.6373   0.6132   0.5885   0.5736   0.5605
   1.4217   0.9473   0.8026   0.7160   0.6643   0.6335   0.6124   0.5947   0.5783   0.5670
   1.4956   0.9837   0.8057   0.7149   0.6659   0.6276   0.5949   0.5739   0.5544   0.5442
   1.5401   0.9782   0.7917   0.7078   0.6550   0.6210   0.5939   0.5762   0.5598   0.5459
   1.4367   0.9306   0.7737   0.6940   0.6420   0.6088   0.5869   0.5696   0.5514   0.5445
   1.4195   0.9169   0.7643   0.6792   0.6291   0.5998   0.5706   0.5532   0.5404   0.5305
   1.4088   0.9146   0.7430   0.6742   0.6230   0.5913   0.5661   0.5474   0.5367   0.5231
   1.4464   0.9410   0.7757   0.6848   0.6301   0.5909   0.5641   0.5492   0.5334   0.5226
   1.3892   0.8996   0.7241   0.6482   0.5976   0.5706   0.5461   0.5281   0.5180   0.5084
   1.4003   0.9306   0.7667   0.6809   0.6299   0.5916   0.5625   0.5418   0.5298   0.5202
   1.3465   0.8762   0.7271   0.6503   0.5929   0.5603   0.5339   0.5172   0.5079   0.4967
   1.3781   0.9019   0.7301   0.6451   0.5935   0.5629   0.5375   0.5211   0.5049   0.4990

   1.0599e-01   1.0812e-01   1.0728e-01   1.1111e-01   1.1244e-01   1.1033e-01   1.1253e-01   1.1126e-01   1.1095e-01   1.1084e-01
   1.2423e-01   1.2191e-01   1.1959e-01   1.1774e-01   1.1597e-01   1.1798e-01   1.1837e-01   1.1928e-01   1.1939e-01   1.2008e-01
   1.4006e-01   1.4586e-01   1.4331e-01   1.3987e-01   1.3496e-01   1.3204e-01   1.3084e-01   1.2967e-01   1.3353e-01   1.3141e-01
   1.3307e-01   1.2598e-01   1.3071e-01   1.3352e-01   1.3426e-01   1.3068e-01   1.3360e-01   1.3875e-01   1.3584e-01   1.3449e-01
   1.3372e-01   1.4153e-01   1.4559e-01   1.4967e-01   1.4719e-01   1.4758e-01   1.4687e-01   1.4651e-01   1.4472e-01   1.4571e-01
   1.4701e-01   1.4999e-01   1.5159e-01   1.4636e-01   1.4819e-01   1.4809e-01   1.4691e-01   1.4693e-01   1.4582e-01   1.4592e-01
   1.6530e-01   1.4997e-01   1.4895e-01   1.4930e-01   1.4778e-01   1.4750e-01   1.5260e-01   1.5247e-01   1.5552e-01   1.5513e-01
   1.7718e-01   1.6626e-01   1.6053e-01   1.6329e-01   1.6415e-01   1.6745e-01   1.6742e-01   1.6497e-01   1.6602e-01   1.6434e-01
   1.8537e-01   1.9235e-01   1.7691e-01   1.7593e-01   1.7217e-01   1.7149e-01   1.7071e-01   1.7014e-01   1.6846e-01   1.7035e-01
   1.9952e-01   1.9806e-01   1.9380e-01   1.9398e-01   2.0045e-01   1.9459e-01   1.9319e-01   1.9308e-01   1.9535e-01   1.9080e-01
   2.0476e-01   2.5838e-01   2.3031e-01   2.1974e-01   2.1254e-01   2.1376e-01   2.0915e-01   2.0787e-01   2.0826e-01   2.0861e-01
   2.1059e-01   2.0857e-01   2.1114e-01   2.1391e-01   2.1792e-01   2.1627e-01   2.1598e-01   2.1558e-01   2.1510e-01   2.1240e-01
   2.2004e-01   2.2775e-01   2.2883e-01   2.3359e-01   2.2933e-01   2.2879e-01   2.2804e-01   2.3041e-01   2.2717e-01   2.2749e-01
   2.7144e-01   2.5614e-01   2.6217e-01   2.5439e-01   2.6076e-01   2.5303e-01   2.6400e-01   2.5821e-01   2.5503e-01   2.5544e-01
   3.1637e-01   2.7806e-01   2.8118e-01   2.6390e-01   2.5804e-01   2.6026e-01   2.5855e-01   2.6303e-01   2.5887e-01   2.5697e-01
   2.6267e-01   2.4541e-01   2.5704e-01   2.5773e-01   2.6201e-01   2.9061e-01   2.8937e-01   2.8264e-01   2.8047e-01   2.7602e-01
   2.9008e-01   2.9499e-01   2.9136e-01   2.9953e-01   2.9550e-01   3.0043e-01   2.9574e-01   2.9006e-01   2.8831e-01   2.8512e-01
   4.5638e-01   3.6153e-01   3.4169e-01   3.2909e-01   3.1670e-01   3.1455e-01   3.1125e-01   3.1036e-01   3.0793e-01   3.1065e-01
   3.1624e-01   3.5137e-01   3.4069e-01   3.3590e-01   3.2920e-01   3.2472e-01   3.2547e-01   3.3242e-01   3.3151e-01   3.3601e-01
   3.2048e-01   3.5538e-01   3.5997e-01   3.5770e-01   3.6840e-01   3.6450e-01   3.7526e-01   3.7007e-01   3.6912e-01   3.7027e-01
   3.5987e-01   3.5054e-01   3.8948e-01   4.1103e-01   4.4962e-01   4.3069e-01   4.2366e-01   4.4213e-01   4.3495e-01   4.2550e-01
   3.8807e-01   4.5940e-01   4.4099e-01   4.5202e-01   4.3420e-01   4.3152e-01   4.2954e-01   4.3247e-01   4.2228e-01   4.2732e-01
   4.3723e-01   4.4339e-01   4.1594e-01   4.0737e-01   4.1111e-01   4.0506e-01   4.1603e-01   4.1716e-01   4.2562e-01   4.2593e-01
   4.0281e-01   4.2590e-01   4.2307e-01   4.4813e-01   4.7154e-01   4.5855e-01   4.6628e-01   4.7882e-01   4.7715e-01   4.7839e-01
   5.1511e-01   4.5192e-01   4.8181e-01   4.8175e-01   5.0037e-01   4.9905e-01   5.2125e-01   5.0823e-01   5.2649e-01   5.1449e-01
   4.8398e-01   5.4104e-01   5.5661e-01   5.6835e-01   5.5269e-01   5.9685e-01   5.8082e-01   5.8892e-01   5.8342e-01   5.8355e-01
   6.2645e-01   6.0607e-01   6.1691e-01   6.4431e-01   6.2484e-01   6.0947e-01   6.4617e-01   6.3608e-01   6.4151e-01   6.3168e-01
   7.0756e-01   6.5479e-01   6.3588e-01   7.3653e-01   7.2693e-01   7.2119e-01   7.0138e-01   7.2647e-01   7.8804e-01   7.7100e-01
   6.3472e-01   6.8438e-01   7.2402e-01   7.5546e-01   8.5108e-01   8.2374e-01   8.3196e-01   8.6469e-01   8.8206e-01   8.5448e-01
   7.6774e-01   6.7544e-01   6.7128e-01   6.9402e-01   7.0813e-01   7.0292e-01   7.4449e-01   7.4956e-01   8.0526e-01   7.9351e-01
   9.0647e-01   1.3476e+00   1.2558e+00   1.1252e+00   1.6453e+00   1.5348e+00   1.4462e+00   1.3656e+00   1.3073e+00   1.2583e+00
   1.0302e+00   8.6951e-01   9.4717e-01   1.0058e+00   9.4455e-01   9.3659e-01   9.2343e-01   8.9092e-01   8.9650e-01   8.9394e-01
   1.3954e+00   1.1042e+00   1.0394e+00   1.1149e+00   1.1789e+00   1.1945e+00   1.1576e+00   1.1475e+00   1.1252e+00   1.1038e+00
   1.3085e+00   1.0597e+00   1.5140e+00   1.3850e+00   1.2930e+00   1.2235e+00   1.2056e+00   1.1804e+00   1.1539e+00   1.1952e+00
   2.6359e+00   2.1019e+00   1.8553e+00   1.6569e+00   1.5425e+00   1.6059e+00   1.6181e+00   1.5749e+00   1.5291e+00   1.5189e+00
   2.0731e+00   1.7705e+00   1.6224e+00   1.6099e+00   1.5047e+00   1.5063e+00   1.5366e+00   1.4896e+00   1.4739e+00   1.5078e+00
   3.9024e+00   7.2647e+00   5.9269e+00   5.0974e+00   4.5392e+00   4.0396e+00   3.8214e+00   3.5641e+00   3.3221e+00   3.1783e+00
   2.2394e+00   3.2922e+00   2.9570e+00   2.7101e+00   2.9229e+00   2.7829e+00   2.5927e+00   2.5120e+00   2.4192e+00   2.3938e+00
   2.0562e+00   2.6036e+00   2.7458e+00   2.6577e+00   2.8605e+00   2.9393e+00   2.8056e+00   2.6567e+00   2.5729e+00   2.5023e+00
   7.8372e+00   5.4977e+00   5.3778e+00   4.6143e+00   4.1002e+00   3.7223e+00   3.5527e+00   3.3909e+00   3.2514e+00   3.2020e+00
   9.7969e+00   1.7856e+01   1.3910e+01   1.1908e+01   1.0297e+01   9.2997e+00   8.3766e+00   7.7149e+00   7.2507e+00   6.8679e+00
   2.6200e+00   2.8126e+00   3.0220e+00   2.9792e+00   2.8808e+00   3.0073e+00   3.3750e+00   3.7398e+00   3.5160e+00   3.7729e+00
   4.4462e+00   4.1683e+00   6.2125e+00   5.6370e+00   5.1407e+00   5.1412e+00   4.9181e+00   8.4784e+00   7.9579e+00   9.1235e+00
   1.1706e+01   8.7242e+00   7.1226e+00   6.5746e+00   6.3160e+00   7.1739e+00   6.7045e+00   6.3685e+00   7.3355e+00   7.6645e+00
   3.7914e+00   1.1618e+01   1.2505e+01   1.5836e+01   1.4874e+01   1.8936e+01   2.1154e+01   1.9493e+01   1.8016e+01   1.7316e+01
   7.4948e+00   1.4266e+01   1.1595e+01   1.1951e+01   1.0425e+01   1.0258e+01   1.8060e+01   1.6971e+01   1.8297e+01   1.7617e+01
   1.1059e+01   1.0826e+01   2.6675e+01   3.0207e+01   2.8808e+01   2.5442e+01   2.3496e+01   2.1728e+01   2.1173e+01   2.0268e+01
   1.1339e+01   2.6704e+01   3.4522e+01   2.8191e+01   5.5859e+01   5.2570e+01   4.7627e+01   4.3414e+01   4.2994e+01   4.3876e+01
   1.3054e+01   2.0521e+01   4.0546e+01   1.1467e+02   4.3555e+02   6.3986e+02   7.0430e+02   7.5014e+02   7.4965e+02   7.2594e+02
   1.5954e+01   1.4715e+01   1.6032e+01   4.9861e+01   1.6630e+02   4.6333e+02   6.1444e+02   7.1785e+02   7.2181e+02   7.1585e+02
   4.4618e+02   4.8668e+02   3.8917e+02   3.3102e+02   2.8008e+02   2.5215e+02   2.5705e+02   2.4373e+02   2.2705e+02   2.1453e+02
   8.5423e+01   9.3165e+01   1.1497e+02   2.4546e+02   2.3151e+02   2.2401e+02   3.0522e+02   3.4542e+02   3.2628e+02   3.0826e+02
   1.9360e+01   1.8569e+01   2.1779e+02   4.7609e+02   4.2692e+02   3.6740e+02   3.6238e+02   3.7756e+02   3.4145e+02   3.2897e+02
   3.9243e+01   2.8639e+02   3.0721e+02   2.6254e+02   2.3824e+02   2.0828e+02   1.9280e+02   1.8330e+02   1.7140e+02   1.8349e+02
   3.8443e+01   1.1315e+02   1.5171e+02   1.1969e+02   1.3373e+02   1.4193e+02   1.2951e+02   1.6789e+02   1.6456e+02   1.5658e+02
   1.4713e+02   1.0018e+02   1.3328e+02   1.1524e+02   1.0113e+02   1.1308e+02   1.1340e+02   1.0392e+02   9.7113e+01   1.0419e+02
   1.0245e+02   9.2138e+01   8.3100e+01   8.5407e+01   9.0262e+01   8.3847e+01   8.9630e+01   8.0448e+01   7.7924e+01   7.6058e+01
   8.4359e+01   2.4089e+02   1.8671e+02   1.7123e+02   1.4933e+02   1.3323e+02   1.1977e+02   1.2325e+02   1.3731e+02   1.2556e+02
   7.9550e+01   8.6381e+01   7.2101e+01   7.0748e+01   7.7803e+01   7.4303e+01   7.0982e+01   6.5434e+01   6.1084e+01   6.4730e+01
   9.4743e+01   6.6074e+01   6.2488e+01   5.4589e+01   4.9485e+01   4.9794e+01   6.3424e+01   5.8996e+01   6.3774e+01   6.9987e+01
   2.3508e+02   1.5657e+02   1.1645e+02   9.7682e+01   8.2502e+01   7.4608e+01   7.5738e+01   7.2899e+01   7.2656e+01   6.7701e+01
   9.3857e+01   5.6591e+01   7.7153e+01   7.1944e+01   7.7158e+01   7.2182e+01   7.2813e+01   6.8285e+01   7.0880e+01   6.9255e+01
   1.5382e+02   8.9383e+01   8.6984e+01   7.9629e+01   7.2665e+01   6.8082e+01   6.5938e+01   6.1118e+01   6.4160e+01   6.1782e+01
   8.6414e+01   6.8055e+01   5.3437e+01   5.0550e+01   4.4471e+01   4.3699e+01   4.1837e+01   4.1506e+01   4.2292e+01   4.0294e+01
   1.1389e+02   7.2191e+01   6.6370e+01   5.5985e+01   5.5380e+01   4.9819e+01   4.5516e+01   4.6799e+01   4.3464e+01   4.1801e+01
   1.0678e+02   6.8269e+01   5.5149e+01   4.7038e+01   4.2656e+01   3.9213e+01   3.9352e+01   4.1508e+01   4.0191e+01   4.2625e+01
   1.0223e+02   7.0024e+01   5.9291e+01   5.2353e+01   5.2262e+01   4.8217e+01   4.4166e+01   4.2306e+01   4.1862e+01   4.2261e+01
   9.6471e+01   6.4548e+01   5.2281e+01   4.8569e+01   4.2660e+01   3.9041e+01   3.4901e+01   3.3344e+01   3.3681e+01   3.2453e+01
   6.8557e+01   5.6968e+01   4.9727e+01   4.6361e+01   4.5348e+01   4.2320e+01   4.0356e+01   3.8050e+01   3.6435e+01   3.5466e+01
   5.2359e+01   3.9478e+01   3.5834e+01   3.0483e+01   3.2709e+01   3.1007e+01   2.8320e+01   2.8161e+01   2.7294e+01   2.6689e+01
   4.6468e+01   3.5335e+01   3.3871e+01   3.3334e+01   3.2817e+01   3.3268e+01   3.1934e+01   3.2356e+01   3.1611e+01   3.0745e+01
   5.0389e+01   3.9209e+01   3.9499e+01   3.6090e+01   3.3611e+01   3.2535e+01   2.9890e+01   2.8619e+01   2.7177e+01   2.6337e+01
   5.7318e+01   4.6319e+01   3.5946e+01   3.0549e+01   2.9974e+01   2.8581e+01   2.7611e+01   2.8298e+01   2.6909e+01   2.5771e+01
   5.4156e+01   4.2068e+01   3.7147e+01   3.4283e+01   3.0582e+01   2.8195e+01   2.6052e+01   2.7676e+01   2.6251e+01   2.5304e+01
   4.4517e+01   3.4081e+01   3.0286e+01   2.6763e+01   2.3290e+01   2.1538e+01   2.0149e+01   1.9934e+01   2.0610e+01   2.0326e+01
   5.6004e+01   3.5882e+01   3.3146e+01   3.2534e+01   3.1416e+01   3.0342e+01   2.8274e+01   2.6259e+01   2.5312e+01   2.4118e+01
   3.9186e+01   2.6360e+01   2.3646e+01   2.1964e+01   2.2461e+01   2.1337e+01   2.1010e+01   1.9993e+01   1.9523e+01   1.9983e+01
   4.1761e+01   3.2549e+01   2.6861e+01   2.4927e+01   2.5988e+01   2.3844e+01   2.3263e+01   2.2231e+01   2.1208e+01   2.1381e+01
   3.9588e+01   2.8782e+01   2.3245e+01   2.1756e+01   1.9445e+01   1.7824e+01   1.7465e+01   1.9744e+01   1.9004e+01   1.8535e+01
   3.3255e+01   2.6731e+01   2.3465e+01   2.1421e+01   2.0571e+01   1.9629e+01   1.9985e+01   1.8767e+01   1.8312e+01   1.8170e+01
   3.3594e+01   2.3703e+01   1.9948e+01   1.7600e+01   1.8950e+01   1.8111e+01   1.7105e+01   1.6858e+01   1.6211e+01   1.6469e+01
   3.3450e+01   2.2495e+01   1.8939e+01   1.8623e+01   1.6693e+01   1.5288e+01   1.4460e+01   1.4261e+01   1.4504e+01   1.4209e+01
   3.4012e+01   2.3974e+01   2.1423e+01   2.0209e+01   1.8627e+01   1.7850e+01   1.7487e+01   1.6722e+01   1.5892e+01   1.5398e+01
   3.2982e+01   2.2205e+01   1.8239e+01   1.7555e+01   1.6077e+01   1.5682e+01   1.5248e+01   1.4291e+01   1.3991e+01   1.3512e+01
   3.3235e+01   2.3742e+01   2.3196e+01   1.9920e+01   1.7569e+01   1.6530e+01   1.6020e+01   1.5350e+01   1.4571e+01   1.4004e+01
   3.2372e+01   2.1397e+01   1.8705e+01   1.6332e+01   1.5648e+01   1.4670e+01   1.3967e+01   1.3553e+01   1.2948e+01   1.2520e+01
   3.0934e+01   2.0295e+01   1.8633e+01   1.6453e+01   1.5338e+01   1.4469e+01   1.4382e+01   1.3868e+01   1.3238e+01   1.3201e+01
   2.4152e+01   1.7065e+01   1.4508e+01   1.3028e+01   1.3382e+01   1.2736e+01   1.2119e+01   1.1694e+01   1.1989e+01   1.1561e+01
   2.7743e+01   1.9685e+01   1.6203e+01   1.4406e+01   1.3329e+01   1.2577e+01   1.2279e+01   1.1558e+01   1.1321e+01   1.1110e+01
   2.5253e+01   1.6361e+01   1.2945e+01   1.2085e+01   1.2139e+01   1.1569e+01   1.1493e+01   1.1351e+01   1.1421e+01   1.1236e+01
   2.2157e+01   1.7617e+01   1.5085e+01   1.3127e+01   1.2762e+01   1.1856e+01   1.1287e+01   1.0921e+01   1.0434e+01   1.0307e+01
   2.2519e+01   1.6725e+01   1.4910e+01   1.3222e+01   1.2315e+01   1.1958e+01   1.1484e+01   1.0973e+01   1.0851e+01   1.1113e+01
   2.2722e+01   1.5695e+01   1.2690e+01   1.1348e+01   1.1032e+01   1.0454e+01   1.0520e+01   9.9263e+00   9.7550e+00   9.4612e+00
   2.5930e+01   1.7263e+01   1.3221e+01   1.2046e+01   1.0893e+01   1.0228e+01   9.8793e+00   9.5258e+00   9.2929e+00   9.1643e+00
   1.7513e+01   1.3850e+01   1.2090e+01   1.1203e+01   1.0450e+01   9.9819e+00   9.4493e+00   9.2855e+00   9.2437e+00   9.1036e+00
   2.1735e+01   1.4417e+01   1.2192e+01   1.1458e+01   1.0911e+01   1.0726e+01   1.0192e+01   9.6991e+00   9.6322e+00   9.4458e+00
   1.7081e+01   1.1969e+01   1.1274e+01   1.0353e+01   9.8872e+00   9.9396e+00   9.7798e+00   9.6221e+00   9.3164e+00   9.1086e+00
   1.8870e+01   1.3102e+01   1.0683e+01   9.7607e+00   9.3061e+00   8.8185e+00   8.6859e+00   8.5234e+00   8.3485e+00   8.0848e+00
   1.7735e+01   1.2409e+01   1.0715e+01   1.0118e+01   9.2154e+00   8.8658e+00   8.5713e+00   8.8245e+00   8.5422e+00   8.3918e+00
   2.0069e+01   1.4429e+01   1.2164e+01   1.0276e+01   9.6501e+00   8.9415e+00   8.6351e+00   8.6121e+00   8.4156e+00   8.2060e+00
   1.9761e+01   1.3148e+01   1.1055e+01   1.0061e+01   9.2519e+00   8.6640e+00   8.4846e+00   8.1686e+00   7.9180e+00   7.6898e+00
   1.4929e+01   1.0224e+01   8.7235e+00   8.4748e+00   8.0663e+00   7.6920e+00   7.5523e+00   7.3829e+00   7.1066e+00   7.1148e+00
   1.9270e+01   1.1946e+01   1.0060e+01   8.9196e+00   8.1644e+00   7.6590e+00   7.5159e+00   7.3838e+00   7.1870e+00   7.0942e+00
   1.7536e+01   1.2037e+01   1.0229e+01   9.1170e+00   8.3245e+00   7.7251e+00   7.3415e+00   7.2915e+00   7.1211e+00   6.9827e+00
   1.4775e+01   1.0508e+01   8.5162e+00   7.6974e+00   7.4510e+00   7.3214e+00   7.1260e+00   6.9529e+00   6.7727e+00   6.7589e+00
   1.5484e+01   1.0890e+01   9.0028e+00   7.7660e+00   7.1041e+00   6.7756e+00   6.7145e+00   6.4062e+00   6.2687e+00   6.2935e+00
   1.4052e+01   9.9983e+00   8.4618e+00   7.5214e+00   6.9973e+00   6.6311e+00   6.2640e+00   6.1570e+00   6.0099e+00   5.9768e+00
   1.5431e+01   1.0776e+01   8.7949e+00   8.1561e+00   7.3343e+00   6.9349e+00   6.6740e+00   6.4536e+00   6.3401e+00   6.2681e+00
   1.3888e+01   9.3955e+00   7.8321e+00   7.1511e+00   6.5744e+00   6.5509e+00   6.3027e+00   6.2263e+00   6.0838e+00   6.0245e+00
   1.2788e+01   9.2419e+00   7.8828e+00   6.9677e+00   6.4742e+00   6.1382e+00   6.1345e+00   5.9942e+00   5.9524e+00   5.9942e+00
   1.4016e+01   9.9700e+00   8.4034e+00   7.5391e+00   6.9979e+00   6.5385e+00   6.2834e+00   6.1674e+00   6.0290e+00   5.9239e+00
   1.3439e+01   9.1797e+00   7.6970e+00   6.8407e+00   6.4775e+00   6.3262e+00   6.1371e+00   6.0155e+00   5.9639e+00   5.9095e+00
   1.2899e+01   9.0121e+00   7.2619e+00   6.5231e+00   6.2907e+00   6.0627e+00   5.9237e+00   5.8063e+00   5.6978e+00   5.5297e+00
   1.1640e+01   8.7140e+00   7.0684e+00   6.2162e+00   5.7219e+00   5.4360e+00   5.3400e+00   5.2203e+00   5.0377e+00   4.9551e+00
   1.2590e+01   8.4674e+00   7.1847e+00   6.3630e+00   5.9771e+00   5.8038e+00   5.4543e+00   5.2409e+00   5.1335e+00   5.0750e+00
   1.2767e+01   8.7072e+00   7.4291e+00   6.4804e+00   6.0326e+00   5.8392e+00   5.6183e+00   5.4204e+00   5.2766e+00   5.1759e+00
   1.1275e+01   7.7714e+00   6.7189e+00   6.3193e+00   5.7343e+00   5.4558e+00   5.1807e+00   5.1378e+00   5.0042e+00   4.8686e+00
   1.1263e+01   7.8092e+00   6.6082e+00   6.2299e+00   5.7376e+00   5.5649e+00   5.2259e+00   5.1125e+00   4.9401e+00   4.7980e+00
   1.1831e+01   8.0814e+00   6.7042e+00   6.1253e+00   5.7322e+00   5.3709e+00   5.2845e+00   5.1636e+00   5.0016e+00   4.8740e+00
   1.0252e+01   6.6382e+00   5.7596e+00   5.2724e+00   5.0030e+00   4.7829e+00   4.6128e+00   4.5298e+00   4.5772e+00   4.5279e+00

   4.1098e+05   8.2190e+05   1.2371e+06   1.6493e+06   2.0620e+06   2.4729e+06   2.8885e+06   3.3006e+06   3.7152e+06   4.1286e+06
   4.2838e+05   8.5416e+05   1.2812e+06   1.7111e+06   2.1375e+06   2.5672e+06   2.9973e+06   3.4239e+06   3.8515e+06   4.2815e+06
   4.3764e+05   8.8346e+05   1.3286e+06   1.7787e+06   2.2175e+06   2.6617e+06   3.0975e+06   3.5415e+06   3.9878e+06   4.4304e+06
   4.5852e+05   9.1049e+05   1.3663e+06   1.8236e+06   2.2783e+06   2.7349e+06   3.1984e+06   3.6568e+06   4.1118e+06   4.5706e+06
   4.7158e+05   9.4527e+05   1.4211e+06   1.8947e+06   2.3696e+06   2.8482e+06   3.3192e+06   3.7958e+06   4.2692e+06   4.7444e+06
   4.8571e+05   9.7484e+05   1.4617e+06   1.9480e+06   2.4363e+06   2.9264e+06   3.4172e+06   3.9078e+06   4.3908e+06   4.8774e+06
   5.0209e+05   1.0050e+06   1.5088e+06   2.0103e+06   2.5136e+06   3.0166e+06   3.5242e+06   4.0316e+06   4.5390e+06   5.0477e+06
   5.2092e+05   1.0384e+06   1.5599e+06   2.0822e+06   2.6013e+06   3.1228e+06   3.6404e+06   4.1634e+06   4.6886e+06   5.2126e+06
   5.3666e+05   1.0771e+06   1.6118e+06   2.1526e+06   2.6915e+06   3.2300e+06   3.7687e+06   4.3105e+06   4.8464e+06   5.3855e+06
   5.5956e+05   1.1176e+06   1.6709e+06   2.2300e+06   2.7941e+06   3.3532e+06   3.9112e+06   4.4681e+06   5.0205e+06   5.5780e+06
   5.7782e+05   1.1561e+06   1.7302e+06   2.3007e+06   2.8700e+06   3.4470e+06   4.0200e+06   4.5947e+06   5.1751e+06   5.7492e+06
   5.9546e+05   1.1911e+06   1.7834e+06   2.3774e+06   2.9772e+06   3.5774e+06   4.1762e+06   4.7715e+06   5.3667e+06   5.9632e+06
   6.1105e+05   1.2242e+06   1.8423e+06   2.4547e+06   3.0646e+06   3.6777e+06   4.2935e+06   4.9127e+06   5.5268e+06   6.1374e+06
   6.3147e+05   1.2629e+06   1.8957e+06   2.5289e+06   3.1638e+06   3.7933e+06   4.4338e+06   5.0655e+06   5.7011e+06   6.3445e+06
   6.5891e+05   1.3121e+06   1.9637e+06   2.6141e+06   3.2645e+06   3.9223e+06   4.5717e+06   5.2278e+06   5.8807e+06   6.5414e+06
   6.7555e+05   1.3455e+06   2.0201e+06   2.6951e+06   3.3706e+06   4.0512e+06   4.7303e+06   5.4051e+06   6.0780e+06   6.7571e+06
   6.9420e+05   1.3911e+06   2.0913e+06   2.7870e+06   3.4837e+06   4.1864e+06   4.8881e+06   5.5875e+06   6.2835e+06   6.9715e+06
   7.1730e+05   1.4384e+06   2.1563e+06   2.8744e+06   3.5922e+06   4.3057e+06   5.0203e+06   5.7362e+06   6.4533e+06   7.1746e+06
   7.4348e+05   1.4845e+06   2.2371e+06   2.9755e+06   3.7195e+06   4.4666e+06   5.2082e+06   5.9593e+06   6.7019e+06   7.4501e+06
   7.6574e+05   1.5344e+06   2.3033e+06   3.0690e+06   3.8445e+06   4.6065e+06   5.3737e+06   6.1394e+06   6.9031e+06   7.6798e+06
   7.9193e+05   1.5742e+06   2.3637e+06   3.1500e+06   3.9475e+06   4.7336e+06   5.5322e+06   6.3247e+06   7.1176e+06   7.9054e+06
   8.2400e+05   1.6473e+06   2.4704e+06   3.2876e+06   4.0981e+06   4.9119e+06   5.7262e+06   6.5432e+06   7.3592e+06   8.1798e+06
   8.3312e+05   1.6853e+06   2.5220e+06   3.3565e+06   4.2045e+06   5.0453e+06   5.8911e+06   6.7314e+06   7.5781e+06   8.4238e+06
   8.6465e+05   1.7320e+06   2.6001e+06   3.4739e+06   4.3382e+06   5.1963e+06   6.0677e+06   6.9447e+06   7.8214e+06   8.6937e+06
   8.8722e+05   1.7736e+06   2.6679e+06   3.5664e+06   4.4612e+06   5.3550e+06   6.2550e+06   7.1383e+06   8.0388e+06   8.9277e+06
   9.2251e+05   1.8456e+06   2.7618e+06   3.6825e+06   4.6105e+06   5.5409e+06   6.4583e+06   7.3921e+06   8.3240e+06   9.2527e+06
   9.5172e+05   1.9092e+06   2.8645e+06   3.8197e+06   4.7738e+06   5.7242e+06   6.6879e+06   7.6309e+06   8.5847e+06   9.5393e+06
   9.9005e+05   1.9769e+06   2.9523e+06   3.9378e+06   4.9216e+06   5.9136e+06   6.8890e+06   7.8806e+06   8.8728e+06   9.8610e+06
   1.0105e+06   2.0296e+06   3.0638e+06   4.0887e+06   5.1159e+06   6.1340e+06   7.1473e+06   8.1712e+06   9.2047e+06   1.0212e+07
   1.0497e+06   2.0931e+06   3.1347e+06   4.1878e+06   5.2413e+06   6.2932e+06   7.3482e+06   8.4079e+06   9.4731e+06   1.0514e+07
   1.0782e+06   2.1777e+06   3.2772e+06   4.3528e+06   5.4628e+06   6.5580e+06   7.6281e+06   8.7064e+06   9.7923e+06   1.0884e+07
   1.1102e+06   2.2329e+06   3.3486e+06   4.4667e+06   5.5860e+06   6.7085e+06   7.8294e+06   8.9426e+06   1.0058e+07   1.1165e+07
   1.1426e+06   2.2892e+06   3.4357e+06   4.5968e+06   5.7403e+06   6.9035e+06   8.0503e+06   9.1916e+06   1.0352e+07   1.1508e+07
   1.1985e+06   2.3762e+06   3.5800e+06   4.7617e+06   5.9555e+06   7.1257e+06   8.3167e+06   9.5072e+06   1.0686e+07   1.1884e+07
   1.2504e+06   2.4686e+06   3.6865e+06   4.9162e+06   6.1324e+06   7.3578e+06   8.5922e+06   9.8112e+06   1.1042e+07   1.2269e+07
   1.2911e+06   2.5750e+06   3.8311e+06   5.0933e+06   6.3633e+06   7.6519e+06   8.9212e+06   1.0197e+07   1.1457e+07   1.2740e+07
   1.3336e+06   2.6934e+06   3.9869e+06   5.2792e+06   6.5963e+06   7.9063e+06   9.2304e+06   1.0558e+07   1.1865e+07   1.3194e+07
   1.3391e+06   2.7486e+06   4.1122e+06   5.4650e+06   6.8442e+06   8.2037e+06   9.5886e+06   1.0928e+07   1.2279e+07   1.3641e+07
   1.3722e+06   2.7795e+06   4.1951e+06   5.6227e+06   7.0131e+06   8.4174e+06   9.7921e+06   1.1211e+07   1.2629e+07   1.4004e+07
   1.4477e+06   2.8714e+06   4.3350e+06   5.7722e+06   7.2244e+06   8.6610e+06   1.0104e+07   1.1557e+07   1.2984e+07   1.4420e+07
   1.5521e+06   3.1265e+06   4.6436e+06   6.1498e+06   7.6720e+06   9.1710e+06   1.0696e+07   1.2185e+07   1.3668e+07   1.5157e+07
   1.5241e+06   3.0845e+06   4.6226e+06   6.1533e+06   7.6706e+06   9.2203e+06   1.0764e+07   1.2326e+07   1.3865e+07   1.5433e+07
   1.5865e+06   3.1916e+06   4.8223e+06   6.4193e+06   7.9963e+06   9.6288e+06   1.1202e+07   1.2910e+07   1.4497e+07   1.6126e+07
   1.6734e+06   3.3053e+06   4.9588e+06   6.6198e+06   8.2538e+06   9.9406e+06   1.1566e+07   1.3222e+07   1.4931e+07   1.6629e+07
   1.6871e+06   3.4633e+06   5.1776e+06   7.0030e+06   8.7112e+06   1.0502e+07   1.2304e+07   1.4036e+07   1.5793e+07   1.7473e+07
   1.7482e+06   3.5627e+06   5.3184e+06   7.1231e+06   8.8914e+06   1.0648e+07   1.2520e+07   1.4297e+07   1.6146e+07   1.7912e+07
   1.8668e+06   3.7131e+06   5.6370e+06   7.5645e+06   9.3566e+06   1.1210e+07   1.3056e+07   1.4891e+07   1.6772e+07   1.8585e+07
   1.8404e+06   3.7808e+06   5.8132e+06   7.7644e+06   9.8345e+06   1.1723e+07   1.3646e+07   1.5566e+07   1.7619e+07   1.9611e+07
   1.9498e+06   3.9960e+06   6.0867e+06   8.2457e+06   1.0353e+07   1.2466e+07   1.4566e+07   1.6604e+07   1.8659e+07   2.0743e+07
   2.0663e+06   4.0948e+06   6.1951e+06   8.3947e+06   1.0682e+07   1.2808e+07   1.4950e+07   1.7028e+07   1.9219e+07   2.1402e+07
   2.2344e+06   4.4943e+06   6.7258e+06   8.9571e+06   1.1260e+07   1.3531e+07   1.5640e+07   1.7787e+07   1.9954e+07   2.2100e+07
   2.3365e+06   4.6904e+06   7.0287e+06   9.3278e+06   1.1691e+07   1.4080e+07   1.6280e+07   1.8503e+07   2.0860e+07   2.3173e+07
   2.2283e+06   4.4392e+06   6.8295e+06   9.2130e+06   1.1645e+07   1.4032e+07   1.6445e+07   1.8818e+07   2.1249e+07   2.3610e+07
   2.3157e+06   4.7834e+06   7.2429e+06   9.7163e+06   1.2151e+07   1.4641e+07   1.7063e+07   1.9540e+07   2.2050e+07   2.4491e+07
   2.3985e+06   4.8970e+06   7.4167e+06   9.9644e+06   1.2508e+07   1.5048e+07   1.7590e+07   2.0111e+07   2.2658e+07   2.5244e+07
   2.5723e+06   5.1662e+06   7.7163e+06   1.0259e+07   1.2828e+07   1.5397e+07   1.7968e+07   2.0541e+07   2.3145e+07   2.5693e+07
   2.6019e+06   5.2402e+06   7.8564e+06   1.0401e+07   1.3025e+07   1.5646e+07   1.8253e+07   2.0904e+07   2.3562e+07   2.6124e+07
   2.5945e+06   5.2869e+06   8.0345e+06   1.0718e+07   1.3406e+07   1.6060e+07   1.8762e+07   2.1411e+07   2.4022e+07   2.6685e+07
   2.7002e+06   5.4486e+06   8.1836e+06   1.0935e+07   1.3676e+07   1.6385e+07   1.9133e+07   2.1915e+07   2.4637e+07   2.7341e+07
   2.7275e+06   5.5174e+06   8.2969e+06   1.1066e+07   1.3857e+07   1.6647e+07   1.9412e+07   2.2200e+07   2.4970e+07   2.7712e+07
   2.7561e+06   5.5899e+06   8.4042e+06   1.1239e+07   1.4072e+07   1.6899e+07   1.9732e+07   2.2534e+07   2.5357e+07   2.8186e+07
   2.8127e+06   5.6472e+06   8.5078e+06   1.1353e+07   1.4214e+07   1.7116e+07   2.0000e+07   2.2850e+07   2.5681e+07   2.8559e+07
   2.8522e+06   5.7771e+06   8.6648e+06   1.1612e+07   1.4506e+07   1.7418e+07   2.0335e+07   2.3252e+07   2.6147e+07   2.9071e+07
   2.9016e+06   5.8457e+06   8.7937e+06   1.1720e+07   1.4669e+07   1.7615e+07   2.0548e+07   2.3495e+07   2.6454e+07   2.9431e+07
   2.9868e+06   5.9965e+06   8.9964e+06   1.2012e+07   1.4986e+07   1.7982e+07   2.0982e+07   2.3959e+07   2.6969e+07   2.9978e+07
   2.9993e+06   6.0385e+06   9.0891e+06   1.2151e+07   1.5211e+07   1.8247e+07   2.1265e+07   2.4299e+07   2.7357e+07   3.0367e+07
   3.0570e+06   6.1235e+06   9.2146e+06   1.2281e+07   1.5348e+07   1.8434e+07   2.1512e+07   2.4602e+07   2.7674e+07   3.0756e+07
   3.0672e+06   6.1757e+06   9.3042e+06   1.2428e+07   1.5551e+07   1.8692e+07   2.1820e+07   2.4931e+07   2.8054e+07   3.1176e+07
   3.1328e+06   6.2859e+06   9.4391e+06   1.2592e+07   1.5752e+07   1.8892e+07   2.2058e+07   2.5235e+07   2.8396e+07   3.1541e+07
   3.1869e+06   6.3973e+06   9.6206e+06   1.2824e+07   1.6001e+07   1.9190e+07   2.2384e+07   2.5581e+07   2.8763e+07   3.1955e+07
   3.2142e+06   6.4485e+06   9.6725e+06   1.2898e+07   1.6119e+07   1.9338e+07   2.2569e+07   2.5796e+07   2.9027e+07   3.2267e+07
   3.2372e+06   6.5131e+06   9.7786e+06   1.3054e+07   1.6305e+07   1.9585e+07   2.2847e+07   2.6122e+07   2.9407e+07   3.2682e+07
   3.2819e+06   6.5780e+06   9.8721e+06   1.3179e+07   1.6482e+07   1.9802e+07   2.3095e+07   2.6416e+07   2.9721e+07   3.3050e+07
   3.3347e+06   6.6700e+06   1.0005e+07   1.3338e+07   1.6690e+07   2.0028e+07   2.3386e+07   2.6718e+07   3.0044e+07   3.3387e+07
   3.3600e+06   6.7415e+06   1.0108e+07   1.3476e+07   1.6884e+07   2.0267e+07   2.3644e+07   2.7012e+07   3.0383e+07   3.3757e+07
   3.3739e+06   6.7714e+06   1.0183e+07   1.3595e+07   1.7021e+07   2.0432e+07   2.3834e+07   2.7243e+07   3.0668e+07   3.4099e+07
   3.4326e+06   6.8720e+06   1.0327e+07   1.3781e+07   1.7231e+07   2.0684e+07   2.4123e+07   2.7566e+07   3.1012e+07   3.4445e+07
   3.4637e+06   6.9442e+06   1.0417e+07   1.3885e+07   1.7341e+07   2.0819e+07   2.4302e+07   2.7783e+07   3.1255e+07   3.4744e+07
   3.4970e+06   7.0182e+06   1.0536e+07   1.4066e+07   1.7578e+07   2.1102e+07   2.4612e+07   2.8115e+07   3.1638e+07   3.5150e+07
   3.5247e+06   7.0791e+06   1.0626e+07   1.4165e+07   1.7706e+07   2.1238e+07   2.4774e+07   2.8324e+07   3.1873e+07   3.5427e+07
   3.5554e+06   7.1210e+06   1.0709e+07   1.4300e+07   1.7856e+07   2.1427e+07   2.5016e+07   2.8596e+07   3.2163e+07   3.5741e+07
   3.5885e+06   7.1954e+06   1.0800e+07   1.4410e+07   1.8016e+07   2.1633e+07   2.5231e+07   2.8846e+07   3.2469e+07   3.6100e+07
   3.6214e+06   7.2688e+06   1.0892e+07   1.4540e+07   1.8194e+07   2.1840e+07   2.5486e+07   2.9145e+07   3.2787e+07   3.6443e+07
   3.6684e+06   7.3616e+06   1.1031e+07   1.4707e+07   1.8389e+07   2.2074e+07   2.5732e+07   2.9393e+07   3.3078e+07   3.6751e+07
   3.6756e+06   7.3841e+06   1.1090e+07   1.4795e+07   1.8504e+07   2.2209e+07   2.5905e+07   2.9621e+07   3.3325e+07   3.7043e+07
   3.7206e+06   7.4446e+06   1.1194e+07   1.4936e+07   1.8674e+07   2.2419e+07   2.6165e+07   2.9897e+07   3.3617e+07   3.7359e+07
   3.7467e+06   7.5195e+06   1.1288e+07   1.5057e+07   1.8830e+07   2.2596e+07   2.6359e+07   3.0115e+07   3.3885e+07   3.7646e+07
   3.7784e+06   7.5678e+06   1.1368e+07   1.5159e+07   1.8947e+07   2.2735e+07   2.6539e+07   3.0345e+07   3.4126e+07   3.7922e+07
   3.8157e+06   7.6375e+06   1.1467e+07   1.5285e+07   1.9120e+07   2.2936e+07   2.6763e+07   3.0595e+07   3.4429e+07   3.8248e+07
   3.8386e+06   7.6958e+06   1.1544e+07   1.5393e+07   1.9239e+07   2.3088e+07   2.6944e+07   3.0804e+07   3.4654e+07   3.8491e+07
   3.8718e+06   7.7553e+06   1.1638e+07   1.5538e+07   1.9427e+07   2.3321e+07   2.7200e+07   3.1095e+07   3.4972e+07   3.8850e+07
   3.9003e+06   7.8084e+06   1.1711e+07   1.5615e+07   1.9532e+07   2.3428e+07   2.7334e+07   3.1237e+07   3.5139e+07   3.9065e+07
   3.9238e+06   7.8523e+06   1.1794e+07   1.5727e+07   1.9659e+07   2.3594e+07   2.7547e+07   3.1489e+07   3.5428e+07   3.9368e+07
   3.9474e+06   7.9156e+06   1.1890e+07   1.5842e+07   1.9820e+07   2.3795e+07   2.7746e+07   3.1705e+07   3.5665e+07   3.9625e+07
   3.9844e+06   7.9867e+06   1.1979e+07   1.5966e+07   1.9955e+07   2.3952e+07   2.7950e+07   3.1945e+07   3.5939e+07   3.9941e+07
   3.9969e+06   8.0120e+06   1.2041e+07   1.6052e+07   2.0078e+07   2.4110e+07   2.8131e+07   3.2138e+07   3.6156e+07   4.0172e+07
   4.0284e+06   8.0717e+06   1.2119e+07   1.6168e+07   2.0211e+07   2.4239e+07   2.8288e+07   3.2323e+07   3.6367e+07   4.0419e+07
   4.0546e+06   8.1196e+06   1.2193e+07   1.6267e+07   2.0341e+07   2.4408e+07   2.8479e+07   3.2558e+07   3.6639e+07   4.0709e+07
   4.0809e+06   8.1766e+06   1.2271e+07   1.6361e+07   2.0456e+07   2.4550e+07   2.8643e+07   3.2730e+07   3.6828e+07   4.0913e+07
   4.1146e+06   8.2369e+06   1.2366e+07   1.6490e+07   2.0612e+07   2.4751e+07   2.8881e+07   3.3010e+07   3.7133e+07   4.1266e+07
   4.1401e+06   8.2891e+06   1.2436e+07   1.6591e+07   2.0743e+07   2.4894e+07   2.9044e+07   3.3186e+07   3.7335e+07   4.1477e+07
   4.1602e+06   8.3290e+06   1.2517e+07   1.6690e+07   2.0852e+07   2.5026e+07   2.9205e+07   3.3377e+07   3.7556e+07   4.1737e+07
   4.1847e+06   8.3900e+06   1.2593e+07   1.6783e+07   2.0981e+07   2.5182e+07   2.9386e+07   3.3592e+07   3.7783e+07   4.1980e+07
   4.2050e+06   8.4272e+06   1.2654e+07   1.6876e+07   2.1106e+07   2.5330e+07   2.9558e+07   3.3775e+07   3.7996e+07   4.2229e+07
   4.2372e+06   8.4885e+06   1.2737e+07   1.6991e+07   2.1236e+07   2.5490e+07   2.9741e+07   3.3988e+07   3.8238e+07   4.2501e+07
   4.2587e+06   8.5353e+06   1.2807e+07   1.7088e+07   2.1366e+07   2.5644e+07   2.9914e+07   3.4189e+07   3.8458e+07   4.2729e+07
   4.2785e+06   8.5811e+06   1.2885e+07   1.7178e+07   2.1478e+07   2.5781e+07   3.0080e+07   3.4383e+07   3.8675e+07   4.2970e+07
   4.3036e+06   8.6335e+06   1.2957e+07   1.7280e+07   2.1597e+07   2.5923e+07   3.0243e+07   3.4565e+07   3.8895e+07   4.3218e+07
   4.3357e+06   8.6829e+06   1.3023e+07   1.7390e+07   2.1737e+07   2.6073e+07   3.0418e+07   3.4766e+07   3.9108e+07   4.3451e+07
   4.3558e+06   8.7258e+06   1.3103e+07   1.7468e+07   2.1837e+07   2.6206e+07   3.0573e+07   3.4944e+07   3.9310e+07   4.3678e+07
   4.3842e+06   8.7710e+06   1.3171e+07   1.7558e+07   2.1956e+07   2.6345e+07   3.0738e+07   3.5123e+07   3.9515e+07   4.3905e+07
   4.4021e+06   8.8178e+06   1.3233e+07   1.7648e+07   2.2060e+07   2.6473e+07   3.0893e+07   3.5316e+07   3.9728e+07   4.4144e+07
   4.4281e+06   8.8669e+06   1.3311e+07   1.7745e+07   2.2184e+07   2.6616e+07   3.1047e+07   3.5474e+07   3.9905e+07   4.4348e+07
   4.4484e+06   8.9027e+06   1.3355e+07   1.7819e+07   2.2287e+07   2.6748e+07   3.1204e+07   3.5663e+07   4.0125e+07   4.4590e+07
   4.4750e+06   8.9514e+06   1.3430e+07   1.7921e+07   2.2403e+07   2.6883e+07   3.1363e+07   3.5847e+07   4.0331e+07   4.4817e+07
   4.5008e+06   9.0094e+06   1.3505e+07   1.8002e+07   2.2503e+07   2.7015e+07   3.1524e+07   3.6035e+07   4.0538e+07   4.5051e+07
   4.5188e+06   9.0466e+06   1.3562e+07   1.8093e+07   2.2630e+07   2.7158e+07   3.1684e+07   3.6209e+07   4.0738e+07   4.5262e+07
   4.5392e+06   9.0842e+06   1.3624e+07   1.8167e+07   2.2724e+07   2.7270e+07   3.1816e+07   3.6370e+07   4.0914e+07   4.5456e+07
   4.5525e+06   9.1123e+06   1.3685e+07   1.8255e+07   2.2819e+07   2.7391e+07   3.1964e+07   3.6529e+07   4.1094e+07   4.5668e+07
   4.5793e+06   9.1768e+06   1.3766e+07   1.8369e+07   2.2959e+07   2.7546e+07   3.2138e+07   3.6724e+07   4.1313e+07   4.5903e+07

