   2.0000
   2.0050
   2.0100
   2.0150
   2.0200
   2.0250
   2.0300
   2.0350
   2.0400
   2.0450
   2.0500
   2.0550
   2.0600
   2.0650
   2.0700
   2.0750
   2.0800
   2.0850
   2.0900
   2.0950
   2.1000
   2.1050
   2.1100
   2.1150
   2.1200
   2.1250
   2.1300
   2.1350
   2.1400
   2.1450
   2.1500
   2.1550
   2.1600
   2.1650
   2.1700
   2.1750
   2.1800
   2.1850
   2.1900
   2.1950
   2.2000
   2.2050
   2.2100
   2.2150
   2.2200
   2.2250
   2.2300
   2.2350
   2.2400
   2.2450
   2.2500
   2.2550
   2.2600
   2.2650
   2.2700
   2.2750
   2.2800
   2.2850
   2.2900
   2.2950
   2.3000
   2.3050
   2.3100
   2.3150
   2.3200
   2.3250
   2.3300
   2.3350
   2.3400
   2.3450
   2.3500
   2.3550
   2.3600
   2.3650
   2.3700
   2.3750
   2.3800
   2.3850
   2.3900
   2.3950
   2.4000
   2.4050
   2.4100
   2.4150
   2.4200
   2.4250
   2.4300
   2.4350
   2.4400
   2.4450
   2.4500
   2.4550
   2.4600
   2.4650
   2.4700
   2.4750
   2.4800
   2.4850
   2.4900
   2.4950
   2.5000
   2.5050
   2.5100
   2.5150
   2.5200
   2.5250
   2.5300
   2.5350
   2.5400
   2.5450
   2.5500
   2.5550
   2.5600
   2.5650
   2.5700
   2.5750
   2.5800
   2.5850
   2.5900
   2.5950

        0        0        0        0        0        0        0        0        0        0
        0        0        0        0        0        0        0        0        0        0
        0        0        0        0        0        0        0        0        0        0
        0        0        0        0        0        0        0        0        0        0
        0        0        0        0        0        0        0        0        0        0
        0        0        0        0        0        0        0        0        0        0
        0        0        0        0        0        0        0        0        0        0
        0        0        0        0        0        0        0        0        0        0
        0        0        0        0        0        0        0        0        0        0
        0        0        0        0        0        0        0        0        0        0
        0        0        0        0        0        0        0        0        0        0
        0        0        0        0        0        0        0        0        0        0
        0        0        0        0        0        0        0        0        0        0
        0        0        0        0        0        0        0        0        0        0
        0        0        0        0        0        0        0        0        0        0
        0        0        0        0        0        0        0        0        0        0
        0        0        0        0        0        0        0        0        0        0
        0        0        0        0        0        0        0        0        0        0
        0        0        0        0        0        0        0        0        0        0
        0        0        0        0        0        0        0        0        0        0
        0        0        0        0        0        0        0        0        0        0
        0        0        0        0        0        0        0        0        0        0
        0        0        0        0        0        0        0        0        0        0
        0        0        0        0        0        0        0        0        0        0
        0        0        0        0        0        0        0        0        0        0
        0        0        0        0        0        0        0        0        0        0
        0        0        0        0        0        0        0        0        0        0
        0        0        0        0        0        0        0        0        0        0
        0        0        0        0        0        0        0        0        0        0
        0        0        0        0        0        0        0        0        0        0
        0        0        0        0        0        0        0        0        0        0
        0        0        0        0        0        0        0        0        0        0
        0        0        0        0        0        0        0        0        0        0
        0        0        0        0        0        0        0        0        0        0
        0        0        0        0        0        0        0        0        0        0
        0        0        0        0        0        0        0        0        0        0
        0        0        0        0        0        0        0        0        0        0
        0        0        0        0        0        0        0        0        0        0
        0        0        0        0        0        0        0        0        0        0
        0        0        0        0        0        0        0        0        0        0
        0        0        0        0        0        0        0        0        0        0
        0        0        0        0        0        0        0        0        0        0
        0        0        0        0        0        0        0        0        0        0
        0        0        0        0        0        0        0        0        0        0
        0        0        0        0        0        0        0        0        0        0
        0        0        0        0        0        0        0        0        0        0
        0        0        0        0        0        0        0        0        0        0
        0        0        0        0        0        0        0        0        0        0
        0        0        0        0        0        0        0        0        0        0
        0        0        0        0        0        0        0        0        0        0
        0        0        0        0        0        0        0        0        0        0
        0        0        0        0        0        0        0        0        0        0
        0        0        0        0        0        0        0        0        0        0
        0        0        0        0        0        0        0        0        0        0
        0        0        0        0        0        0        0        0        0        0
        0        0        0        0        0        0        0        0        0        0
        0        0        0        0        0        0        0        0        0        0
        0        0        0        0        0        0        0        0        0        0
        0        0        0        0        0        0        0        0        0        0
        0        0        0        0        0        0        0        0        0        0
     -inf  -1.3962  -1.3817  -1.3829  -1.3794  -1.3791  -1.3795  -1.3769  -1.3781  -1.3767
     -inf  -1.3576  -1.3569  -1.3564  -1.3511  -1.3503  -1.3515  -1.3507  -1.3489  -1.3518
     -inf  -1.3252  -1.3410  -1.3471  -1.3419  -1.3466  -1.3467  -1.3491  -1.3479  -1.3491
     -inf  -1.3302  -1.3305  -1.3346  -1.3356  -1.3353  -1.3327  -1.3336  -1.3376  -1.3369
     -inf  -1.3444  -1.3306  -1.3285  -1.3309  -1.3362  -1.3367  -1.3343  -1.3366  -1.3344
     -inf  -1.3487  -1.3425  -1.3402  -1.3377  -1.3353  -1.3334  -1.3305  -1.3316  -1.3330
     -inf  -1.3193  -1.3031  -1.2998  -1.3041  -1.3079  -1.3073  -1.3049  -1.3069  -1.3080
     -inf  -1.2968  -1.2939  -1.2985  -1.2981  -1.2988  -1.2976  -1.2970  -1.2974  -1.2970
     -inf  -1.2925  -1.2931  -1.2984  -1.2985  -1.2945  -1.2948  -1.2976  -1.2991  -1.2988
     -inf  -1.2951  -1.2897  -1.2884  -1.2853  -1.2839  -1.2834  -1.2872  -1.2865  -1.2871
     -inf  -1.2922  -1.2878  -1.2769  -1.2793  -1.2791  -1.2818  -1.2791  -1.2784  -1.2782
     -inf  -1.2774  -1.2730  -1.2712  -1.2695  -1.2689  -1.2682  -1.2690  -1.2707  -1.2706
     -inf  -1.2652  -1.2571  -1.2573  -1.2625  -1.2649  -1.2626  -1.2628  -1.2634  -1.2657
     -inf  -1.2525  -1.2472  -1.2445  -1.2480  -1.2504  -1.2538  -1.2558  -1.2555  -1.2553
     -inf  -1.2411  -1.2553  -1.2529  -1.2521  -1.2510  -1.2503  -1.2501  -1.2496  -1.2493
     -inf  -1.2522  -1.2458  -1.2376  -1.2380  -1.2397  -1.2451  -1.2446  -1.2441  -1.2426
     -inf  -1.2160  -1.2224  -1.2254  -1.2263  -1.2269  -1.2284  -1.2293  -1.2304  -1.2294
     -inf  -1.2208  -1.2261  -1.2284  -1.2283  -1.2290  -1.2274  -1.2275  -1.2270  -1.2256
     -inf  -1.2208  -1.2203  -1.2215  -1.2180  -1.2182  -1.2176  -1.2169  -1.2162  -1.2182
     -inf  -1.2082  -1.2076  -1.2100  -1.2103  -1.2122  -1.2130  -1.2123  -1.2115  -1.2119
     -inf  -1.2068  -1.2099  -1.2127  -1.2107  -1.2124  -1.2092  -1.2096  -1.2099  -1.2092
     -inf  -1.2096  -1.2021  -1.2064  -1.2051  -1.2032  -1.2034  -1.2037  -1.2038  -1.2038
     -inf  -1.2015  -1.1998  -1.1989  -1.1977  -1.1964  -1.1952  -1.1951  -1.1955  -1.1947
     -inf  -1.2022  -1.1946  -1.1975  -1.1942  -1.1923  -1.1915  -1.1912  -1.1901  -1.1899
     -inf  -1.1777  -1.1798  -1.1810  -1.1815  -1.1853  -1.1829  -1.1834  -1.1825  -1.1826
     -inf  -1.1894  -1.1850  -1.1835  -1.1839  -1.1841  -1.1824  -1.1810  -1.1803  -1.1804
     -inf  -1.1834  -1.1778  -1.1732  -1.1727  -1.1724  -1.1724  -1.1735  -1.1733  -1.1735
     -inf  -1.1691  -1.1687  -1.1710  -1.1703  -1.1705  -1.1710  -1.1698  -1.1690  -1.1697
     -inf  -1.1699  -1.1653  -1.1633  -1.1621  -1.1625  -1.1619  -1.1623  -1.1622  -1.1624
     -inf  -1.1577  -1.1565  -1.1576  -1.1569  -1.1556  -1.1555  -1.1557  -1.1556  -1.1564
        0        0        0        0        0        0        0        0        0        0
        0        0        0        0        0        0        0        0        0        0
        0        0        0        0        0        0        0        0        0        0
        0        0        0        0        0        0        0        0        0        0
        0        0        0        0        0        0        0        0        0        0
        0        0        0        0        0        0        0        0        0        0
        0        0        0        0        0        0        0        0        0        0
        0        0        0        0        0        0        0        0        0        0
        0        0        0        0        0        0        0        0        0        0
        0        0        0        0        0        0        0        0        0        0
        0        0        0        0        0        0        0        0        0        0
        0        0        0        0        0        0        0        0        0        0
        0        0        0        0        0        0        0        0        0        0
        0        0        0        0        0        0        0        0        0        0
        0        0        0        0        0        0        0        0        0        0
        0        0        0        0        0        0        0        0        0        0
        0        0        0        0        0        0        0        0        0        0
        0        0        0        0        0        0        0        0        0        0
        0        0        0        0        0        0        0        0        0        0
        0        0        0        0        0        0        0        0        0        0
        0        0        0        0        0        0        0        0        0        0
        0        0        0        0        0        0        0        0        0        0
        0        0        0        0        0        0        0        0        0        0
        0        0        0        0        0        0        0        0        0        0
        0        0        0        0        0        0        0        0        0        0
        0        0        0        0        0        0        0        0        0        0
        0        0        0        0        0        0        0        0        0        0
        0        0        0        0        0        0        0        0        0        0
        0        0        0        0        0        0        0        0        0        0
        0        0        0        0        0        0        0        0        0        0

        0        0        0        0        0        0        0        0        0        0
        0        0        0        0        0        0        0        0        0        0
        0        0        0        0        0        0        0        0        0        0
        0        0        0        0        0        0        0        0        0        0
        0        0        0        0        0        0        0        0        0        0
        0        0        0        0        0        0        0        0        0        0
        0        0        0        0        0        0        0        0        0        0
        0        0        0        0        0        0        0        0        0        0
        0        0        0        0        0        0        0        0        0        0
        0        0        0        0        0        0        0        0        0        0
        0        0        0        0        0        0        0        0        0        0
        0        0        0        0        0        0        0        0        0        0
        0        0        0        0        0        0        0        0        0        0
        0        0        0        0        0        0        0        0        0        0
        0        0        0        0        0        0        0        0        0        0
        0        0        0        0        0        0        0        0        0        0
        0        0        0        0        0        0        0        0        0        0
        0        0        0        0        0        0        0        0        0        0
        0        0        0        0        0        0        0        0        0        0
        0        0        0        0        0        0        0        0        0        0
        0        0        0        0        0        0        0        0        0        0
        0        0        0        0        0        0        0        0        0        0
        0        0        0        0        0        0        0        0        0        0
        0        0        0        0        0        0        0        0        0        0
        0        0        0        0        0        0        0        0        0        0
        0        0        0        0        0        0        0        0        0        0
        0        0        0        0        0        0        0        0        0        0
        0        0        0        0        0        0        0        0        0        0
        0        0        0        0        0        0        0        0        0        0
        0        0        0        0        0        0        0        0        0        0
        0        0        0        0        0        0        0        0        0        0
        0        0        0        0        0        0        0        0        0        0
        0        0        0        0        0        0        0        0        0        0
        0        0        0        0        0        0        0        0        0        0
        0        0        0        0        0        0        0        0        0        0
        0        0        0        0        0        0        0        0        0        0
        0        0        0        0        0        0        0        0        0        0
        0        0        0        0        0        0        0        0        0        0
        0        0        0        0        0        0        0        0        0        0
        0        0        0        0        0        0        0        0        0        0
        0        0        0        0        0        0        0        0        0        0
        0        0        0        0        0        0        0        0        0        0
        0        0        0        0        0        0        0        0        0        0
        0        0        0        0        0        0        0        0        0        0
        0        0        0        0        0        0        0        0        0        0
        0        0        0        0        0        0        0        0        0        0
        0        0        0        0        0        0        0        0        0        0
        0        0        0        0        0        0        0        0        0        0
        0        0        0        0        0        0        0        0        0        0
        0        0        0        0        0        0        0        0        0        0
        0        0        0        0        0        0        0        0        0        0
        0        0        0        0        0        0        0        0        0        0
        0        0        0        0        0        0        0        0        0        0
        0        0        0        0        0        0        0        0        0        0
        0        0        0        0        0        0        0        0        0        0
        0        0        0        0        0        0        0        0        0        0
        0        0        0        0        0        0        0        0        0        0
        0        0        0        0        0        0        0        0        0        0
        0        0        0        0        0        0        0        0        0        0
        0        0        0        0        0        0        0        0        0        0
     -inf  -0.6394  -0.3122  -0.0081  -0.0784  -0.0844   0.0249   0.0150   0.0451   0.0358
     -inf  -0.5209  -0.4891  -0.4897  -0.4617  -0.4479  -0.4593  -0.3355  -0.3322  -0.3593
      inf   0.1432  -0.0082  -0.0857  -0.0406  -0.1383  -0.1143  -0.1757  -0.2102  -0.2117
      inf   0.2523   0.1776   0.2795   0.1012   0.1021   0.1320   0.0775  -0.0040   0.0130
      inf   0.4749   0.3464   0.2798   0.3413   0.3864   0.3315   0.2990   0.3082   0.2837
     -inf  -0.4453  -0.0166   0.0090   0.0149  -0.0756  -0.1411  -0.1415  -0.1292  -0.0584
     -inf  -0.1504   0.0104   0.0583  -0.0037   0.0021   0.0047   0.0048  -0.0035   0.0116
      inf   0.3586   0.3077   0.2878   0.1864   0.2299   0.1775   0.1919   0.1637   0.1608
      inf  -0.0887  -0.1827  -0.0405   0.0354   0.0475  -0.0135   0.0579   0.1099   0.1144
     -inf  -0.4144  -0.2885  -0.2939  -0.1750  -0.1791  -0.1513  -0.1677  -0.1089  -0.1054
     -inf  -0.4133  -0.1003  -0.0544  -0.1314  -0.1107  -0.1017  -0.1285  -0.0718  -0.0956
      inf   0.1025   0.1428   0.0119   0.0566   0.0780   0.1028   0.0917   0.0909   0.1114
      inf  -0.1171  -0.1863  -0.0925  -0.1676  -0.1886  -0.1354  -0.1016  -0.0675  -0.0536
      inf  -0.0689   0.0312  -0.0087   0.0520   0.1069   0.1511   0.1109   0.0871   0.0667
     -inf   0.0394  -0.1685  -0.2127  -0.1782  -0.1729  -0.1351  -0.1159  -0.1055  -0.0653
      inf  -0.3136  -0.1628  -0.1293  -0.1168  -0.1055  -0.1060  -0.0975  -0.0713  -0.0502
     -inf  -0.0716  -0.0008   0.0360  -0.0102  -0.0376  -0.0240  -0.0056   0.0266   0.0296
     -inf   0.0169   0.0561   0.0046   0.0072  -0.0080   0.0004   0.0301   0.0439   0.0452
      inf   0.0157  -0.0557  -0.1055  -0.0715  -0.0347  -0.0211  -0.0051  -0.0044  -0.0053
      inf   0.0805   0.0231   0.0280  -0.0277  -0.0569  -0.0629  -0.0489  -0.0337  -0.0364
      inf   0.0984   0.0896   0.0803   0.0653   0.0503   0.0543   0.0614   0.0665   0.0531
      inf   0.0220   0.0328   0.0519   0.0303   0.0446   0.0288   0.0316   0.0401   0.0343
      inf   0.0459   0.0007   0.0508   0.0448   0.0227   0.0239   0.0228   0.0366   0.0335
      inf   0.0696   0.0490   0.0418   0.0444   0.0530   0.0420   0.0387   0.0281   0.0233
      inf   0.0244  -0.0521  -0.0104   0.0265  -0.0130  -0.0047  -0.0161   0.0016   0.0009
      inf   0.0327   0.0622   0.0445   0.0260   0.0307   0.0260   0.0263   0.0114   0.0116
     -inf   0.0650   0.1200   0.0797   0.0430   0.0247   0.0286   0.0235   0.0131   0.0216
     -inf  -0.0343  -0.0352  -0.0252  -0.0263  -0.0268  -0.0175  -0.0202  -0.0241  -0.0286
      inf  -0.0830  -0.0276  -0.0591  -0.0691  -0.0446  -0.0436  -0.0365  -0.0357  -0.0282
      inf   0.0004  -0.0493  -0.0449  -0.0339  -0.0472  -0.0372  -0.0453  -0.0376  -0.0292
        0        0        0        0        0        0        0        0        0        0
        0        0        0        0        0        0        0        0        0        0
        0        0        0        0        0        0        0        0        0        0
        0        0        0        0        0        0        0        0        0        0
        0        0        0        0        0        0        0        0        0        0
        0        0        0        0        0        0        0        0        0        0
        0        0        0        0        0        0        0        0        0        0
        0        0        0        0        0        0        0        0        0        0
        0        0        0        0        0        0        0        0        0        0
        0        0        0        0        0        0        0        0        0        0
        0        0        0        0        0        0        0        0        0        0
        0        0        0        0        0        0        0        0        0        0
        0        0        0        0        0        0        0        0        0        0
        0        0        0        0        0        0        0        0        0        0
        0        0        0        0        0        0        0        0        0        0
        0        0        0        0        0        0        0        0        0        0
        0        0        0        0        0        0        0        0        0        0
        0        0        0        0        0        0        0        0        0        0
        0        0        0        0        0        0        0        0        0        0
        0        0        0        0        0        0        0        0        0        0
        0        0        0        0        0        0        0        0        0        0
        0        0        0        0        0        0        0        0        0        0
        0        0        0        0        0        0        0        0        0        0
        0        0        0        0        0        0        0        0        0        0
        0        0        0        0        0        0        0        0        0        0
        0        0        0        0        0        0        0        0        0        0
        0        0        0        0        0        0        0        0        0        0
        0        0        0        0        0        0        0        0        0        0
        0        0        0        0        0        0        0        0        0        0
        0        0        0        0        0        0        0        0        0        0

        0        0        0        0        0        0        0        0        0        0
        0        0        0        0        0        0        0        0        0        0
        0        0        0        0        0        0        0        0        0        0
        0        0        0        0        0        0        0        0        0        0
        0        0        0        0        0        0        0        0        0        0
        0        0        0        0        0        0        0        0        0        0
        0        0        0        0        0        0        0        0        0        0
        0        0        0        0        0        0        0        0        0        0
        0        0        0        0        0        0        0        0        0        0
        0        0        0        0        0        0        0        0        0        0
        0        0        0        0        0        0        0        0        0        0
        0        0        0        0        0        0        0        0        0        0
        0        0        0        0        0        0        0        0        0        0
        0        0        0        0        0        0        0        0        0        0
        0        0        0        0        0        0        0        0        0        0
        0        0        0        0        0        0        0        0        0        0
        0        0        0        0        0        0        0        0        0        0
        0        0        0        0        0        0        0        0        0        0
        0        0        0        0        0        0        0        0        0        0
        0        0        0        0        0        0        0        0        0        0
        0        0        0        0        0        0        0        0        0        0
        0        0        0        0        0        0        0        0        0        0
        0        0        0        0        0        0        0        0        0        0
        0        0        0        0        0        0        0        0        0        0
        0        0        0        0        0        0        0        0        0        0
        0        0        0        0        0        0        0        0        0        0
        0        0        0        0        0        0        0        0        0        0
        0        0        0        0        0        0        0        0        0        0
        0        0        0        0        0        0        0        0        0        0
        0        0        0        0        0        0        0        0        0        0
        0        0        0        0        0        0        0        0        0        0
        0        0        0        0        0        0        0        0        0        0
        0        0        0        0        0        0        0        0        0        0
        0        0        0        0        0        0        0        0        0        0
        0        0        0        0        0        0        0        0        0        0
        0        0        0        0        0        0        0        0        0        0
        0        0        0        0        0        0        0        0        0        0
        0        0        0        0        0        0        0        0        0        0
        0        0        0        0        0        0        0        0        0        0
        0        0        0        0        0        0        0        0        0        0
        0        0        0        0        0        0        0        0        0        0
        0        0        0        0        0        0        0        0        0        0
        0        0        0        0        0        0        0        0        0        0
        0        0        0        0        0        0        0        0        0        0
        0        0        0        0        0        0        0        0        0        0
        0        0        0        0        0        0        0        0        0        0
        0        0        0        0        0        0        0        0        0        0
        0        0        0        0        0        0        0        0        0        0
        0        0        0        0        0        0        0        0        0        0
        0        0        0        0        0        0        0        0        0        0
        0        0        0        0        0        0        0        0        0        0
        0        0        0        0        0        0        0        0        0        0
        0        0        0        0        0        0        0        0        0        0
        0        0        0        0        0        0        0        0        0        0
        0        0        0        0        0        0        0        0        0        0
        0        0        0        0        0        0        0        0        0        0
        0        0        0        0        0        0        0        0        0        0
        0        0        0        0        0        0        0        0        0        0
        0        0        0        0        0        0        0        0        0        0
        0        0        0        0        0        0        0        0        0        0
      inf   0.6394   0.5746   0.5830   0.5708   0.5668   0.5682   0.5599   0.5640   0.5610
      inf   0.5242   0.5072   0.5022   0.4824   0.4741   0.4828   0.4821   0.4711   0.4830
      inf   0.3677   0.4460   0.4767   0.4621   0.4792   0.4809   0.4918   0.4893   0.4955
      inf   0.4424   0.4441   0.4597   0.4609   0.4627   0.4489   0.4507   0.4662   0.4652
      inf   0.5325   0.4599   0.4489   0.4682   0.4879   0.4917   0.4804   0.4881   0.4810
      inf   0.5376   0.5113   0.5116   0.5089   0.4979   0.4942   0.4789   0.4841   0.4883
      inf   0.4789   0.3903   0.3788   0.3911   0.4044   0.4019   0.3927   0.4010   0.4037
      inf   0.4119   0.3932   0.3980   0.3940   0.3978   0.3924   0.3874   0.3871   0.3852
      inf   0.4016   0.4081   0.4182   0.4231   0.4076   0.4073   0.4188   0.4269   0.4249
      inf   0.4213   0.4032   0.3904   0.3761   0.3755   0.3675   0.3778   0.3739   0.3738
      inf   0.4364   0.4101   0.3651   0.3746   0.3743   0.3829   0.3723   0.3686   0.3656
      inf   0.4071   0.3754   0.3657   0.3601   0.3568   0.3558   0.3586   0.3635   0.3619
      inf   0.3571   0.3197   0.3199   0.3397   0.3490   0.3405   0.3476   0.3498   0.3570
      inf   0.3103   0.2943   0.2790   0.2936   0.3036   0.3218   0.3308   0.3293   0.3279
      inf   0.2830   0.3576   0.3445   0.3442   0.3313   0.3254   0.3222   0.3203   0.3228
      inf   0.3605   0.3480   0.3113   0.3060   0.3131   0.3327   0.3270   0.3208   0.3148
      inf   0.1828   0.2234   0.2377   0.2411   0.2432   0.2520   0.2577   0.2646   0.2581
      inf   0.2577   0.2929   0.2966   0.2945   0.2991   0.2932   0.2944   0.2898   0.2837
      inf   0.2840   0.2599   0.2725   0.2526   0.2586   0.2625   0.2606   0.2568   0.2654
      inf   0.2182   0.2175   0.2251   0.2389   0.2444   0.2423   0.2411   0.2377   0.2410
      inf   0.2360   0.2426   0.2546   0.2570   0.2634   0.2514   0.2515   0.2565   0.2562
      inf   0.2872   0.2611   0.2788   0.2755   0.2602   0.2563   0.2583   0.2583   0.2578
      inf   0.2702   0.2658   0.2745   0.2737   0.2661   0.2580   0.2560   0.2565   0.2498
      inf   0.2843   0.2542   0.2682   0.2492   0.2375   0.2399   0.2359   0.2303   0.2323
      inf   0.2019   0.2095   0.2123   0.2181   0.2381   0.2292   0.2321   0.2300   0.2285
      inf   0.2809   0.2535   0.2307   0.2389   0.2382   0.2345   0.2310   0.2291   0.2268
      inf   0.2519   0.2340   0.2181   0.2187   0.2179   0.2126   0.2148   0.2148   0.2181
      inf   0.2073   0.1983   0.2035   0.2033   0.2072   0.2117   0.2069   0.2070   0.2096
      inf   0.2354   0.2077   0.2076   0.2035   0.2061   0.2041   0.2070   0.2038   0.2059
      inf   0.1847   0.1990   0.2003   0.1992   0.1957   0.1979   0.1990   0.1979   0.2014
        0        0        0        0        0        0        0        0        0        0
        0        0        0        0        0        0        0        0        0        0
        0        0        0        0        0        0        0        0        0        0
        0        0        0        0        0        0        0        0        0        0
        0        0        0        0        0        0        0        0        0        0
        0        0        0        0        0        0        0        0        0        0
        0        0        0        0        0        0        0        0        0        0
        0        0        0        0        0        0        0        0        0        0
        0        0        0        0        0        0        0        0        0        0
        0        0        0        0        0        0        0        0        0        0
        0        0        0        0        0        0        0        0        0        0
        0        0        0        0        0        0        0        0        0        0
        0        0        0        0        0        0        0        0        0        0
        0        0        0        0        0        0        0        0        0        0
        0        0        0        0        0        0        0        0        0        0
        0        0        0        0        0        0        0        0        0        0
        0        0        0        0        0        0        0        0        0        0
        0        0        0        0        0        0        0        0        0        0
        0        0        0        0        0        0        0        0        0        0
        0        0        0        0        0        0        0        0        0        0
        0        0        0        0        0        0        0        0        0        0
        0        0        0        0        0        0        0        0        0        0
        0        0        0        0        0        0        0        0        0        0
        0        0        0        0        0        0        0        0        0        0
        0        0        0        0        0        0        0        0        0        0
        0        0        0        0        0        0        0        0        0        0
        0        0        0        0        0        0        0        0        0        0
        0        0        0        0        0        0        0        0        0        0
        0        0        0        0        0        0        0        0        0        0
        0        0        0        0        0        0        0        0        0        0

        0        0        0        0        0        0        0        0        0        0
        0        0        0        0        0        0        0        0        0        0
        0        0        0        0        0        0        0        0        0        0
        0        0        0        0        0        0        0        0        0        0
        0        0        0        0        0        0        0        0        0        0
        0        0        0        0        0        0        0        0        0        0
        0        0        0        0        0        0        0        0        0        0
        0        0        0        0        0        0        0        0        0        0
        0        0        0        0        0        0        0        0        0        0
        0        0        0        0        0        0        0        0        0        0
        0        0        0        0        0        0        0        0        0        0
        0        0        0        0        0        0        0        0        0        0
        0        0        0        0        0        0        0        0        0        0
        0        0        0        0        0        0        0        0        0        0
        0        0        0        0        0        0        0        0        0        0
        0        0        0        0        0        0        0        0        0        0
        0        0        0        0        0        0        0        0        0        0
        0        0        0        0        0        0        0        0        0        0
        0        0        0        0        0        0        0        0        0        0
        0        0        0        0        0        0        0        0        0        0
        0        0        0        0        0        0        0        0        0        0
        0        0        0        0        0        0        0        0        0        0
        0        0        0        0        0        0        0        0        0        0
        0        0        0        0        0        0        0        0        0        0
        0        0        0        0        0        0        0        0        0        0
        0        0        0        0        0        0        0        0        0        0
        0        0        0        0        0        0        0        0        0        0
        0        0        0        0        0        0        0        0        0        0
        0        0        0        0        0        0        0        0        0        0
        0        0        0        0        0        0        0        0        0        0
        0        0        0        0        0        0        0        0        0        0
        0        0        0        0        0        0        0        0        0        0
        0        0        0        0        0        0        0        0        0        0
        0        0        0        0        0        0        0        0        0        0
        0        0        0        0        0        0        0        0        0        0
        0        0        0        0        0        0        0        0        0        0
        0        0        0        0        0        0        0        0        0        0
        0        0        0        0        0        0        0        0        0        0
        0        0        0        0        0        0        0        0        0        0
        0        0        0        0        0        0        0        0        0        0
        0        0        0        0        0        0        0        0        0        0
        0        0        0        0        0        0        0        0        0        0
        0        0        0        0        0        0        0        0        0        0
        0        0        0        0        0        0        0        0        0        0
        0        0        0        0        0        0        0        0        0        0
        0        0        0        0        0        0        0        0        0        0
        0        0        0        0        0        0        0        0        0        0
        0        0        0        0        0        0        0        0        0        0
        0        0        0        0        0        0        0        0        0        0
        0        0        0        0        0        0        0        0        0        0
        0        0        0        0        0        0        0        0        0        0
        0        0        0        0        0        0        0        0        0        0
        0        0        0        0        0        0        0        0        0        0
        0        0        0        0        0        0        0        0        0        0
        0        0        0        0        0        0        0        0        0        0
        0        0        0        0        0        0        0        0        0        0
        0        0        0        0        0        0        0        0        0        0
        0        0        0        0        0        0        0        0        0        0
        0        0        0        0        0        0        0        0        0        0
        0        0        0        0        0        0        0        0        0        0
      nan   1.8132   2.0014   1.8515   1.9087   1.9215   1.9174   1.9258   1.9481   1.9459
      nan   1.8583   1.9751   1.8623   1.9353   1.9375   1.9053   1.9309   1.9085   1.9300
      nan   1.7654   1.9524   1.9331   1.9374   1.9773   1.9695   1.9603   1.9646   1.9580
      nan   1.9566   1.8657   1.8732   1.9332   1.9584   1.9412   1.9711   1.9902   1.9416
      nan   1.7766   1.8823   1.8361   1.8341   1.8931   1.9042   1.8926   1.9079   1.9163
      nan   1.7498   1.8740   1.8400   1.8758   1.9098   1.9191   1.9334   1.9105   1.9163
      nan   1.9058   1.7674   1.7441   1.8376   1.8240   1.7946   1.7692   1.7670   1.7851
      nan   1.5772   1.5678   1.6159   1.6042   1.5901   1.6093   1.6073   1.6553   1.6321
      nan   1.6212   1.6714   1.7612   1.7254   1.7619   1.7489   1.7470   1.7426   1.7395
      nan   1.5179   1.5956   1.5875   1.5851   1.6102   1.6492   1.6724   1.6699   1.6659
      nan   1.8294   1.8170   1.7042   1.6952   1.6686   1.6765   1.6468   1.6557   1.6506
      nan   1.5687   1.5423   1.4629   1.4488   1.4858   1.4991   1.5174   1.5293   1.5113
      nan   1.4214   1.3803   1.4036   1.4504   1.4945   1.4841   1.4896   1.5113   1.5275
      nan   1.4450   1.4116   1.3330   1.4334   1.4627   1.5030   1.5113   1.4886   1.4885
      nan   1.4001   1.4991   1.4649   1.4251   1.4109   1.3720   1.3618   1.3907   1.3770
      nan   1.4121   1.4669   1.4677   1.3991   1.4209   1.5064   1.4784   1.4365   1.4055
      nan   1.1393   1.2081   1.2288   1.2617   1.2523   1.2688   1.2687   1.3026   1.2812
      nan   1.2031   1.2126   1.1925   1.1972   1.2036   1.1990   1.2657   1.2615   1.2652
      nan   1.3762   1.2650   1.3052   1.2769   1.2628   1.2618   1.2629   1.2446   1.2605
      nan   1.1945   1.1265   1.1476   1.1935   1.2471   1.2399   1.2247   1.2134   1.2043
      nan   1.2506   1.2628   1.2582   1.2446   1.2794   1.2682   1.2567   1.2385   1.2321
      nan   1.2074   1.1844   1.2781   1.2509   1.2116   1.1997   1.1963   1.1907   1.1928
      nan   1.2425   1.1792   1.1504   1.1498   1.1345   1.1371   1.1522   1.1546   1.1427
      nan   1.2105   1.1250   1.1902   1.1575   1.1413   1.1458   1.1369   1.1227   1.1165
      nan   1.0321   1.0570   1.0870   1.0986   1.1376   1.1301   1.1308   1.1159   1.1078
      nan   1.1594   1.1050   1.1012   1.1057   1.1094   1.1026   1.0993   1.1006   1.1043
      nan   1.0708   1.0704   1.0841   1.0714   1.0567   1.0550   1.0578   1.0512   1.0531
      nan   1.0147   1.0521   1.0670   1.0695   1.0706   1.0844   1.0749   1.0685   1.0702
      nan   1.2471   1.1288   1.0730   1.0507   1.0466   1.0339   1.0500   1.0415   1.0365
      nan   1.0209   1.0050   1.0085   1.0176   1.0111   1.0094   0.9962   0.9963   0.9984
        0        0        0        0        0        0        0        0        0        0
        0        0        0        0        0        0        0        0        0        0
        0        0        0        0        0        0        0        0        0        0
        0        0        0        0        0        0        0        0        0        0
        0        0        0        0        0        0        0        0        0        0
        0        0        0        0        0        0        0        0        0        0
        0        0        0        0        0        0        0        0        0        0
        0        0        0        0        0        0        0        0        0        0
        0        0        0        0        0        0        0        0        0        0
        0        0        0        0        0        0        0        0        0        0
        0        0        0        0        0        0        0        0        0        0
        0        0        0        0        0        0        0        0        0        0
        0        0        0        0        0        0        0        0        0        0
        0        0        0        0        0        0        0        0        0        0
        0        0        0        0        0        0        0        0        0        0
        0        0        0        0        0        0        0        0        0        0
        0        0        0        0        0        0        0        0        0        0
        0        0        0        0        0        0        0        0        0        0
        0        0        0        0        0        0        0        0        0        0
        0        0        0        0        0        0        0        0        0        0
        0        0        0        0        0        0        0        0        0        0
        0        0        0        0        0        0        0        0        0        0
        0        0        0        0        0        0        0        0        0        0
        0        0        0        0        0        0        0        0        0        0
        0        0        0        0        0        0        0        0        0        0
        0        0        0        0        0        0        0        0        0        0
        0        0        0        0        0        0        0        0        0        0
        0        0        0        0        0        0        0        0        0        0
        0        0        0        0        0        0        0        0        0        0
        0        0        0        0        0        0        0        0        0        0

            0            0            0            0            0            0            0            0            0            0
            0            0            0            0            0            0            0            0            0            0
            0            0            0            0            0            0            0            0            0            0
            0            0            0            0            0            0            0            0            0            0
            0            0            0            0            0            0            0            0            0            0
            0            0            0            0            0            0            0            0            0            0
            0            0            0            0            0            0            0            0            0            0
            0            0            0            0            0            0            0            0            0            0
            0            0            0            0            0            0            0            0            0            0
            0            0            0            0            0            0            0            0            0            0
            0            0            0            0            0            0            0            0            0            0
            0            0            0            0            0            0            0            0            0            0
            0            0            0            0            0            0            0            0            0            0
            0            0            0            0            0            0            0            0            0            0
            0            0            0            0            0            0            0            0            0            0
            0            0            0            0            0            0            0            0            0            0
            0            0            0            0            0            0            0            0            0            0
            0            0            0            0            0            0            0            0            0            0
            0            0            0            0            0            0            0            0            0            0
            0            0            0            0            0            0            0            0            0            0
            0            0            0            0            0            0            0            0            0            0
            0            0            0            0            0            0            0            0            0            0
            0            0            0            0            0            0            0            0            0            0
            0            0            0            0            0            0            0            0            0            0
            0            0            0            0            0            0            0            0            0            0
            0            0            0            0            0            0            0            0            0            0
            0            0            0            0            0            0            0            0            0            0
            0            0            0            0            0            0            0            0            0            0
            0            0            0            0            0            0            0            0            0            0
            0            0            0            0            0            0            0            0            0            0
            0            0            0            0            0            0            0            0            0            0
            0            0            0            0            0            0            0            0            0            0
            0            0            0            0            0            0            0            0            0            0
            0            0            0            0            0            0            0            0            0            0
            0            0            0            0            0            0            0            0            0            0
            0            0            0            0            0            0            0            0            0            0
            0            0            0            0            0            0            0            0            0            0
            0            0            0            0            0            0            0            0            0            0
            0            0            0            0            0            0            0            0            0            0
            0            0            0            0            0            0            0            0            0            0
            0            0            0            0            0            0            0            0            0            0
            0            0            0            0            0            0            0            0            0            0
            0            0            0            0            0            0            0            0            0            0
            0            0            0            0            0            0            0            0            0            0
            0            0            0            0            0            0            0            0            0            0
            0            0            0            0            0            0            0            0            0            0
            0            0            0            0            0            0            0            0            0            0
            0            0            0            0            0            0            0            0            0            0
            0            0            0            0            0            0            0            0            0            0
            0            0            0            0            0            0            0            0            0            0
            0            0            0            0            0            0            0            0            0            0
            0            0            0            0            0            0            0            0            0            0
            0            0            0            0            0            0            0            0            0            0
            0            0            0            0            0            0            0            0            0            0
            0            0            0            0            0            0            0            0            0            0
            0            0            0            0            0            0            0            0            0            0
            0            0            0            0            0            0            0            0            0            0
            0            0            0            0            0            0            0            0            0            0
            0            0            0            0            0            0            0            0            0            0
            0            0            0            0            0            0            0            0            0            0
          nan   9.9859e+00   1.8594e+02   2.5669e+02   2.4509e+02   2.4218e+02   2.4833e+02   2.4255e+02   2.4450e+02   2.4230e+02
          nan   3.0466e+01   4.3741e+01   3.8090e+01   4.4630e+01   4.9458e+01   4.7124e+01   1.1463e+02   1.0988e+02   1.0400e+02
          nan   1.1377e+02   1.7286e+02   1.8538e+02   1.8073e+02   1.7901e+02   1.8417e+02   1.7790e+02   1.6624e+02   1.6939e+02
          nan   1.2817e+02   1.4797e+02   1.2476e+02   1.7370e+02   1.7317e+02   1.6060e+02   1.7000e+02   1.8322e+02   1.8179e+02
          nan   5.9921e+01   9.6523e+01   1.1779e+02   1.0001e+02   8.9499e+01   1.1847e+02   1.2653e+02   1.2749e+02   1.3318e+02
          nan   8.4028e+01   2.0696e+02   2.0601e+02   2.0311e+02   1.9427e+02   1.8173e+02   1.7371e+02   1.7832e+02   1.9022e+02
          nan   1.6641e+02   1.3659e+02   1.2872e+02   1.3797e+02   1.4553e+02   1.4362e+02   1.3816e+02   1.4271e+02   1.4382e+02
          nan   5.1335e+01   6.6227e+01   7.8759e+01   1.0888e+02   9.7713e+01   1.0996e+02   1.0421e+02   1.1204e+02   1.1131e+02
          nan   1.3210e+02   1.1793e+02   1.4784e+02   1.4915e+02   1.4122e+02   1.4208e+02   1.4518e+02   1.4351e+02   1.4185e+02
          nan   2.6834e+01   7.9138e+01   7.1628e+01   1.0364e+02   1.0208e+02   1.0498e+02   1.0771e+02   1.1676e+02   1.1740e+02
          nan   4.4244e+01   1.3908e+02   1.2042e+02   1.1480e+02   1.1726e+02   1.2300e+02   1.1280e+02   1.1888e+02   1.1452e+02
          nan   1.3128e+02   1.0659e+02   1.1558e+02   1.1005e+02   1.0717e+02   1.0376e+02   1.0654e+02   1.0969e+02   1.0559e+02
          nan   1.0216e+02   7.0247e+01   8.8731e+01   8.4900e+01   8.4509e+01   9.2045e+01   1.0033e+02   1.0571e+02   1.1053e+02
          nan   8.5442e+01   8.1368e+01   7.5279e+01   8.1038e+01   7.9863e+01   8.0659e+01   9.2090e+01   9.4170e+01   9.5549e+01
          nan   7.4036e+01   9.1035e+01   7.3998e+01   8.2679e+01   7.8206e+01   8.2984e+01   8.4748e+01   8.5992e+01   9.1332e+01
          nan   4.1143e+01   8.6013e+01   7.8181e+01   7.7346e+01   8.2991e+01   9.2358e+01   9.0568e+01   9.0406e+01   8.8916e+01
          nan   3.2797e+01   5.1281e+01   5.7347e+01   5.9826e+01   5.9120e+01   6.3443e+01   6.5786e+01   6.8136e+01   6.5166e+01
          nan   6.2014e+01   7.4362e+01   7.8076e+01   7.6864e+01   7.9144e+01   7.6815e+01   7.7681e+01   7.5116e+01   7.2684e+01
          nan   7.6842e+01   6.4438e+01   6.4255e+01   6.0002e+01   6.4422e+01   6.6406e+01   6.5909e+01   6.4102e+01   6.7805e+01
          nan   4.4299e+01   4.6848e+01   4.9722e+01   5.5612e+01   5.7016e+01   5.5729e+01   5.5657e+01   5.5205e+01   5.6187e+01
          nan   5.0690e+01   5.4022e+01   5.9026e+01   6.0271e+01   6.5290e+01   6.0244e+01   5.9816e+01   6.1058e+01   6.1812e+01
          nan   7.4802e+01   6.2188e+01   6.9548e+01   6.9666e+01   6.3157e+01   6.2123e+01   6.2552e+01   6.2146e+01   6.2196e+01
          nan   6.4562e+01   6.3375e+01   6.4044e+01   6.4387e+01   6.3004e+01   5.9976e+01   5.9955e+01   5.9433e+01   5.7309e+01
          nan   6.8072e+01   5.8501e+01   6.5277e+01   5.8123e+01   5.3527e+01   5.4642e+01   5.3296e+01   5.1524e+01   5.2069e+01
          nan   4.0878e+01   4.2594e+01   4.5251e+01   4.7329e+01   5.5172e+01   5.1884e+01   5.2380e+01   5.1337e+01   5.0542e+01
          nan   7.0440e+01   5.5960e+01   5.0589e+01   5.4047e+01   5.3103e+01   5.1533e+01   5.0406e+01   5.0210e+01   4.9483e+01
          nan   5.5714e+01   4.1213e+01   4.1752e+01   4.3861e+01   4.4573e+01   4.2822e+01   4.3856e+01   4.4139e+01   4.4972e+01
          nan   4.1161e+01   3.8160e+01   4.1391e+01   4.0879e+01   4.1823e+01   4.3731e+01   4.1965e+01   4.1751e+01   4.2549e+01
          nan   5.1212e+01   4.4294e+01   4.1244e+01   3.8723e+01   4.0674e+01   3.9878e+01   4.1277e+01   3.9969e+01   4.0755e+01
          nan   3.3979e+01   3.7203e+01   3.8403e+01   3.8409e+01   3.6624e+01   3.7712e+01   3.7418e+01   3.7768e+01   3.9250e+01
            0            0            0            0            0            0            0            0            0            0
            0            0            0            0            0            0            0            0            0            0
            0            0            0            0            0            0            0            0            0            0
            0            0            0            0            0            0            0            0            0            0
            0            0            0            0            0            0            0            0            0            0
            0            0            0            0            0            0            0            0            0            0
            0            0            0            0            0            0            0            0            0            0
            0            0            0            0            0            0            0            0            0            0
            0            0            0            0            0            0            0            0            0            0
            0            0            0            0            0            0            0            0            0            0
            0            0            0            0            0            0            0            0            0            0
            0            0            0            0            0            0            0            0            0            0
            0            0            0            0            0            0            0            0            0            0
            0            0            0            0            0            0            0            0            0            0
            0            0            0            0            0            0            0            0            0            0
            0            0            0            0            0            0            0            0            0            0
            0            0            0            0            0            0            0            0            0            0
            0            0            0            0            0            0            0            0            0            0
            0            0            0            0            0            0            0            0            0            0
            0            0            0            0            0            0            0            0            0            0
            0            0            0            0            0            0            0            0            0            0
            0            0            0            0            0            0            0            0            0            0
            0            0            0            0            0            0            0            0            0            0
            0            0            0            0            0            0            0            0            0            0
            0            0            0            0            0            0            0            0            0            0
            0            0            0            0            0            0            0            0            0            0
            0            0            0            0            0            0            0            0            0            0
            0            0            0            0            0            0            0            0            0            0
            0            0            0            0            0            0            0            0            0            0
            0            0            0            0            0            0            0            0            0            0

         0         0         0         0         0         0         0         0         0         0
         0         0         0         0         0         0         0         0         0         0
         0         0         0         0         0         0         0         0         0         0
         0         0         0         0         0         0         0         0         0         0
         0         0         0         0         0         0         0         0         0         0
         0         0         0         0         0         0         0         0         0         0
         0         0         0         0         0         0         0         0         0         0
         0         0         0         0         0         0         0         0         0         0
         0         0         0         0         0         0         0         0         0         0
         0         0         0         0         0         0         0         0         0         0
         0         0         0         0         0         0         0         0         0         0
         0         0         0         0         0         0         0         0         0         0
         0         0         0         0         0         0         0         0         0         0
         0         0         0         0         0         0         0         0         0         0
         0         0         0         0         0         0         0         0         0         0
         0         0         0         0         0         0         0         0         0         0
         0         0         0         0         0         0         0         0         0         0
         0         0         0         0         0         0         0         0         0         0
         0         0         0         0         0         0         0         0         0         0
         0         0         0         0         0         0         0         0         0         0
         0         0         0         0         0         0         0         0         0         0
         0         0         0         0         0         0         0         0         0         0
         0         0         0         0         0         0         0         0         0         0
         0         0         0         0         0         0         0         0         0         0
         0         0         0         0         0         0         0         0         0         0
         0         0         0         0         0         0         0         0         0         0
         0         0         0         0         0         0         0         0         0         0
         0         0         0         0         0         0         0         0         0         0
         0         0         0         0         0         0         0         0         0         0
         0         0         0         0         0         0         0         0         0         0
         0         0         0         0         0         0         0         0         0         0
         0         0         0         0         0         0         0         0         0         0
         0         0         0         0         0         0         0         0         0         0
         0         0         0         0         0         0         0         0         0         0
         0         0         0         0         0         0         0         0         0         0
         0         0         0         0         0         0         0         0         0         0
         0         0         0         0         0         0         0         0         0         0
         0         0         0         0         0         0         0         0         0         0
         0         0         0         0         0         0         0         0         0         0
         0         0         0         0         0         0         0         0         0         0
         0         0         0         0         0         0         0         0         0         0
         0         0         0         0         0         0         0         0         0         0
         0         0         0         0         0         0         0         0         0         0
         0         0         0         0         0         0         0         0         0         0
         0         0         0         0         0         0         0         0         0         0
         0         0         0         0         0         0         0         0         0         0
         0         0         0         0         0         0         0         0         0         0
         0         0         0         0         0         0         0         0         0         0
         0         0         0         0         0         0         0         0         0         0
         0         0         0         0         0         0         0         0         0         0
         0         0         0         0         0         0         0         0         0         0
         0         0         0         0         0         0         0         0         0         0
         0         0         0         0         0         0         0         0         0         0
         0         0         0         0         0         0         0         0         0         0
         0         0         0         0         0         0         0         0         0         0
         0         0         0         0         0         0         0         0         0         0
         0         0         0         0         0         0         0         0         0         0
         0         0         0         0         0         0         0         0         0         0
         0         0         0         0         0         0         0         0         0         0
         0         0         0         0         0         0         0         0         0         0
       nan    9.9859   24.0643   20.2748   22.7400   23.6867   24.2002   24.6124   24.6362   24.2451
       nan   28.1127   31.2049   29.4287   31.0107   32.6681   31.7534   31.3959   32.4025   31.6916
       nan   34.3351   35.1065   33.0681   33.9709   33.1842   33.0218   31.7550   30.9968   30.3790
       nan   36.9185   33.4465   32.7013   33.9607   32.4133   33.3357   33.7627   33.0285   32.3290
       nan   19.9207   33.3840   32.8068   29.2017   28.2666   27.5256   29.0090   28.7326   29.1186
       nan   21.5895   27.2320   25.9351   25.0180   27.6134   27.3750   29.6301   28.5291   28.5121
       nan   24.4798   32.0773   32.5472   32.9427   33.2198   32.7142   32.3033   32.3001   31.9716
       nan   23.2049   25.1679   26.9799   26.3022   25.5021   26.0408   26.5938   27.7338   27.3358
       nan   27.1973   26.8826   29.3679   27.6245   29.1727   28.7641   27.5435   27.1723   27.3330
       nan   22.8561   25.0366   26.5458   28.0147   27.7730   28.4597   29.5404   29.4880   29.6174
       nan   30.8642   31.4078   31.6990   31.0083   30.1955   30.2395   29.6950   29.8726   29.7595
       nan   25.8022   24.7169   24.8210   24.1447   24.8246   24.9158   24.8555   25.5183   25.0276
       nan   25.0048   24.4630   25.1744   25.6916   26.0339   25.8946   25.4043   25.8521   26.0457
       nan   23.5003   23.4344   22.6710   24.5718   25.2270   26.0290   26.3704   25.9431   25.8199
       nan   21.0017   23.8794   24.4280   24.1491   24.3140   23.8208   23.7088   24.2419   23.8638
       nan   19.8151   22.2792   24.1422   23.4459   24.4649   25.3617   24.9308   24.4843   23.8598
       nan   13.7775   17.7406   20.2416   20.8140   20.3029   21.1393   21.1519   21.5469   20.9599
       nan   17.6623   18.9144   19.0809   18.7252   19.1609   19.1572   20.1606   20.0540   20.0746
       nan   23.0027   21.3140   22.0042   20.7074   20.4429   20.5911   20.4635   19.9702   20.6719
       nan   16.8303   15.6078   16.4005   17.9884   19.2860   19.1632   18.4189   18.2189   18.2718
       nan   20.0216   20.1318   20.1176   19.0650   20.7235   20.0755   20.1693   20.1546   19.9516
       nan   20.2539   17.5403   19.6233   19.7835   19.4524   18.9686   18.8257   18.8326   18.7485
       nan   17.5035   16.4696   15.7411   15.9924   16.3470   16.1520   16.7978   16.6482   16.6108
       nan   17.7236   17.2908   18.7933   18.2973   18.0069   17.6905   17.4092   16.9169   16.6855
       nan   14.3063   15.3844   15.5138   16.3446   17.8013   17.1622   16.9350   16.3638   16.0161
       nan   19.0853   16.1072   16.7919   16.8292   16.3029   15.7115   15.6456   15.6755   15.6288
       nan   16.7218   14.6318   14.6056   13.5874   13.7102   13.6101   13.8397   13.8600   13.9599
       nan   13.7012   13.1433   14.6044   14.1847   14.0920   14.4805   14.1064   13.9856   14.2162
       nan   19.3987   16.5059   15.2732   14.6943   14.1248   13.7981   14.0592   13.5600   13.4656
       nan   11.6609   12.8894   13.4835   13.2084   13.0225   12.9997   12.8432   13.0659   13.2714
         0         0         0         0         0         0         0         0         0         0
         0         0         0         0         0         0         0         0         0         0
         0         0         0         0         0         0         0         0         0         0
         0         0         0         0         0         0         0         0         0         0
         0         0         0         0         0         0         0         0         0         0
         0         0         0         0         0         0         0         0         0         0
         0         0         0         0         0         0         0         0         0         0
         0         0         0         0         0         0         0         0         0         0
         0         0         0         0         0         0         0         0         0         0
         0         0         0         0         0         0         0         0         0         0
         0         0         0         0         0         0         0         0         0         0
         0         0         0         0         0         0         0         0         0         0
         0         0         0         0         0         0         0         0         0         0
         0         0         0         0         0         0         0         0         0         0
         0         0         0         0         0         0         0         0         0         0
         0         0         0         0         0         0         0         0         0         0
         0         0         0         0         0         0         0         0         0         0
         0         0         0         0         0         0         0         0         0         0
         0         0         0         0         0         0         0         0         0         0
         0         0         0         0         0         0         0         0         0         0
         0         0         0         0         0         0         0         0         0         0
         0         0         0         0         0         0         0         0         0         0
         0         0         0         0         0         0         0         0         0         0
         0         0         0         0         0         0         0         0         0         0
         0         0         0         0         0         0         0         0         0         0
         0         0         0         0         0         0         0         0         0         0
         0         0         0         0         0         0         0         0         0         0
         0         0         0         0         0         0         0         0         0         0
         0         0         0         0         0         0         0         0         0         0
         0         0         0         0         0         0         0         0         0         0

        0        0        0        0        0        0        0        0        0        0
        0        0        0        0        0        0        0        0        0        0
        0        0        0        0        0        0        0        0        0        0
        0        0        0        0        0        0        0        0        0        0
        0        0        0        0        0        0        0        0        0        0
        0        0        0        0        0        0        0        0        0        0
        0        0        0        0        0        0        0        0        0        0
        0        0        0        0        0        0        0        0        0        0
        0        0        0        0        0        0        0        0        0        0
        0        0        0        0        0        0        0        0        0        0
        0        0        0        0        0        0        0        0        0        0
        0        0        0        0        0        0        0        0        0        0
        0        0        0        0        0        0        0        0        0        0
        0        0        0        0        0        0        0        0        0        0
        0        0        0        0        0        0        0        0        0        0
        0        0        0        0        0        0        0        0        0        0
        0        0        0        0        0        0        0        0        0        0
        0        0        0        0        0        0        0        0        0        0
        0        0        0        0        0        0        0        0        0        0
        0        0        0        0        0        0        0        0        0        0
        0        0        0        0        0        0        0        0        0        0
        0        0        0        0        0        0        0        0        0        0
        0        0        0        0        0        0        0        0        0        0
        0        0        0        0        0        0        0        0        0        0
        0        0        0        0        0        0        0        0        0        0
        0        0        0        0        0        0        0        0        0        0
        0        0        0        0        0        0        0        0        0        0
        0        0        0        0        0        0        0        0        0        0
        0        0        0        0        0        0        0        0        0        0
        0        0        0        0        0        0        0        0        0        0
        0        0        0        0        0        0        0        0        0        0
        0        0        0        0        0        0        0        0        0        0
        0        0        0        0        0        0        0        0        0        0
        0        0        0        0        0        0        0        0        0        0
        0        0        0        0        0        0        0        0        0        0
        0        0        0        0        0        0        0        0        0        0
        0        0        0        0        0        0        0        0        0        0
        0        0        0        0        0        0        0        0        0        0
        0        0        0        0        0        0        0        0        0        0
        0        0        0        0        0        0        0        0        0        0
        0        0        0        0        0        0        0        0        0        0
        0        0        0        0        0        0        0        0        0        0
        0        0        0        0        0        0        0        0        0        0
        0        0        0        0        0        0        0        0        0        0
        0        0        0        0        0        0        0        0        0        0
        0        0        0        0        0        0        0        0        0        0
        0        0        0        0        0        0        0        0        0        0
        0        0        0        0        0        0        0        0        0        0
        0        0        0        0        0        0        0        0        0        0
        0        0        0        0        0        0        0        0        0        0
        0        0        0        0        0        0        0        0        0        0
        0        0        0        0        0        0        0        0        0        0
        0        0        0        0        0        0        0        0        0        0
        0        0        0        0        0        0        0        0        0        0
        0        0        0        0        0        0        0        0        0        0
        0        0        0        0        0        0        0        0        0        0
        0        0        0        0        0        0        0        0        0        0
        0        0        0        0        0        0        0        0        0        0
        0        0        0        0        0        0        0        0        0        0
        0        0        0        0        0        0        0        0        0        0
      inf   0.4177   0.3177   0.2822   0.2659   0.2555   0.2483   0.2442   0.2400   0.2376
      inf   0.4456   0.3339   0.2967   0.2799   0.2689   0.2610   0.2559   0.2525   0.2483
      inf   0.4466   0.3342   0.2964   0.2805   0.2681   0.2610   0.2550   0.2517   0.2483
      inf   0.4639   0.3477   0.3075   0.2878   0.2763   0.2695   0.2637   0.2580   0.2551
      inf   0.4504   0.3436   0.3070   0.2875   0.2743   0.2667   0.2623   0.2574   0.2551
      inf   0.4670   0.3484   0.3088   0.2896   0.2784   0.2711   0.2664   0.2617   0.2578
      inf   0.4688   0.3585   0.3208   0.2998   0.2868   0.2792   0.2746   0.2698   0.2661
      inf   0.4831   0.3650   0.3235   0.3038   0.2917   0.2842   0.2787   0.2743   0.2711
      inf   0.4968   0.3714   0.3276   0.3068   0.2958   0.2873   0.2803   0.2753   0.2719
      inf   0.5021   0.3758   0.3336   0.3134   0.3010   0.2927   0.2852   0.2809   0.2771
      inf   0.4993   0.3749   0.3369   0.3149   0.3023   0.2929   0.2879   0.2837   0.2802
      inf   0.5016   0.3788   0.3380   0.3178   0.3056   0.2975   0.2913   0.2862   0.2828
      inf   0.5139   0.3886   0.3458   0.3225   0.3087   0.3010   0.2948   0.2901   0.2856
      inf   0.5203   0.3931   0.3512   0.3284   0.3145   0.3047   0.2978   0.2933   0.2898
      inf   0.5287   0.3922   0.3496   0.3281   0.3154   0.3069   0.3008   0.2963   0.2927
      inf   0.5259   0.3966   0.3558   0.3337   0.3200   0.3092   0.3032   0.2987   0.2955
      inf   0.5490   0.4102   0.3637   0.3406   0.3268   0.3172   0.3103   0.3050   0.3016
      inf   0.5441   0.4075   0.3617   0.3393   0.3256   0.3172   0.3108   0.3062   0.3030
      inf   0.5524   0.4138   0.3672   0.3454   0.3314   0.3224   0.3161   0.3114   0.3068
      inf   0.5536   0.4169   0.3704   0.3475   0.3332   0.3238   0.3175   0.3129   0.3090
      inf   0.5626   0.4204   0.3724   0.3497   0.3350   0.3267   0.3198   0.3147   0.3110
      inf   0.5658   0.4257   0.3763   0.3529   0.3394   0.3299   0.3230   0.3178   0.3138
      inf   0.5656   0.4249   0.3781   0.3551   0.3414   0.3325   0.3258   0.3207   0.3170
      inf   0.5740   0.4314   0.3818   0.3587   0.3449   0.3355   0.3288   0.3240   0.3200
      inf   0.5803   0.4357   0.3872   0.3630   0.3472   0.3385   0.3315   0.3267   0.3226
      inf   0.5796   0.4357   0.3876   0.3631   0.3485   0.3395   0.3331   0.3282   0.3240
      inf   0.5844   0.4398   0.3926   0.3682   0.3536   0.3438   0.3363   0.3312   0.3271
      inf   0.5943   0.4455   0.3950   0.3704   0.3554   0.3453   0.3386   0.3336   0.3292
      inf   0.5962   0.4481   0.3990   0.3744   0.3592   0.3494   0.3421   0.3368   0.3325
      inf   0.6038   0.4528   0.4020   0.3770   0.3624   0.3523   0.3451   0.3397   0.3353
        0        0        0        0        0        0        0        0        0        0
        0        0        0        0        0        0        0        0        0        0
        0        0        0        0        0        0        0        0        0        0
        0        0        0        0        0        0        0        0        0        0
        0        0        0        0        0        0        0        0        0        0
        0        0        0        0        0        0        0        0        0        0
        0        0        0        0        0        0        0        0        0        0
        0        0        0        0        0        0        0        0        0        0
        0        0        0        0        0        0        0        0        0        0
        0        0        0        0        0        0        0        0        0        0
        0        0        0        0        0        0        0        0        0        0
        0        0        0        0        0        0        0        0        0        0
        0        0        0        0        0        0        0        0        0        0
        0        0        0        0        0        0        0        0        0        0
        0        0        0        0        0        0        0        0        0        0
        0        0        0        0        0        0        0        0        0        0
        0        0        0        0        0        0        0        0        0        0
        0        0        0        0        0        0        0        0        0        0
        0        0        0        0        0        0        0        0        0        0
        0        0        0        0        0        0        0        0        0        0
        0        0        0        0        0        0        0        0        0        0
        0        0        0        0        0        0        0        0        0        0
        0        0        0        0        0        0        0        0        0        0
        0        0        0        0        0        0        0        0        0        0
        0        0        0        0        0        0        0        0        0        0
        0        0        0        0        0        0        0        0        0        0
        0        0        0        0        0        0        0        0        0        0
        0        0        0        0        0        0        0        0        0        0
        0        0        0        0        0        0        0        0        0        0
        0        0        0        0        0        0        0        0        0        0

