   2.0000
   2.0050
   2.0100
   2.0150
   2.0200
   2.0250
   2.0300
   2.0350
   2.0400
   2.0450
   2.0500
   2.0550
   2.0600
   2.0650
   2.0700
   2.0750
   2.0800
   2.0850
   2.0900
   2.0950
   2.1000
   2.1050
   2.1100
   2.1150
   2.1200
   2.1250
   2.1300
   2.1350
   2.1400
   2.1450
   2.1500
   2.1550
   2.1600
   2.1650
   2.1700
   2.1750
   2.1800
   2.1850
   2.1900
   2.1950
   2.2000
   2.2050
   2.2100
   2.2150
   2.2200
   2.2250
   2.2300
   2.2350
   2.2400
   2.2450
   2.2500
   2.2550
   2.2600
   2.2650
   2.2700
   2.2750
   2.2800
   2.2850
   2.2900
   2.2950
   2.3000
   2.3050
   2.3100
   2.3150
   2.3200
   2.3250
   2.3300
   2.3350
   2.3400
   2.3450
   2.3500
   2.3550
   2.3600
   2.3650
   2.3700
   2.3750
   2.3800
   2.3850
   2.3900
   2.3950
   2.4000
   2.4050
   2.4100
   2.4150
   2.4200
   2.4250
   2.4300
   2.4350
   2.4400
   2.4450
   2.4500
   2.4550
   2.4600
   2.4650
   2.4700
   2.4750
   2.4800
   2.4850
   2.4900
   2.4950
   2.5000
   2.5050
   2.5100
   2.5150
   2.5200
   2.5250
   2.5300
   2.5350
   2.5400
   2.5450
   2.5500
   2.5550
   2.5600
   2.5650
   2.5700
   2.5750
   2.5800
   2.5850
   2.5900
   2.5950

        0        0        0        0        0        0        0        0        0        0
        0        0        0        0        0        0        0        0        0        0
        0        0        0        0        0        0        0        0        0        0
        0        0        0        0        0        0        0        0        0        0
        0        0        0        0        0        0        0        0        0        0
        0        0        0        0        0        0        0        0        0        0
        0        0        0        0        0        0        0        0        0        0
        0        0        0        0        0        0        0        0        0        0
        0        0        0        0        0        0        0        0        0        0
        0        0        0        0        0        0        0        0        0        0
        0        0        0        0        0        0        0        0        0        0
        0        0        0        0        0        0        0        0        0        0
        0        0        0        0        0        0        0        0        0        0
        0        0        0        0        0        0        0        0        0        0
        0        0        0        0        0        0        0        0        0        0
        0        0        0        0        0        0        0        0        0        0
        0        0        0        0        0        0        0        0        0        0
        0        0        0        0        0        0        0        0        0        0
        0        0        0        0        0        0        0        0        0        0
        0        0        0        0        0        0        0        0        0        0
        0        0        0        0        0        0        0        0        0        0
        0        0        0        0        0        0        0        0        0        0
        0        0        0        0        0        0        0        0        0        0
        0        0        0        0        0        0        0        0        0        0
        0        0        0        0        0        0        0        0        0        0
        0        0        0        0        0        0        0        0        0        0
        0        0        0        0        0        0        0        0        0        0
        0        0        0        0        0        0        0        0        0        0
        0        0        0        0        0        0        0        0        0        0
        0        0        0        0        0        0        0        0        0        0
     -inf  -1.6096  -1.6103  -1.6099  -1.6100  -1.6100  -1.6100  -1.6102  -1.6100  -1.6100
     -inf  -1.6049  -1.6049  -1.6044  -1.6032  -1.6034  -1.6036  -1.6039  -1.6038  -1.6033
     -inf  -1.5989  -1.5985  -1.5985  -1.5986  -1.5988  -1.5988  -1.5987  -1.5986  -1.5987
     -inf  -1.5924  -1.5919  -1.5923  -1.5924  -1.5923  -1.5923  -1.5922  -1.5923  -1.5924
     -inf  -1.5859  -1.5860  -1.5865  -1.5869  -1.5866  -1.5866  -1.5864  -1.5866  -1.5868
     -inf  -1.5782  -1.5793  -1.5798  -1.5802  -1.5798  -1.5796  -1.5797  -1.5797  -1.5799
     -inf  -1.5730  -1.5732  -1.5729  -1.5733  -1.5737  -1.5734  -1.5735  -1.5735  -1.5734
     -inf  -1.5670  -1.5672  -1.5674  -1.5670  -1.5674  -1.5674  -1.5675  -1.5674  -1.5673
     -inf  -1.5622  -1.5617  -1.5616  -1.5616  -1.5617  -1.5619  -1.5618  -1.5616  -1.5616
     -inf  -1.5525  -1.5536  -1.5532  -1.5528  -1.5533  -1.5533  -1.5534  -1.5534  -1.5531
     -inf  -1.5453  -1.5454  -1.5452  -1.5454  -1.5456  -1.5455  -1.5455  -1.5455  -1.5455
     -inf  -1.5401  -1.5402  -1.5398  -1.5390  -1.5388  -1.5389  -1.5391  -1.5392  -1.5390
     -inf  -1.5313  -1.5314  -1.5319  -1.5316  -1.5314  -1.5314  -1.5315  -1.5317  -1.5315
     -inf  -1.5275  -1.5241  -1.5249  -1.5239  -1.5233  -1.5240  -1.5236  -1.5239  -1.5237
     -inf  -1.5134  -1.5160  -1.5164  -1.5165  -1.5169  -1.5162  -1.5166  -1.5167  -1.5167
     -inf  -1.5086  -1.5105  -1.5098  -1.5100  -1.5100  -1.5101  -1.5104  -1.5101  -1.5100
     -inf  -1.5032  -1.5027  -1.4997  -1.5002  -1.5000  -1.5006  -1.5007  -1.5001  -1.5000
     -inf  -1.4937  -1.4901  -1.4903  -1.4905  -1.4902  -1.4909  -1.4902  -1.4902  -1.4905
     -inf  -1.4839  -1.4817  -1.4797  -1.4798  -1.4811  -1.4813  -1.4808  -1.4803  -1.4802
     -inf  -1.4754  -1.4759  -1.4753  -1.4746  -1.4734  -1.4735  -1.4740  -1.4740  -1.4740
     -inf  -1.4591  -1.4622  -1.4627  -1.4641  -1.4636  -1.4632  -1.4633  -1.4635  -1.4641
     -inf  -1.4512  -1.4563  -1.4564  -1.4565  -1.4567  -1.4560  -1.4567  -1.4566  -1.4567
     -inf  -1.4486  -1.4498  -1.4497  -1.4472  -1.4469  -1.4471  -1.4477  -1.4478  -1.4472
     -inf  -1.4415  -1.4382  -1.4385  -1.4376  -1.4364  -1.4376  -1.4371  -1.4372  -1.4369
     -inf  -1.4258  -1.4276  -1.4277  -1.4246  -1.4251  -1.4248  -1.4256  -1.4259  -1.4250
     -inf  -1.4125  -1.4144  -1.4170  -1.4155  -1.4167  -1.4158  -1.4161  -1.4165  -1.4162
     -inf  -1.4034  -1.4017  -1.4051  -1.4062  -1.4064  -1.4056  -1.4049  -1.4058  -1.4060
     -inf  -1.3922  -1.3942  -1.3950  -1.3948  -1.3958  -1.3951  -1.3952  -1.3956  -1.3954
     -inf  -1.3843  -1.3838  -1.3846  -1.3843  -1.3843  -1.3841  -1.3839  -1.3845  -1.3844
     -inf  -1.3762  -1.3738  -1.3744  -1.3764  -1.3756  -1.3755  -1.3752  -1.3750  -1.3759
        0        0        0        0        0        0        0        0        0        0
        0        0        0        0        0        0        0        0        0        0
        0        0        0        0        0        0        0        0        0        0
        0        0        0        0        0        0        0        0        0        0
        0        0        0        0        0        0        0        0        0        0
        0        0        0        0        0        0        0        0        0        0
        0        0        0        0        0        0        0        0        0        0
        0        0        0        0        0        0        0        0        0        0
        0        0        0        0        0        0        0        0        0        0
        0        0        0        0        0        0        0        0        0        0
        0        0        0        0        0        0        0        0        0        0
        0        0        0        0        0        0        0        0        0        0
        0        0        0        0        0        0        0        0        0        0
        0        0        0        0        0        0        0        0        0        0
        0        0        0        0        0        0        0        0        0        0
        0        0        0        0        0        0        0        0        0        0
        0        0        0        0        0        0        0        0        0        0
        0        0        0        0        0        0        0        0        0        0
        0        0        0        0        0        0        0        0        0        0
        0        0        0        0        0        0        0        0        0        0
        0        0        0        0        0        0        0        0        0        0
        0        0        0        0        0        0        0        0        0        0
        0        0        0        0        0        0        0        0        0        0
        0        0        0        0        0        0        0        0        0        0
        0        0        0        0        0        0        0        0        0        0
        0        0        0        0        0        0        0        0        0        0
        0        0        0        0        0        0        0        0        0        0
        0        0        0        0        0        0        0        0        0        0
        0        0        0        0        0        0        0        0        0        0
        0        0        0        0        0        0        0        0        0        0
        0        0        0        0        0        0        0        0        0        0
        0        0        0        0        0        0        0        0        0        0
        0        0        0        0        0        0        0        0        0        0
        0        0        0        0        0        0        0        0        0        0
        0        0        0        0        0        0        0        0        0        0
        0        0        0        0        0        0        0        0        0        0
        0        0        0        0        0        0        0        0        0        0
        0        0        0        0        0        0        0        0        0        0
        0        0        0        0        0        0        0        0        0        0
        0        0        0        0        0        0        0        0        0        0
        0        0        0        0        0        0        0        0        0        0
        0        0        0        0        0        0        0        0        0        0
        0        0        0        0        0        0        0        0        0        0
        0        0        0        0        0        0        0        0        0        0
        0        0        0        0        0        0        0        0        0        0
        0        0        0        0        0        0        0        0        0        0
        0        0        0        0        0        0        0        0        0        0
        0        0        0        0        0        0        0        0        0        0
        0        0        0        0        0        0        0        0        0        0
        0        0        0        0        0        0        0        0        0        0
        0        0        0        0        0        0        0        0        0        0
        0        0        0        0        0        0        0        0        0        0
        0        0        0        0        0        0        0        0        0        0
        0        0        0        0        0        0        0        0        0        0
        0        0        0        0        0        0        0        0        0        0
        0        0        0        0        0        0        0        0        0        0
        0        0        0        0        0        0        0        0        0        0
        0        0        0        0        0        0        0        0        0        0
        0        0        0        0        0        0        0        0        0        0
        0        0        0        0        0        0        0        0        0        0

        0        0        0        0        0        0        0        0        0        0
        0        0        0        0        0        0        0        0        0        0
        0        0        0        0        0        0        0        0        0        0
        0        0        0        0        0        0        0        0        0        0
        0        0        0        0        0        0        0        0        0        0
        0        0        0        0        0        0        0        0        0        0
        0        0        0        0        0        0        0        0        0        0
        0        0        0        0        0        0        0        0        0        0
        0        0        0        0        0        0        0        0        0        0
        0        0        0        0        0        0        0        0        0        0
        0        0        0        0        0        0        0        0        0        0
        0        0        0        0        0        0        0        0        0        0
        0        0        0        0        0        0        0        0        0        0
        0        0        0        0        0        0        0        0        0        0
        0        0        0        0        0        0        0        0        0        0
        0        0        0        0        0        0        0        0        0        0
        0        0        0        0        0        0        0        0        0        0
        0        0        0        0        0        0        0        0        0        0
        0        0        0        0        0        0        0        0        0        0
        0        0        0        0        0        0        0        0        0        0
        0        0        0        0        0        0        0        0        0        0
        0        0        0        0        0        0        0        0        0        0
        0        0        0        0        0        0        0        0        0        0
        0        0        0        0        0        0        0        0        0        0
        0        0        0        0        0        0        0        0        0        0
        0        0        0        0        0        0        0        0        0        0
        0        0        0        0        0        0        0        0        0        0
        0        0        0        0        0        0        0        0        0        0
        0        0        0        0        0        0        0        0        0        0
        0        0        0        0        0        0        0        0        0        0
      inf   0.8352   0.8367   0.8363   0.8363   0.8366   0.8364   0.8367   0.8364   0.8364
      inf   0.8331   0.8330   0.8323   0.8287   0.8294   0.8301   0.8305   0.8305   0.8291
      inf   0.8297   0.8286   0.8286   0.8287   0.8292   0.8291   0.8289   0.8288   0.8290
     -inf  -0.8238  -0.8231  -0.8240  -0.8241  -0.5510  -0.3219  -0.1584  -0.0354   0.0602
      inf   0.8177   0.8184   0.8195   0.8205   0.8199   0.8197   0.8195   0.8198   0.8202
      inf   0.8098   0.8129   0.8139   0.8149   0.8136   0.8130   0.8135   0.8136   0.8141
      inf   0.8078   0.8091   0.8083   0.8092   0.8096   0.8091   0.8094   0.8095   0.8093
      inf   0.8046   0.8045   0.8048   0.8041   0.8046   0.8047   0.8047   0.8045   0.8043
      inf   0.8023   0.8012   0.8008   0.8006   0.8011   0.8014   0.8012   0.8008   0.8008
      inf   0.7888   0.7922   0.7913   0.7901   0.7912   0.7910   0.7915   0.7915   0.7908
     -inf  -0.7819  -0.7831  -0.7828  -0.3973  -0.3480  -0.4203  -0.4722  -0.5112  -0.3831
      inf   0.7789   0.2141  -0.1149  -0.2767  -0.0662   0.0745   0.0311  -0.0696  -0.1478
     -inf  -0.7684  -0.7700  -0.7713  -0.7705  -0.5816  -0.3566  -0.1953  -0.0740   0.0194
     -inf  -0.7712  -0.7598  -0.7625  -0.5523  -0.5648  -0.3423  -0.1862  -0.0671  -0.0680
      inf   0.7407   0.7502   0.7501   0.4115   0.1768   0.0243  -0.0878  -0.1708  -0.0970
     -inf  -0.7470  -0.7502  -0.4957  -0.1836  -0.1824  -0.2774  -0.3454  -0.3141  -0.1959
     -inf  -0.7446  -0.1971  -0.1130   0.0158   0.0811  -0.0568  -0.0148  -0.0053   0.0392
      inf   0.7061   0.2613   0.1399   0.1465   0.0481  -0.0819  -0.0404  -0.0365  -0.0453
     -inf   0.0872   0.1631   0.0879   0.1037  -0.0620  -0.0649  -0.1051  -0.0704  -0.0812
     -inf  -0.6424  -0.4578  -0.4269  -0.3724  -0.3243  -0.3767  -0.3781  -0.3625  -0.3575
     -inf  -0.6036  -0.4716  -0.2550  -0.1976  -0.1832  -0.0510   0.0150  -0.0053  -0.0131
     -inf  -0.2678  -0.0776   0.1361  -0.0577  -0.0111  -0.0708  -0.0308   0.0306  -0.0319
     -inf   0.2169   0.0927   0.1726   0.0796   0.1693   0.1051   0.0948   0.0407   0.0653
      inf  -0.4142  -0.1194  -0.0707  -0.1018  -0.1126  -0.1539  -0.1115  -0.0844  -0.0964
     -inf   0.0722   0.1220   0.2400   0.2087   0.1792   0.1541   0.0927   0.0343   0.0122
     -inf  -0.2815  -0.1932  -0.0588  -0.1276  -0.1673  -0.0840  -0.0588  -0.0835  -0.0282
      inf   0.2956   0.0549  -0.0831  -0.0711  -0.1269  -0.0686  -0.0716  -0.1129  -0.1101
     -inf  -0.1293  -0.0964  -0.1874  -0.1929  -0.1916  -0.1325  -0.1097  -0.0490  -0.0150
     -inf  -0.0631  -0.0383   0.0093   0.0038   0.0466   0.0327   0.0137   0.0317   0.0223
      inf  -0.1742  -0.1015  -0.0780  -0.0759  -0.0932  -0.0576  -0.0383  -0.0245  -0.0151
        0        0        0        0        0        0        0        0        0        0
        0        0        0        0        0        0        0        0        0        0
        0        0        0        0        0        0        0        0        0        0
        0        0        0        0        0        0        0        0        0        0
        0        0        0        0        0        0        0        0        0        0
        0        0        0        0        0        0        0        0        0        0
        0        0        0        0        0        0        0        0        0        0
        0        0        0        0        0        0        0        0        0        0
        0        0        0        0        0        0        0        0        0        0
        0        0        0        0        0        0        0        0        0        0
        0        0        0        0        0        0        0        0        0        0
        0        0        0        0        0        0        0        0        0        0
        0        0        0        0        0        0        0        0        0        0
        0        0        0        0        0        0        0        0        0        0
        0        0        0        0        0        0        0        0        0        0
        0        0        0        0        0        0        0        0        0        0
        0        0        0        0        0        0        0        0        0        0
        0        0        0        0        0        0        0        0        0        0
        0        0        0        0        0        0        0        0        0        0
        0        0        0        0        0        0        0        0        0        0
        0        0        0        0        0        0        0        0        0        0
        0        0        0        0        0        0        0        0        0        0
        0        0        0        0        0        0        0        0        0        0
        0        0        0        0        0        0        0        0        0        0
        0        0        0        0        0        0        0        0        0        0
        0        0        0        0        0        0        0        0        0        0
        0        0        0        0        0        0        0        0        0        0
        0        0        0        0        0        0        0        0        0        0
        0        0        0        0        0        0        0        0        0        0
        0        0        0        0        0        0        0        0        0        0
        0        0        0        0        0        0        0        0        0        0
        0        0        0        0        0        0        0        0        0        0
        0        0        0        0        0        0        0        0        0        0
        0        0        0        0        0        0        0        0        0        0
        0        0        0        0        0        0        0        0        0        0
        0        0        0        0        0        0        0        0        0        0
        0        0        0        0        0        0        0        0        0        0
        0        0        0        0        0        0        0        0        0        0
        0        0        0        0        0        0        0        0        0        0
        0        0        0        0        0        0        0        0        0        0
        0        0        0        0        0        0        0        0        0        0
        0        0        0        0        0        0        0        0        0        0
        0        0        0        0        0        0        0        0        0        0
        0        0        0        0        0        0        0        0        0        0
        0        0        0        0        0        0        0        0        0        0
        0        0        0        0        0        0        0        0        0        0
        0        0        0        0        0        0        0        0        0        0
        0        0        0        0        0        0        0        0        0        0
        0        0        0        0        0        0        0        0        0        0
        0        0        0        0        0        0        0        0        0        0
        0        0        0        0        0        0        0        0        0        0
        0        0        0        0        0        0        0        0        0        0
        0        0        0        0        0        0        0        0        0        0
        0        0        0        0        0        0        0        0        0        0
        0        0        0        0        0        0        0        0        0        0
        0        0        0        0        0        0        0        0        0        0
        0        0        0        0        0        0        0        0        0        0
        0        0        0        0        0        0        0        0        0        0
        0        0        0        0        0        0        0        0        0        0
        0        0        0        0        0        0        0        0        0        0

        0        0        0        0        0        0        0        0        0        0
        0        0        0        0        0        0        0        0        0        0
        0        0        0        0        0        0        0        0        0        0
        0        0        0        0        0        0        0        0        0        0
        0        0        0        0        0        0        0        0        0        0
        0        0        0        0        0        0        0        0        0        0
        0        0        0        0        0        0        0        0        0        0
        0        0        0        0        0        0        0        0        0        0
        0        0        0        0        0        0        0        0        0        0
        0        0        0        0        0        0        0        0        0        0
        0        0        0        0        0        0        0        0        0        0
        0        0        0        0        0        0        0        0        0        0
        0        0        0        0        0        0        0        0        0        0
        0        0        0        0        0        0        0        0        0        0
        0        0        0        0        0        0        0        0        0        0
        0        0        0        0        0        0        0        0        0        0
        0        0        0        0        0        0        0        0        0        0
        0        0        0        0        0        0        0        0        0        0
        0        0        0        0        0        0        0        0        0        0
        0        0        0        0        0        0        0        0        0        0
        0        0        0        0        0        0        0        0        0        0
        0        0        0        0        0        0        0        0        0        0
        0        0        0        0        0        0        0        0        0        0
        0        0        0        0        0        0        0        0        0        0
        0        0        0        0        0        0        0        0        0        0
        0        0        0        0        0        0        0        0        0        0
        0        0        0        0        0        0        0        0        0        0
        0        0        0        0        0        0        0        0        0        0
        0        0        0        0        0        0        0        0        0        0
        0        0        0        0        0        0        0        0        0        0
      inf   0.8352   0.8367   0.8363   0.8363   0.8366   0.8364   0.8367   0.8364   0.8364
      inf   0.8331   0.8330   0.8323   0.8288   0.8295   0.8301   0.8306   0.8306   0.8293
      inf   0.8297   0.8286   0.8286   0.8287   0.8292   0.8291   0.8289   0.8288   0.8290
      inf   0.8238   0.8231   0.8240   0.8241   0.8233   0.8234   0.8233   0.8236   0.8237
      inf   0.8177   0.8184   0.8195   0.8205   0.8199   0.8197   0.8195   0.8198   0.8202
      inf   0.8098   0.8129   0.8139   0.8149   0.8136   0.8130   0.8135   0.8136   0.8141
      inf   0.8078   0.8091   0.8083   0.8092   0.8096   0.8091   0.8094   0.8095   0.8093
      inf   0.8046   0.8045   0.8048   0.8041   0.8046   0.8047   0.8047   0.8045   0.8043
      inf   0.8023   0.8012   0.8008   0.8006   0.8011   0.8014   0.8012   0.8008   0.8008
      inf   0.7888   0.7922   0.7913   0.7901   0.7912   0.7910   0.7915   0.7915   0.7908
      inf   0.7819   0.7831   0.7828   0.7826   0.7829   0.7827   0.7828   0.7830   0.7828
      inf   0.7789   0.7802   0.7786   0.7765   0.7763   0.7766   0.7773   0.7773   0.7768
      inf   0.7684   0.7700   0.7713   0.7705   0.7701   0.7698   0.7702   0.7708   0.7703
      inf   0.7712   0.7601   0.7628   0.7597   0.7591   0.7610   0.7595   0.7604   0.7597
      inf   0.7422   0.7510   0.7513   0.7519   0.7539   0.7515   0.7528   0.7529   0.7531
      inf   0.7470   0.7502   0.7490   0.7499   0.7495   0.7500   0.7505   0.7498   0.7498
      inf   0.7446   0.7428   0.7341   0.7356   0.7343   0.7363   0.7366   0.7349   0.7347
      inf   0.7291   0.7170   0.7177   0.7184   0.7180   0.7204   0.7178   0.7177   0.7189
      inf   0.7172   0.7064   0.6996   0.7000   0.7050   0.7061   0.7040   0.7020   0.7020
      inf   0.7051   0.7069   0.7041   0.7028   0.6981   0.6987   0.7003   0.7001   0.7004
      inf   0.6676   0.6777   0.6804   0.6853   0.6835   0.6819   0.6823   0.6828   0.6851
      inf   0.6585   0.6721   0.6742   0.6765   0.6776   0.6751   0.6766   0.6762   0.6771
      inf   0.6667   0.6707   0.6708   0.6628   0.6619   0.6629   0.6644   0.6649   0.6627
      inf   0.6636   0.6489   0.6506   0.6496   0.6453   0.6492   0.6470   0.6475   0.6470
      inf   0.6290   0.6340   0.6339   0.6229   0.6251   0.6248   0.6272   0.6280   0.6246
      inf   0.6008   0.6087   0.6158   0.6100   0.6145   0.6115   0.6133   0.6141   0.6126
      inf   0.5892   0.5795   0.5899   0.5953   0.5966   0.5944   0.5914   0.5939   0.5954
      inf   0.5678   0.5742   0.5765   0.5751   0.5771   0.5750   0.5758   0.5772   0.5761
      inf   0.5555   0.5526   0.5541   0.5521   0.5535   0.5532   0.5520   0.5540   0.5531
      inf   0.5469   0.5381   0.5364   0.5424   0.5401   0.5406   0.5397   0.5382   0.5409
        0        0        0        0        0        0        0        0        0        0
        0        0        0        0        0        0        0        0        0        0
        0        0        0        0        0        0        0        0        0        0
        0        0        0        0        0        0        0        0        0        0
        0        0        0        0        0        0        0        0        0        0
        0        0        0        0        0        0        0        0        0        0
        0        0        0        0        0        0        0        0        0        0
        0        0        0        0        0        0        0        0        0        0
        0        0        0        0        0        0        0        0        0        0
        0        0        0        0        0        0        0        0        0        0
        0        0        0        0        0        0        0        0        0        0
        0        0        0        0        0        0        0        0        0        0
        0        0        0        0        0        0        0        0        0        0
        0        0        0        0        0        0        0        0        0        0
        0        0        0        0        0        0        0        0        0        0
        0        0        0        0        0        0        0        0        0        0
        0        0        0        0        0        0        0        0        0        0
        0        0        0        0        0        0        0        0        0        0
        0        0        0        0        0        0        0        0        0        0
        0        0        0        0        0        0        0        0        0        0
        0        0        0        0        0        0        0        0        0        0
        0        0        0        0        0        0        0        0        0        0
        0        0        0        0        0        0        0        0        0        0
        0        0        0        0        0        0        0        0        0        0
        0        0        0        0        0        0        0        0        0        0
        0        0        0        0        0        0        0        0        0        0
        0        0        0        0        0        0        0        0        0        0
        0        0        0        0        0        0        0        0        0        0
        0        0        0        0        0        0        0        0        0        0
        0        0        0        0        0        0        0        0        0        0
        0        0        0        0        0        0        0        0        0        0
        0        0        0        0        0        0        0        0        0        0
        0        0        0        0        0        0        0        0        0        0
        0        0        0        0        0        0        0        0        0        0
        0        0        0        0        0        0        0        0        0        0
        0        0        0        0        0        0        0        0        0        0
        0        0        0        0        0        0        0        0        0        0
        0        0        0        0        0        0        0        0        0        0
        0        0        0        0        0        0        0        0        0        0
        0        0        0        0        0        0        0        0        0        0
        0        0        0        0        0        0        0        0        0        0
        0        0        0        0        0        0        0        0        0        0
        0        0        0        0        0        0        0        0        0        0
        0        0        0        0        0        0        0        0        0        0
        0        0        0        0        0        0        0        0        0        0
        0        0        0        0        0        0        0        0        0        0
        0        0        0        0        0        0        0        0        0        0
        0        0        0        0        0        0        0        0        0        0
        0        0        0        0        0        0        0        0        0        0
        0        0        0        0        0        0        0        0        0        0
        0        0        0        0        0        0        0        0        0        0
        0        0        0        0        0        0        0        0        0        0
        0        0        0        0        0        0        0        0        0        0
        0        0        0        0        0        0        0        0        0        0
        0        0        0        0        0        0        0        0        0        0
        0        0        0        0        0        0        0        0        0        0
        0        0        0        0        0        0        0        0        0        0
        0        0        0        0        0        0        0        0        0        0
        0        0        0        0        0        0        0        0        0        0
        0        0        0        0        0        0        0        0        0        0

        0        0        0        0        0        0        0        0        0        0
        0        0        0        0        0        0        0        0        0        0
        0        0        0        0        0        0        0        0        0        0
        0        0        0        0        0        0        0        0        0        0
        0        0        0        0        0        0        0        0        0        0
        0        0        0        0        0        0        0        0        0        0
        0        0        0        0        0        0        0        0        0        0
        0        0        0        0        0        0        0        0        0        0
        0        0        0        0        0        0        0        0        0        0
        0        0        0        0        0        0        0        0        0        0
        0        0        0        0        0        0        0        0        0        0
        0        0        0        0        0        0        0        0        0        0
        0        0        0        0        0        0        0        0        0        0
        0        0        0        0        0        0        0        0        0        0
        0        0        0        0        0        0        0        0        0        0
        0        0        0        0        0        0        0        0        0        0
        0        0        0        0        0        0        0        0        0        0
        0        0        0        0        0        0        0        0        0        0
        0        0        0        0        0        0        0        0        0        0
        0        0        0        0        0        0        0        0        0        0
        0        0        0        0        0        0        0        0        0        0
        0        0        0        0        0        0        0        0        0        0
        0        0        0        0        0        0        0        0        0        0
        0        0        0        0        0        0        0        0        0        0
        0        0        0        0        0        0        0        0        0        0
        0        0        0        0        0        0        0        0        0        0
        0        0        0        0        0        0        0        0        0        0
        0        0        0        0        0        0        0        0        0        0
        0        0        0        0        0        0        0        0        0        0
        0        0        0        0        0        0        0        0        0        0
      nan   1.1668   1.1452   1.1418   1.1451   1.1392   1.1423   1.1395   1.1407   1.1423
      nan   1.1598   1.1585   1.1658   1.2113   1.2028   1.1954   1.1893   1.1892   1.2069
      nan   1.1550   1.1768   1.1766   1.1778   1.1712   1.1697   1.1732   1.1745   1.1721
      nan   1.1961   1.2084   1.2004   1.1993   1.2165   1.2127   1.2142   1.2104   1.2079
      nan   1.2491   1.2401   1.2260   1.2084   1.2215   1.2231   1.2278   1.2229   1.2162
      nan   1.2992   1.2731   1.2535   1.2392   1.2595   1.2666   1.2614   1.2585   1.2517
      nan   1.2654   1.2528   1.2691   1.2619   1.2643   1.2671   1.2621   1.2618   1.2640
      nan   1.2702   1.2800   1.2839   1.2897   1.2881   1.2814   1.2851   1.2870   1.2886
      nan   1.2860   1.2874   1.3085   1.3049   1.3053   1.3022   1.3002   1.3085   1.3070
      nan   1.3819   1.3503   1.3722   1.3892   1.3789   1.3777   1.3696   1.3742   1.3834
      nan   1.4438   1.4350   1.4367   1.4391   1.4407   1.4414   1.4407   1.4361   1.4391
      nan   1.4474   1.4335   1.4463   1.4723   1.4756   1.4709   1.4642   1.4636   1.4672
      nan   1.4708   1.4743   1.4642   1.4609   1.4780   1.4771   1.4775   1.4706   1.4709
      nan   1.4323   1.5566   1.5353   1.5689   1.5741   1.5550   1.5703   1.5619   1.5696
      nan   1.6557   1.5947   1.5890   1.5891   1.5687   1.5885   1.5801   1.5790   1.5775
      nan   1.5959   1.5750   1.5739   1.5654   1.5697   1.5682   1.5629   1.5698   1.5693
      nan   1.5210   1.5740   1.6443   1.6450   1.6581   1.6352   1.6331   1.6483   1.6528
      nan   1.6808   1.7657   1.7774   1.7758   1.7703   1.7512   1.7686   1.7735   1.7679
      nan   1.6459   1.7537   1.8065   1.8205   1.7830   1.7735   1.7869   1.7999   1.8050
      nan   1.7516   1.7368   1.7832   1.7874   1.8223   1.8158   1.8026   1.8102   1.8058
      nan   1.9382   1.8955   1.8787   1.8424   1.8607   1.8684   1.8655   1.8645   1.8460
      nan   1.9357   1.8932   1.8843   1.8664   1.8722   1.8808   1.8716   1.8774   1.8695
      nan   1.8629   1.8438   1.8471   1.8945   1.8967   1.8914   1.8856   1.8834   1.8967
      nan   1.8251   1.9029   1.8918   1.9025   1.9390   1.9154   1.9232   1.9208   1.9212
      nan   1.9840   1.9556   1.9508   1.9989   1.9866   1.9867   1.9779   1.9738   1.9886
      nan   2.0067   1.9717   1.9742   1.9908   1.9889   1.9948   1.9829   1.9874   1.9926
      nan   1.9892   2.0134   2.0244   2.0276   2.0126   2.0085   2.0125   2.0161   2.0185
      nan   1.9904   2.0217   1.9965   2.0085   2.0127   2.0127   2.0158   2.0081   2.0094
      nan   2.0245   2.0252   2.0508   2.0669   2.0458   2.0364   2.0364   2.0435   2.0511
      nan   1.9558   2.0074   2.0240   2.0135   2.0077   2.0021   2.0072   2.0169   2.0119
        0        0        0        0        0        0        0        0        0        0
        0        0        0        0        0        0        0        0        0        0
        0        0        0        0        0        0        0        0        0        0
        0        0        0        0        0        0        0        0        0        0
        0        0        0        0        0        0        0        0        0        0
        0        0        0        0        0        0        0        0        0        0
        0        0        0        0        0        0        0        0        0        0
        0        0        0        0        0        0        0        0        0        0
        0        0        0        0        0        0        0        0        0        0
        0        0        0        0        0        0        0        0        0        0
        0        0        0        0        0        0        0        0        0        0
        0        0        0        0        0        0        0        0        0        0
        0        0        0        0        0        0        0        0        0        0
        0        0        0        0        0        0        0        0        0        0
        0        0        0        0        0        0        0        0        0        0
        0        0        0        0        0        0        0        0        0        0
        0        0        0        0        0        0        0        0        0        0
        0        0        0        0        0        0        0        0        0        0
        0        0        0        0        0        0        0        0        0        0
        0        0        0        0        0        0        0        0        0        0
        0        0        0        0        0        0        0        0        0        0
        0        0        0        0        0        0        0        0        0        0
        0        0        0        0        0        0        0        0        0        0
        0        0        0        0        0        0        0        0        0        0
        0        0        0        0        0        0        0        0        0        0
        0        0        0        0        0        0        0        0        0        0
        0        0        0        0        0        0        0        0        0        0
        0        0        0        0        0        0        0        0        0        0
        0        0        0        0        0        0        0        0        0        0
        0        0        0        0        0        0        0        0        0        0
        0        0        0        0        0        0        0        0        0        0
        0        0        0        0        0        0        0        0        0        0
        0        0        0        0        0        0        0        0        0        0
        0        0        0        0        0        0        0        0        0        0
        0        0        0        0        0        0        0        0        0        0
        0        0        0        0        0        0        0        0        0        0
        0        0        0        0        0        0        0        0        0        0
        0        0        0        0        0        0        0        0        0        0
        0        0        0        0        0        0        0        0        0        0
        0        0        0        0        0        0        0        0        0        0
        0        0        0        0        0        0        0        0        0        0
        0        0        0        0        0        0        0        0        0        0
        0        0        0        0        0        0        0        0        0        0
        0        0        0        0        0        0        0        0        0        0
        0        0        0        0        0        0        0        0        0        0
        0        0        0        0        0        0        0        0        0        0
        0        0        0        0        0        0        0        0        0        0
        0        0        0        0        0        0        0        0        0        0
        0        0        0        0        0        0        0        0        0        0
        0        0        0        0        0        0        0        0        0        0
        0        0        0        0        0        0        0        0        0        0
        0        0        0        0        0        0        0        0        0        0
        0        0        0        0        0        0        0        0        0        0
        0        0        0        0        0        0        0        0        0        0
        0        0        0        0        0        0        0        0        0        0
        0        0        0        0        0        0        0        0        0        0
        0        0        0        0        0        0        0        0        0        0
        0        0        0        0        0        0        0        0        0        0
        0        0        0        0        0        0        0        0        0        0
        0        0        0        0        0        0        0        0        0        0

            0            0            0            0            0            0            0            0            0            0
            0            0            0            0            0            0            0            0            0            0
            0            0            0            0            0            0            0            0            0            0
            0            0            0            0            0            0            0            0            0            0
            0            0            0            0            0            0            0            0            0            0
            0            0            0            0            0            0            0            0            0            0
            0            0            0            0            0            0            0            0            0            0
            0            0            0            0            0            0            0            0            0            0
            0            0            0            0            0            0            0            0            0            0
            0            0            0            0            0            0            0            0            0            0
            0            0            0            0            0            0            0            0            0            0
            0            0            0            0            0            0            0            0            0            0
            0            0            0            0            0            0            0            0            0            0
            0            0            0            0            0            0            0            0            0            0
            0            0            0            0            0            0            0            0            0            0
            0            0            0            0            0            0            0            0            0            0
            0            0            0            0            0            0            0            0            0            0
            0            0            0            0            0            0            0            0            0            0
            0            0            0            0            0            0            0            0            0            0
            0            0            0            0            0            0            0            0            0            0
            0            0            0            0            0            0            0            0            0            0
            0            0            0            0            0            0            0            0            0            0
            0            0            0            0            0            0            0            0            0            0
            0            0            0            0            0            0            0            0            0            0
            0            0            0            0            0            0            0            0            0            0
            0            0            0            0            0            0            0            0            0            0
            0            0            0            0            0            0            0            0            0            0
            0            0            0            0            0            0            0            0            0            0
            0            0            0            0            0            0            0            0            0            0
            0            0            0            0            0            0            0            0            0            0
          nan   2.0920e+00   1.8307e+00   1.7731e+00   1.7686e+00   1.7175e+00   1.7776e+00   1.7423e+00   1.7427e+00   1.7450e+00
          nan   1.8229e+00   1.8539e+00   1.9216e+00   3.5155e+00   3.2247e+00   2.9874e+00   2.8269e+00   2.7387e+00   3.3526e+00
          nan   1.6607e+00   1.9494e+00   1.9408e+00   1.9534e+00   1.8920e+00   1.8637e+00   1.9143e+00   1.9180e+00   1.9051e+00
          nan   2.1280e+00   2.1535e+00   2.0521e+00   2.0335e+00   2.7904e+02   4.2688e+02   4.8472e+02   5.0264e+02   5.0100e+02
          nan   2.9860e+00   2.6048e+00   2.3798e+00   2.1961e+00   2.2898e+00   2.3799e+00   2.3840e+00   2.3164e+00   2.2503e+00
          nan   3.6518e+00   2.9425e+00   2.6832e+00   2.5079e+00   2.8099e+00   2.9559e+00   2.8322e+00   2.7710e+00   2.6849e+00
          nan   2.8601e+00   2.6188e+00   2.8043e+00   2.6525e+00   2.6258e+00   2.6832e+00   2.6314e+00   2.6200e+00   2.6470e+00
          nan   2.6562e+00   2.9075e+00   2.8819e+00   2.9239e+00   2.8796e+00   2.8417e+00   2.9059e+00   2.9105e+00   2.9241e+00
          nan   2.7670e+00   2.9041e+00   2.9819e+00   2.9592e+00   2.8846e+00   2.8535e+00   2.8972e+00   2.9392e+00   2.9336e+00
          nan   4.2556e+00   3.6754e+00   3.7658e+00   4.0841e+00   3.9285e+00   3.9602e+00   3.8483e+00   3.8412e+00   3.9927e+00
          nan   4.9794e+00   4.6723e+00   4.6418e+00   3.3543e+02   3.6263e+02   3.2205e+02   2.8842e+02   2.6065e+02   3.4379e+02
          nan   5.5225e+00   4.1345e+02   4.3597e+02   3.8803e+02   4.4004e+02   4.3949e+02   4.4336e+02   4.4066e+02   4.2785e+02
          nan   6.3477e+00   5.6032e+00   5.2692e+00   5.2737e+00   1.8994e+02   3.4263e+02   4.0730e+02   4.3149e+02   4.3467e+02
          nan   4.3533e+00   8.6785e+00   7.5813e+00   2.0479e+02   1.9380e+02   3.4111e+02   3.9975e+02   4.2223e+02   4.2160e+02
          nan   1.3828e+01   1.0151e+01   1.0725e+01   2.9460e+02   3.9547e+02   4.1586e+02   4.1168e+02   3.9640e+02   4.1072e+02
          nan   7.2236e+00   6.8843e+00   2.3377e+02   3.8693e+02   3.8708e+02   3.5604e+02   3.2609e+02   3.4033e+02   3.8355e+02
          nan   6.1273e+00   3.7525e+02   3.8706e+02   3.9732e+02   3.9209e+02   3.9585e+02   3.9830e+02   3.9708e+02   3.9582e+02
          nan   3.3869e+01   3.3237e+02   3.6814e+02   3.6763e+02   3.8076e+02   3.7937e+02   3.8100e+02   3.8122e+02   3.8166e+02
          nan   3.7186e+02   3.5164e+02   3.6014e+02   3.5828e+02   3.6691e+02   3.6735e+02   3.6099e+02   3.6386e+02   3.6270e+02
          nan   7.3346e+01   2.1899e+02   2.3669e+02   2.6647e+02   2.8726e+02   2.6144e+02   2.6185e+02   2.7001e+02   2.7269e+02
          nan   7.8315e+01   1.8656e+02   2.9986e+02   3.2190e+02   3.2478e+02   3.4574e+02   3.4764e+02   3.4808e+02   3.4959e+02
          nan   2.7733e+02   3.3490e+02   3.2690e+02   3.3890e+02   3.4195e+02   3.3667e+02   3.4085e+02   3.4056e+02   3.4104e+02
          nan   2.9912e+02   3.2901e+02   3.1370e+02   3.2460e+02   3.0801e+02   3.2124e+02   3.2389e+02   3.2925e+02   3.2594e+02
          nan   2.0522e+02   3.0703e+02   3.1447e+02   3.0945e+02   3.0505e+02   2.9994e+02   3.0646e+02   3.1054e+02   3.0848e+02
          nan   2.9662e+02   2.9320e+02   2.6295e+02   2.6557e+02   2.7507e+02   2.8062e+02   2.9297e+02   2.9878e+02   2.9723e+02
          nan   2.2298e+02   2.5673e+02   2.8620e+02   2.7334e+02   2.6824e+02   2.8095e+02   2.8438e+02   2.8266e+02   2.8606e+02
          nan   2.0712e+02   2.6064e+02   2.6539e+02   2.7003e+02   2.6279e+02   2.6914e+02   2.6697e+02   2.6348e+02   2.6489e+02
          nan   2.4015e+02   2.5000e+02   2.3336e+02   2.3097e+02   2.3308e+02   2.4507e+02   2.4935e+02   2.5694e+02   2.5776e+02
          nan   2.3936e+02   2.3985e+02   2.4254e+02   2.4151e+02   2.4046e+02   2.4078e+02   2.4073e+02   2.4161e+02   2.4154e+02
          nan   2.1307e+02   2.2204e+02   2.2521e+02   2.2950e+02   2.2579e+02   2.2959e+02   2.3029e+02   2.3025e+02   2.3233e+02
            0            0            0            0            0            0            0            0            0            0
            0            0            0            0            0            0            0            0            0            0
            0            0            0            0            0            0            0            0            0            0
            0            0            0            0            0            0            0            0            0            0
            0            0            0            0            0            0            0            0            0            0
            0            0            0            0            0            0            0            0            0            0
            0            0            0            0            0            0            0            0            0            0
            0            0            0            0            0            0            0            0            0            0
            0            0            0            0            0            0            0            0            0            0
            0            0            0            0            0            0            0            0            0            0
            0            0            0            0            0            0            0            0            0            0
            0            0            0            0            0            0            0            0            0            0
            0            0            0            0            0            0            0            0            0            0
            0            0            0            0            0            0            0            0            0            0
            0            0            0            0            0            0            0            0            0            0
            0            0            0            0            0            0            0            0            0            0
            0            0            0            0            0            0            0            0            0            0
            0            0            0            0            0            0            0            0            0            0
            0            0            0            0            0            0            0            0            0            0
            0            0            0            0            0            0            0            0            0            0
            0            0            0            0            0            0            0            0            0            0
            0            0            0            0            0            0            0            0            0            0
            0            0            0            0            0            0            0            0            0            0
            0            0            0            0            0            0            0            0            0            0
            0            0            0            0            0            0            0            0            0            0
            0            0            0            0            0            0            0            0            0            0
            0            0            0            0            0            0            0            0            0            0
            0            0            0            0            0            0            0            0            0            0
            0            0            0            0            0            0            0            0            0            0
            0            0            0            0            0            0            0            0            0            0
            0            0            0            0            0            0            0            0            0            0
            0            0            0            0            0            0            0            0            0            0
            0            0            0            0            0            0            0            0            0            0
            0            0            0            0            0            0            0            0            0            0
            0            0            0            0            0            0            0            0            0            0
            0            0            0            0            0            0            0            0            0            0
            0            0            0            0            0            0            0            0            0            0
            0            0            0            0            0            0            0            0            0            0
            0            0            0            0            0            0            0            0            0            0
            0            0            0            0            0            0            0            0            0            0
            0            0            0            0            0            0            0            0            0            0
            0            0            0            0            0            0            0            0            0            0
            0            0            0            0            0            0            0            0            0            0
            0            0            0            0            0            0            0            0            0            0
            0            0            0            0            0            0            0            0            0            0
            0            0            0            0            0            0            0            0            0            0
            0            0            0            0            0            0            0            0            0            0
            0            0            0            0            0            0            0            0            0            0
            0            0            0            0            0            0            0            0            0            0
            0            0            0            0            0            0            0            0            0            0
            0            0            0            0            0            0            0            0            0            0
            0            0            0            0            0            0            0            0            0            0
            0            0            0            0            0            0            0            0            0            0
            0            0            0            0            0            0            0            0            0            0
            0            0            0            0            0            0            0            0            0            0
            0            0            0            0            0            0            0            0            0            0
            0            0            0            0            0            0            0            0            0            0
            0            0            0            0            0            0            0            0            0            0
            0            0            0            0            0            0            0            0            0            0
            0            0            0            0            0            0            0            0            0            0

         0         0         0         0         0         0         0         0         0         0
         0         0         0         0         0         0         0         0         0         0
         0         0         0         0         0         0         0         0         0         0
         0         0         0         0         0         0         0         0         0         0
         0         0         0         0         0         0         0         0         0         0
         0         0         0         0         0         0         0         0         0         0
         0         0         0         0         0         0         0         0         0         0
         0         0         0         0         0         0         0         0         0         0
         0         0         0         0         0         0         0         0         0         0
         0         0         0         0         0         0         0         0         0         0
         0         0         0         0         0         0         0         0         0         0
         0         0         0         0         0         0         0         0         0         0
         0         0         0         0         0         0         0         0         0         0
         0         0         0         0         0         0         0         0         0         0
         0         0         0         0         0         0         0         0         0         0
         0         0         0         0         0         0         0         0         0         0
         0         0         0         0         0         0         0         0         0         0
         0         0         0         0         0         0         0         0         0         0
         0         0         0         0         0         0         0         0         0         0
         0         0         0         0         0         0         0         0         0         0
         0         0         0         0         0         0         0         0         0         0
         0         0         0         0         0         0         0         0         0         0
         0         0         0         0         0         0         0         0         0         0
         0         0         0         0         0         0         0         0         0         0
         0         0         0         0         0         0         0         0         0         0
         0         0         0         0         0         0         0         0         0         0
         0         0         0         0         0         0         0         0         0         0
         0         0         0         0         0         0         0         0         0         0
         0         0         0         0         0         0         0         0         0         0
         0         0         0         0         0         0         0         0         0         0
       nan    2.0920    1.8307    1.7731    1.7686    1.7175    1.7776    1.7423    1.7427    1.7450
       nan    1.8229    1.8539    1.9216    3.3683    3.1069    2.8891    2.7426    2.6650    3.2217
       nan    1.6607    1.9494    1.9408    1.9534    1.8920    1.8637    1.9143    1.9180    1.9051
       nan    2.1280    2.1535    2.0521    2.0335    2.4384    2.3870    2.3573    2.2971    2.2582
       nan    2.9860    2.6048    2.3798    2.1961    2.2898    2.3799    2.3840    2.3164    2.2503
       nan    3.6518    2.9425    2.6832    2.5079    2.8099    2.9559    2.8322    2.7710    2.6849
       nan    2.8601    2.6188    2.8043    2.6525    2.6258    2.6832    2.6314    2.6200    2.6470
       nan    2.6562    2.9075    2.8819    2.9239    2.8796    2.8417    2.9059    2.9105    2.9241
       nan    2.7670    2.9041    2.9819    2.9592    2.8846    2.8535    2.8972    2.9392    2.9336
       nan    4.2556    3.6754    3.7658    4.0841    3.9285    3.9602    3.8483    3.8412    3.9927
       nan    4.9794    4.6723    4.6418    4.8008    4.9415    4.9478    4.8747    4.7936    4.8625
       nan    5.5222    5.0709    5.6529    6.0824    5.9114    5.8432    5.6768    5.8046    5.8107
       nan    6.2756    5.5671    5.2451    5.2556    5.4834    5.5960    5.4886    5.3586    5.3694
       nan    4.3533    8.3118    7.3360    8.2629    7.9905    7.4543    8.0985    7.7796    8.0430
       nan   12.1533    9.2989    9.4863    9.2365    8.4042    9.2213    8.7811    8.8954    8.7609
       nan    7.2208    6.8828    7.0822    6.7681    7.0178    6.8553    6.8391    6.9432    6.9146
       nan    6.1273    7.2057    9.5526    9.3174    9.9184    9.2338    9.1717    9.6099    9.6679
       nan   10.2133   13.2048   13.4384   13.5130   13.3957   12.6184   13.3493   13.4289   13.1856
       nan    9.8458   14.1702   16.0693   16.0113   14.6541   14.2151   14.9048   15.4420   15.4413
       nan   13.0575   12.2164   13.2141   13.2771   14.8760   14.6662   14.2056   14.3103   14.1627
       nan   20.3947   18.1259   16.9135   15.7047   16.4231   16.9165   16.7416   16.5769   15.9237
       nan   20.5184   18.6176   17.5742   16.5609   16.2748   16.8190   16.7368   16.8016   16.4442
       nan   17.7237   16.6386   16.2107   18.0451   18.0978   17.9531   17.7152   17.4623   18.0168
       nan   15.3286   19.6226   18.9802   18.6667   19.8350   18.9458   19.5409   19.4375   19.3301
       nan   21.4510   20.3719   20.3105   22.7427   22.2887   22.2164   21.7338   21.5955   22.3593
       nan   24.8151   22.4185   21.9112   23.1015   22.3244   22.9048   22.2551   22.3406   22.7103
       nan   24.8314   27.0483   26.0393   24.9062   24.3475   24.4674   25.1544   24.9421   24.6102
       nan   26.0925   25.6493   25.2428   25.4824   25.6074   25.8156   25.6443   25.3709   25.5324
       nan   26.5699   27.4876   28.0608   28.5452   27.9437   27.7022   27.9369   27.8598   28.1619
       nan   25.7142   27.4008   28.8235   28.3923   28.4860   28.1825   28.2312   28.7200   28.4881
         0         0         0         0         0         0         0         0         0         0
         0         0         0         0         0         0         0         0         0         0
         0         0         0         0         0         0         0         0         0         0
         0         0         0         0         0         0         0         0         0         0
         0         0         0         0         0         0         0         0         0         0
         0         0         0         0         0         0         0         0         0         0
         0         0         0         0         0         0         0         0         0         0
         0         0         0         0         0         0         0         0         0         0
         0         0         0         0         0         0         0         0         0         0
         0         0         0         0         0         0         0         0         0         0
         0         0         0         0         0         0         0         0         0         0
         0         0         0         0         0         0         0         0         0         0
         0         0         0         0         0         0         0         0         0         0
         0         0         0         0         0         0         0         0         0         0
         0         0         0         0         0         0         0         0         0         0
         0         0         0         0         0         0         0         0         0         0
         0         0         0         0         0         0         0         0         0         0
         0         0         0         0         0         0         0         0         0         0
         0         0         0         0         0         0         0         0         0         0
         0         0         0         0         0         0         0         0         0         0
         0         0         0         0         0         0         0         0         0         0
         0         0         0         0         0         0         0         0         0         0
         0         0         0         0         0         0         0         0         0         0
         0         0         0         0         0         0         0         0         0         0
         0         0         0         0         0         0         0         0         0         0
         0         0         0         0         0         0         0         0         0         0
         0         0         0         0         0         0         0         0         0         0
         0         0         0         0         0         0         0         0         0         0
         0         0         0         0         0         0         0         0         0         0
         0         0         0         0         0         0         0         0         0         0
         0         0         0         0         0         0         0         0         0         0
         0         0         0         0         0         0         0         0         0         0
         0         0         0         0         0         0         0         0         0         0
         0         0         0         0         0         0         0         0         0         0
         0         0         0         0         0         0         0         0         0         0
         0         0         0         0         0         0         0         0         0         0
         0         0         0         0         0         0         0         0         0         0
         0         0         0         0         0         0         0         0         0         0
         0         0         0         0         0         0         0         0         0         0
         0         0         0         0         0         0         0         0         0         0
         0         0         0         0         0         0         0         0         0         0
         0         0         0         0         0         0         0         0         0         0
         0         0         0         0         0         0         0         0         0         0
         0         0         0         0         0         0         0         0         0         0
         0         0         0         0         0         0         0         0         0         0
         0         0         0         0         0         0         0         0         0         0
         0         0         0         0         0         0         0         0         0         0
         0         0         0         0         0         0         0         0         0         0
         0         0         0         0         0         0         0         0         0         0
         0         0         0         0         0         0         0         0         0         0
         0         0         0         0         0         0         0         0         0         0
         0         0         0         0         0         0         0         0         0         0
         0         0         0         0         0         0         0         0         0         0
         0         0         0         0         0         0         0         0         0         0
         0         0         0         0         0         0         0         0         0         0
         0         0         0         0         0         0         0         0         0         0
         0         0         0         0         0         0         0         0         0         0
         0         0         0         0         0         0         0         0         0         0
         0         0         0         0         0         0         0         0         0         0
         0         0         0         0         0         0         0         0         0         0

        0        0        0        0        0        0        0        0        0        0
        0        0        0        0        0        0        0        0        0        0
        0        0        0        0        0        0        0        0        0        0
        0        0        0        0        0        0        0        0        0        0
        0        0        0        0        0        0        0        0        0        0
        0        0        0        0        0        0        0        0        0        0
        0        0        0        0        0        0        0        0        0        0
        0        0        0        0        0        0        0        0        0        0
        0        0        0        0        0        0        0        0        0        0
        0        0        0        0        0        0        0        0        0        0
        0        0        0        0        0        0        0        0        0        0
        0        0        0        0        0        0        0        0        0        0
        0        0        0        0        0        0        0        0        0        0
        0        0        0        0        0        0        0        0        0        0
        0        0        0        0        0        0        0        0        0        0
        0        0        0        0        0        0        0        0        0        0
        0        0        0        0        0        0        0        0        0        0
        0        0        0        0        0        0        0        0        0        0
        0        0        0        0        0        0        0        0        0        0
        0        0        0        0        0        0        0        0        0        0
        0        0        0        0        0        0        0        0        0        0
        0        0        0        0        0        0        0        0        0        0
        0        0        0        0        0        0        0        0        0        0
        0        0        0        0        0        0        0        0        0        0
        0        0        0        0        0        0        0        0        0        0
        0        0        0        0        0        0        0        0        0        0
        0        0        0        0        0        0        0        0        0        0
        0        0        0        0        0        0        0        0        0        0
        0        0        0        0        0        0        0        0        0        0
        0        0        0        0        0        0        0        0        0        0
      inf   0.2543   0.1905   0.1695   0.1589   0.1525   0.1483   0.1452   0.1430   0.1413
      inf   0.2582   0.1936   0.1723   0.1619   0.1554   0.1510   0.1478   0.1455   0.1439
      inf   0.2620   0.1967   0.1749   0.1640   0.1574   0.1530   0.1499   0.1476   0.1458
      inf   0.2674   0.2007   0.1782   0.1670   0.1604   0.1559   0.1528   0.1503   0.1484
      inf   0.2719   0.2039   0.1810   0.1696   0.1629   0.1583   0.1552   0.1527   0.1507
      inf   0.2778   0.2078   0.1845   0.1727   0.1660   0.1614   0.1580   0.1556   0.1535
      inf   0.2810   0.2107   0.1874   0.1756   0.1684   0.1639   0.1605   0.1580   0.1561
      inf   0.2850   0.2138   0.1901   0.1783   0.1711   0.1664   0.1630   0.1605   0.1585
      inf   0.2890   0.2170   0.1930   0.1809   0.1737   0.1688   0.1654   0.1629   0.1609
      inf   0.2953   0.2213   0.1970   0.1848   0.1773   0.1724   0.1688   0.1662   0.1643
      inf   0.3010   0.2259   0.2009   0.1883   0.1808   0.1758   0.1722   0.1695   0.1674
      inf   0.3061   0.2294   0.2040   0.1915   0.1839   0.1787   0.1750   0.1722   0.1702
      inf   0.3122   0.2341   0.2079   0.1950   0.1872   0.1820   0.1783   0.1754   0.1733
      inf   0.3164   0.2382   0.2113   0.1985   0.1907   0.1852   0.1815   0.1786   0.1764
      inf   0.3236   0.2422   0.2152   0.2017   0.1935   0.1884   0.1844   0.1815   0.1793
      inf   0.3286   0.2458   0.2187   0.2049   0.1968   0.1912   0.1872   0.1844   0.1821
      inf   0.3344   0.2506   0.2237   0.2095   0.2012   0.1954   0.1913   0.1886   0.1863
      inf   0.3410   0.2568   0.2282   0.2139   0.2054   0.1995   0.1957   0.1926   0.1901
      inf   0.3475   0.2613   0.2331   0.2186   0.2094   0.2035   0.1996   0.1966   0.1942
      inf   0.3558   0.2661   0.2365   0.2218   0.2133   0.2073   0.2028   0.1996   0.1972
      inf   0.3633   0.2719   0.2417   0.2261   0.2172   0.2114   0.2070   0.2038   0.2010
      inf   0.3689   0.2755   0.2449   0.2296   0.2204   0.2145   0.2099   0.2067   0.2041
      inf   0.3747   0.2803   0.2490   0.2343   0.2250   0.2187   0.2140   0.2106   0.2082
      inf   0.3823   0.2871   0.2549   0.2391   0.2299   0.2231   0.2187   0.2152   0.2126
      inf   0.3898   0.2919   0.2595   0.2444   0.2345   0.2281   0.2232   0.2196   0.2173
      inf   0.3969   0.2980   0.2642   0.2484   0.2381   0.2319   0.2271   0.2234   0.2209
      inf   0.4067   0.3059   0.2708   0.2535   0.2433   0.2368   0.2322   0.2283   0.2254
      inf   0.4135   0.3100   0.2755   0.2584   0.2478   0.2412   0.2363   0.2324   0.2297
      inf   0.4220   0.3167   0.2812   0.2638   0.2532   0.2463   0.2413   0.2373   0.2345
      inf   0.4293   0.3226   0.2865   0.2679   0.2574   0.2503   0.2453   0.2415   0.2382
        0        0        0        0        0        0        0        0        0        0
        0        0        0        0        0        0        0        0        0        0
        0        0        0        0        0        0        0        0        0        0
        0        0        0        0        0        0        0        0        0        0
        0        0        0        0        0        0        0        0        0        0
        0        0        0        0        0        0        0        0        0        0
        0        0        0        0        0        0        0        0        0        0
        0        0        0        0        0        0        0        0        0        0
        0        0        0        0        0        0        0        0        0        0
        0        0        0        0        0        0        0        0        0        0
        0        0        0        0        0        0        0        0        0        0
        0        0        0        0        0        0        0        0        0        0
        0        0        0        0        0        0        0        0        0        0
        0        0        0        0        0        0        0        0        0        0
        0        0        0        0        0        0        0        0        0        0
        0        0        0        0        0        0        0        0        0        0
        0        0        0        0        0        0        0        0        0        0
        0        0        0        0        0        0        0        0        0        0
        0        0        0        0        0        0        0        0        0        0
        0        0        0        0        0        0        0        0        0        0
        0        0        0        0        0        0        0        0        0        0
        0        0        0        0        0        0        0        0        0        0
        0        0        0        0        0        0        0        0        0        0
        0        0        0        0        0        0        0        0        0        0
        0        0        0        0        0        0        0        0        0        0
        0        0        0        0        0        0        0        0        0        0
        0        0        0        0        0        0        0        0        0        0
        0        0        0        0        0        0        0        0        0        0
        0        0        0        0        0        0        0        0        0        0
        0        0        0        0        0        0        0        0        0        0
        0        0        0        0        0        0        0        0        0        0
        0        0        0        0        0        0        0        0        0        0
        0        0        0        0        0        0        0        0        0        0
        0        0        0        0        0        0        0        0        0        0
        0        0        0        0        0        0        0        0        0        0
        0        0        0        0        0        0        0        0        0        0
        0        0        0        0        0        0        0        0        0        0
        0        0        0        0        0        0        0        0        0        0
        0        0        0        0        0        0        0        0        0        0
        0        0        0        0        0        0        0        0        0        0
        0        0        0        0        0        0        0        0        0        0
        0        0        0        0        0        0        0        0        0        0
        0        0        0        0        0        0        0        0        0        0
        0        0        0        0        0        0        0        0        0        0
        0        0        0        0        0        0        0        0        0        0
        0        0        0        0        0        0        0        0        0        0
        0        0        0        0        0        0        0        0        0        0
        0        0        0        0        0        0        0        0        0        0
        0        0        0        0        0        0        0        0        0        0
        0        0        0        0        0        0        0        0        0        0
        0        0        0        0        0        0        0        0        0        0
        0        0        0        0        0        0        0        0        0        0
        0        0        0        0        0        0        0        0        0        0
        0        0        0        0        0        0        0        0        0        0
        0        0        0        0        0        0        0        0        0        0
        0        0        0        0        0        0        0        0        0        0
        0        0        0        0        0        0        0        0        0        0
        0        0        0        0        0        0        0        0        0        0
        0        0        0        0        0        0        0        0        0        0
        0        0        0        0        0        0        0        0        0        0

