   2.0000
   2.0050
   2.0100
   2.0150
   2.0200
   2.0250
   2.0300
   2.0350
   2.0400
   2.0450
   2.0500
   2.0550
   2.0600
   2.0650
   2.0700
   2.0750
   2.0800
   2.0850
   2.0900
   2.0950
   2.1000
   2.1050
   2.1100
   2.1150
   2.1200
   2.1250
   2.1300
   2.1350
   2.1400
   2.1450
   2.1500
   2.1550
   2.1600
   2.1650
   2.1700
   2.1750
   2.1800
   2.1850
   2.1900
   2.1950
   2.2000
   2.2050
   2.2100
   2.2150
   2.2200
   2.2250
   2.2300
   2.2350
   2.2400
   2.2450
   2.2500
   2.2550
   2.2600
   2.2650
   2.2700
   2.2750
   2.2800
   2.2850
   2.2900
   2.2950
   2.3000
   2.3050
   2.3100
   2.3150
   2.3200
   2.3250
   2.3300
   2.3350
   2.3400
   2.3450
   2.3500
   2.3550
   2.3600
   2.3650
   2.3700
   2.3750
   2.3800
   2.3850
   2.3900
   2.3950
   2.4000
   2.4050
   2.4100
   2.4150
   2.4200
   2.4250
   2.4300
   2.4350
   2.4400
   2.4450
   2.4500
   2.4550
   2.4600
   2.4650
   2.4700
   2.4750
   2.4800
   2.4850
   2.4900
   2.4950
   2.5000
   2.5050
   2.5100
   2.5150
   2.5200
   2.5250
   2.5300
   2.5350
   2.5400
   2.5450
   2.5500
   2.5550
   2.5600
   2.5650
   2.5700
   2.5750
   2.5800
   2.5850
   2.5900
   2.5950

  -1.7643  -1.7564  -1.7556  -1.7549  -1.7540  -1.7533  -1.7523  -1.7505  -1.7516  -1.7517
  -1.7825  -1.7621  -1.7558  -1.7523  -1.7538  -1.7521  -1.7489  -1.7475  -1.7445  -1.7442
  -1.7720  -1.7591  -1.7538  -1.7512  -1.7491  -1.7428  -1.7432  -1.7444  -1.7442  -1.7429
  -1.7385  -1.7426  -1.7404  -1.7418  -1.7396  -1.7421  -1.7428  -1.7446  -1.7423  -1.7424
  -1.7637  -1.7533  -1.7462  -1.7454  -1.7483  -1.7458  -1.7459  -1.7460  -1.7467  -1.7439
  -1.7525  -1.7487  -1.7330  -1.7351  -1.7303  -1.7298  -1.7276  -1.7253  -1.7238  -1.7266
  -1.7548  -1.7406  -1.7284  -1.7228  -1.7250  -1.7274  -1.7256  -1.7270  -1.7283  -1.7298
  -1.7447  -1.7309  -1.7233  -1.7249  -1.7264  -1.7266  -1.7239  -1.7235  -1.7210  -1.7192
  -1.7637  -1.7440  -1.7320  -1.7294  -1.7330  -1.7337  -1.7348  -1.7331  -1.7329  -1.7303
  -1.7503  -1.7277  -1.7242  -1.7221  -1.7196  -1.7160  -1.7174  -1.7191  -1.7163  -1.7149
  -1.7442  -1.7207  -1.7200  -1.7234  -1.7233  -1.7245  -1.7234  -1.7225  -1.7197  -1.7164
  -1.7185  -1.7069  -1.7006  -1.7021  -1.7071  -1.7085  -1.7077  -1.7062  -1.7080  -1.7082
  -1.7338  -1.7094  -1.7007  -1.6980  -1.7022  -1.7055  -1.7032  -1.7021  -1.6991  -1.6955
  -1.7420  -1.7178  -1.7112  -1.7068  -1.7005  -1.7005  -1.6976  -1.6934  -1.6942  -1.6975
  -1.7485  -1.7298  -1.7164  -1.7146  -1.7025  -1.6969  -1.6954  -1.6960  -1.6954  -1.6977
  -1.7188  -1.7138  -1.7065  -1.7074  -1.7036  -1.7026  -1.7001  -1.7014  -1.7027  -1.7010
  -1.7037  -1.6863  -1.6768  -1.6782  -1.6774  -1.6743  -1.6750  -1.6804  -1.6780  -1.6761
  -1.7318  -1.7043  -1.6945  -1.6976  -1.6925  -1.6877  -1.6887  -1.6869  -1.6864  -1.6840
  -1.7161  -1.6807  -1.6740  -1.6694  -1.6641  -1.6641  -1.6659  -1.6664  -1.6697  -1.6703
  -1.7110  -1.6946  -1.6815  -1.6791  -1.6751  -1.6706  -1.6722  -1.6723  -1.6741  -1.6743
  -1.7074  -1.6804  -1.6713  -1.6707  -1.6709  -1.6617  -1.6649  -1.6653  -1.6668  -1.6649
  -1.6905  -1.6701  -1.6592  -1.6509  -1.6499  -1.6522  -1.6573  -1.6549  -1.6557  -1.6589
  -1.6954  -1.6762  -1.6665  -1.6681  -1.6638  -1.6585  -1.6609  -1.6556  -1.6539  -1.6526
  -1.7110  -1.6926  -1.6772  -1.6687  -1.6676  -1.6714  -1.6709  -1.6721  -1.6684  -1.6673
  -1.6731  -1.6413  -1.6231  -1.6196  -1.6199  -1.6169  -1.6117  -1.6132  -1.6119  -1.6131
  -1.7111  -1.6910  -1.6792  -1.6594  -1.6572  -1.6555  -1.6489  -1.6451  -1.6467  -1.6459
  -1.6867  -1.6752  -1.6532  -1.6523  -1.6517  -1.6485  -1.6435  -1.6409  -1.6386  -1.6400
  -1.6754  -1.6589  -1.6411  -1.6336  -1.6345  -1.6336  -1.6289  -1.6291  -1.6284  -1.6295
  -1.6725  -1.6561  -1.6413  -1.6298  -1.6261  -1.6294  -1.6256  -1.6223  -1.6228  -1.6233
  -1.6989  -1.6739  -1.6603  -1.6496  -1.6425  -1.6361  -1.6313  -1.6275  -1.6247  -1.6226
  -1.6553  -1.6264  -1.6160  -1.6171  -1.6205  -1.6116  -1.6096  -1.6076  -1.6071  -1.6093
  -1.6693  -1.6335  -1.6203  -1.6165  -1.6153  -1.6100  -1.6080  -1.6065  -1.6072  -1.6073
  -1.6436  -1.6289  -1.6181  -1.6096  -1.6074  -1.6054  -1.6070  -1.6065  -1.6064  -1.6094
  -1.6465  -1.6299  -1.6078  -1.6055  -1.6055  -1.6077  -1.6071  -1.6048  -1.6022  -1.6003
  -1.6837  -1.6489  -1.6399  -1.6307  -1.6183  -1.6110  -1.6050  -1.5993  -1.5931  -1.5897
  -1.6885  -1.6497  -1.6254  -1.6057  -1.5993  -1.5975  -1.5979  -1.5951  -1.5956  -1.5992
  -1.6583  -1.6426  -1.6223  -1.6104  -1.6037  -1.6081  -1.6073  -1.6069  -1.6042  -1.6025
  -1.6328  -1.6047  -1.5974  -1.5933  -1.5823  -1.5760  -1.5732  -1.5702  -1.5619  -1.5569
  -1.6150  -1.5951  -1.5892  -1.5803  -1.5799  -1.5845  -1.5847  -1.5851  -1.5846  -1.5852
  -1.6722  -1.6301  -1.6105  -1.5998  -1.5928  -1.5842  -1.5744  -1.5703  -1.5668  -1.5647
  -1.6590  -1.6102  -1.5916  -1.5759  -1.5631  -1.5540  -1.5529  -1.5470  -1.5460  -1.5440
  -1.6359  -1.6195  -1.6008  -1.5843  -1.5731  -1.5683  -1.5658  -1.5629  -1.5629  -1.5634
  -1.6253  -1.5984  -1.5932  -1.5859  -1.5777  -1.5708  -1.5665  -1.5631  -1.5655  -1.5628
  -1.6120  -1.5678  -1.5507  -1.5430  -1.5368  -1.5333  -1.5347  -1.5356  -1.5356  -1.5358
  -1.6221  -1.5811  -1.5763  -1.5698  -1.5658  -1.5614  -1.5537  -1.5459  -1.5379  -1.5361
  -1.5984  -1.5653  -1.5497  -1.5462  -1.5419  -1.5377  -1.5381  -1.5410  -1.5423  -1.5365
  -1.5942  -1.5452  -1.5218  -1.5190  -1.5224  -1.5221  -1.5214  -1.5202  -1.5207  -1.5233
  -1.5906  -1.5671  -1.5537  -1.5381  -1.5232  -1.5259  -1.5270  -1.5188  -1.5135  -1.5144
  -1.6024  -1.5713  -1.5538  -1.5343  -1.5173  -1.5142  -1.5111  -1.5062  -1.5011  -1.5061
  -1.5785  -1.5510  -1.5320  -1.5226  -1.5189  -1.5093  -1.4972  -1.4877  -1.4834  -1.4817
  -1.5994  -1.5484  -1.5272  -1.5240  -1.5146  -1.5124  -1.5034  -1.5016  -1.5027  -1.4986
  -1.5826  -1.5177  -1.5249  -1.5230  -1.5163  -1.4983  -1.4895  -1.4906  -1.4907  -1.4907
  -1.5753  -1.5307  -1.5131  -1.4859  -1.4743  -1.4697  -1.4621  -1.4544  -1.4555  -1.4522
  -1.5733  -1.5079  -1.4892  -1.4755  -1.4723  -1.4604  -1.4541  -1.4490  -1.4552  -1.4568
  -1.5308  -1.4989  -1.4876  -1.4852  -1.4879  -1.4902  -1.4894  -1.4895  -1.4866  -1.4819
  -1.5913  -1.5273  -1.4945  -1.4818  -1.4808  -1.4766  -1.4715  -1.4686  -1.4694  -1.4686
  -1.5629  -1.5436  -1.5353  -1.5175  -1.5040  -1.4915  -1.4860  -1.4824  -1.4789  -1.4803
  -1.5379  -1.5141  -1.4908  -1.4834  -1.4750  -1.4639  -1.4580  -1.4529  -1.4495  -1.4443
  -1.5363  -1.4930  -1.4792  -1.4887  -1.4836  -1.4717  -1.4507  -1.4408  -1.4408  -1.4444
  -1.5500  -1.5025  -1.4975  -1.4811  -1.4678  -1.4478  -1.4321  -1.4231  -1.4137  -1.4028
  -1.5490  -1.4701  -1.4421  -1.4376  -1.4362  -1.4264  -1.4184  -1.4074  -1.4020  -1.3971
  -1.5434  -1.4961  -1.4782  -1.4677  -1.4585  -1.4515  -1.4455  -1.4420  -1.4393  -1.4304
  -1.5204  -1.4753  -1.4546  -1.4416  -1.4251  -1.4125  -1.4076  -1.4010  -1.4000  -1.3962
  -1.5504  -1.5050  -1.4818  -1.4642  -1.4561  -1.4424  -1.4383  -1.4324  -1.4293  -1.4227
  -1.4896  -1.4468  -1.4377  -1.4261  -1.4185  -1.4127  -1.4096  -1.4005  -1.4018  -1.4069
  -1.5052  -1.4519  -1.4275  -1.4290  -1.4234  -1.4075  -1.4049  -1.4086  -1.4128  -1.4078
  -1.5213  -1.4435  -1.4114  -1.4010  -1.3937  -1.3882  -1.3873  -1.3867  -1.3814  -1.3763
  -1.4992  -1.4758  -1.4435  -1.4197  -1.4051  -1.3913  -1.3837  -1.3711  -1.3645  -1.3592
  -1.4979  -1.4693  -1.4351  -1.3990  -1.3745  -1.3650  -1.3512  -1.3445  -1.3402  -1.3340
  -1.5066  -1.4566  -1.4120  -1.4057  -1.4040  -1.3932  -1.3860  -1.3844  -1.3787  -1.3698
  -1.4898  -1.4340  -1.3910  -1.3818  -1.3701  -1.3619  -1.3625  -1.3599  -1.3614  -1.3607
  -1.4854  -1.4324  -1.4073  -1.3803  -1.3609  -1.3321  -1.3165  -1.3096  -1.2987  -1.2911
  -1.4716  -1.4138  -1.3973  -1.3754  -1.3612  -1.3522  -1.3472  -1.3418  -1.3353  -1.3343
  -1.4530  -1.3904  -1.3542  -1.3378  -1.3246  -1.3176  -1.3082  -1.2991  -1.2925  -1.2909
  -1.4648  -1.4096  -1.3833  -1.3583  -1.3415  -1.3352  -1.3216  -1.3125  -1.3033  -1.3007
  -1.4739  -1.4063  -1.3890  -1.3651  -1.3364  -1.3233  -1.3162  -1.3068  -1.2994  -1.2929
  -1.4564  -1.3670  -1.3368  -1.3216  -1.3014  -1.2916  -1.2821  -1.2828  -1.2865  -1.2882
  -1.4715  -1.4155  -1.3847  -1.3680  -1.3485  -1.3293  -1.3218  -1.3072  -1.2975  -1.2852
  -1.4396  -1.3774  -1.3612  -1.3395  -1.3354  -1.3262  -1.3158  -1.3092  -1.3058  -1.2969
  -1.4518  -1.3893  -1.3698  -1.3441  -1.3174  -1.2960  -1.2865  -1.2737  -1.2647  -1.2576
  -1.4617  -1.3840  -1.3422  -1.3127  -1.2928  -1.2831  -1.2737  -1.2667  -1.2619  -1.2564
  -1.4490  -1.3772  -1.3291  -1.3045  -1.2889  -1.2747  -1.2693  -1.2586  -1.2494  -1.2445
  -1.4439  -1.3622  -1.3227  -1.2975  -1.2844  -1.2701  -1.2632  -1.2606  -1.2547  -1.2490
  -1.4590  -1.3874  -1.3420  -1.3187  -1.3008  -1.2841  -1.2754  -1.2715  -1.2634  -1.2591
  -1.4196  -1.3830  -1.3545  -1.3324  -1.3152  -1.3046  -1.3009  -1.2984  -1.2945  -1.2911
  -1.4622  -1.3730  -1.3130  -1.2819  -1.2641  -1.2609  -1.2595  -1.2513  -1.2481  -1.2416
  -1.4403  -1.3686  -1.3363  -1.2960  -1.2627  -1.2461  -1.2370  -1.2307  -1.2255  -1.2239
  -1.4125  -1.3350  -1.3024  -1.2816  -1.2667  -1.2495  -1.2353  -1.2241  -1.2182  -1.2101
  -1.4003  -1.3294  -1.2961  -1.2776  -1.2685  -1.2571  -1.2501  -1.2506  -1.2452  -1.2360
  -1.4385  -1.3439  -1.3071  -1.2801  -1.2640  -1.2503  -1.2357  -1.2227  -1.2121  -1.2056
  -1.4171  -1.3098  -1.2595  -1.2448  -1.2279  -1.2144  -1.2062  -1.1935  -1.1868  -1.1848
  -1.3696  -1.2853  -1.2465  -1.2192  -1.2097  -1.1997  -1.1898  -1.1825  -1.1746  -1.1706
  -1.3710  -1.3061  -1.2818  -1.2577  -1.2380  -1.2224  -1.2077  -1.2012  -1.1996  -1.1953
  -1.3925  -1.2980  -1.2508  -1.2230  -1.2107  -1.1971  -1.1829  -1.1716  -1.1656  -1.1600
  -1.3688  -1.2807  -1.2552  -1.2332  -1.2133  -1.1985  -1.1836  -1.1759  -1.1740  -1.1704
  -1.3759  -1.2968  -1.2458  -1.2182  -1.1919  -1.1747  -1.1651  -1.1638  -1.1647  -1.1624
  -1.3654  -1.2742  -1.2373  -1.2164  -1.1976  -1.1787  -1.1705  -1.1644  -1.1573  -1.1534
  -1.3451  -1.2664  -1.2280  -1.2128  -1.1945  -1.1824  -1.1738  -1.1615  -1.1543  -1.1523
  -1.3464  -1.2875  -1.2545  -1.2383  -1.2167  -1.1945  -1.1807  -1.1790  -1.1752  -1.1701
  -1.3902  -1.2816  -1.2404  -1.2167  -1.1937  -1.1802  -1.1711  -1.1624  -1.1584  -1.1537
  -1.3618  -1.2693  -1.2196  -1.2050  -1.1908  -1.1807  -1.1693  -1.1669  -1.1688  -1.1665
  -1.3221  -1.2235  -1.1755  -1.1484  -1.1387  -1.1322  -1.1256  -1.1221  -1.1203  -1.1210
  -1.3475  -1.2443  -1.2118  -1.1818  -1.1699  -1.1546  -1.1502  -1.1431  -1.1373  -1.1354
  -1.3389  -1.2538  -1.2247  -1.2077  -1.1918  -1.1731  -1.1599  -1.1518  -1.1484  -1.1455
  -1.3171  -1.2319  -1.1923  -1.1621  -1.1499  -1.1398  -1.1367  -1.1288  -1.1205  -1.1182
  -1.2768  -1.2011  -1.1657  -1.1440  -1.1396  -1.1365  -1.1300  -1.1202  -1.1189  -1.1131
  -1.3136  -1.2094  -1.1717  -1.1495  -1.1381  -1.1284  -1.1196  -1.1142  -1.1156  -1.1132
  -1.3077  -1.2557  -1.2120  -1.1857  -1.1694  -1.1647  -1.1592  -1.1484  -1.1399  -1.1327
  -1.2923  -1.2154  -1.1779  -1.1508  -1.1303  -1.1180  -1.1129  -1.1096  -1.1042  -1.1047
  -1.3000  -1.2270  -1.1796  -1.1509  -1.1382  -1.1285  -1.1185  -1.1083  -1.1025  -1.0976
  -1.2965  -1.1945  -1.1392  -1.1197  -1.1082  -1.1040  -1.1006  -1.0950  -1.0904  -1.0871
  -1.3247  -1.2377  -1.1862  -1.1608  -1.1471  -1.1345  -1.1216  -1.1114  -1.1037  -1.0951
  -1.2844  -1.2067  -1.1673  -1.1396  -1.1176  -1.1073  -1.1004  -1.0955  -1.0890  -1.0849
  -1.2670  -1.1532  -1.1200  -1.0984  -1.0847  -1.0771  -1.0751  -1.0752  -1.0705  -1.0697
  -1.2784  -1.1670  -1.1282  -1.1153  -1.1006  -1.0969  -1.0950  -1.0924  -1.0877  -1.0855
  -1.2515  -1.1502  -1.1178  -1.1004  -1.0876  -1.0857  -1.0814  -1.0797  -1.0785  -1.0735
  -1.2616  -1.1692  -1.1332  -1.1252  -1.1148  -1.1006  -1.0930  -1.0878  -1.0824  -1.0771
  -1.2750  -1.1849  -1.1451  -1.1320  -1.1114  -1.1005  -1.0921  -1.0877  -1.0804  -1.0769
  -1.2406  -1.1579  -1.1156  -1.0958  -1.0803  -1.0710  -1.0639  -1.0667  -1.0657  -1.0603
  -1.2496  -1.1371  -1.1039  -1.0870  -1.0769  -1.0710  -1.0659  -1.0607  -1.0584  -1.0552

   0.9191   0.9151   0.9168   0.9162   0.9148   0.9146   0.9149   0.9144   0.9149   0.9146
   0.9300   0.9226   0.9180   0.9166   0.9171   0.9157   0.9145   0.9136   0.9110   0.9111
   0.9234   0.9193   0.9167   0.9155   0.9143   0.9105   0.9106   0.9114   0.9114   0.9109
   0.9062   0.9094   0.9093   0.9104   0.9099   0.9115   0.9123   0.9131   0.9121   0.9121
   0.9242   0.9156   0.9120   0.9121   0.9136   0.9125   0.9130   0.9129   0.9132   0.9115
   0.9190   0.9144   0.9067   0.9074   0.9048   0.9048   0.9034   0.9027   0.9022   0.9037
   0.9185   0.9099   0.9026   0.8980   0.8999   0.9018   0.9017   0.9027   0.9034   0.9046
   0.9123   0.9065   0.9018   0.9021   0.9035   0.9041   0.9008   0.9003   0.8973   0.8941
   0.9245   0.9151   0.9098   0.9080   0.9099   0.9100   0.9107   0.9098   0.9096   0.9075
   0.9160   0.9055   0.9045   0.9037   0.9028   0.9014   0.9013   0.9013   0.8983   0.8975
   0.9089   0.8979   0.8986   0.9010   0.9013   0.9029   0.9026   0.9021   0.9012   0.8990
   0.8985   0.8908   0.8868   0.8895   0.8935   0.8947   0.8935   0.8931   0.8943   0.8948
   0.9096   0.8946   0.8902   0.8907   0.8936   0.8956   0.8946   0.8931   0.8914   0.8888
   0.9105   0.8979   0.8966   0.8947   0.8914   0.8916   0.8897   0.8872   0.8882   0.8901
   0.9133   0.9079   0.9015   0.9008   0.8891   0.8849   0.8849   0.8861   0.8861   0.8877
   0.9029   0.9033   0.9005   0.8991   0.8939   0.8936   0.8925   0.8933   0.8937   0.8924
   0.8919   0.8811   0.8772   0.8780   0.8772   0.8727   0.8730   0.8763   0.8745   0.8726
   0.9048   0.8929   0.8870   0.8889   0.8869   0.8843   0.8845   0.8837   0.8843   0.8835
   0.8985   0.8787   0.8770   0.8749   0.8711   0.8721   0.8738   0.8742   0.8765   0.8773
   0.8968   0.8894   0.8808   0.8797   0.8752   0.8728   0.8745   0.8737   0.8749   0.8745
   0.8991   0.8818   0.8752   0.8756   0.8757   0.8712   0.8728   0.8736   0.8750   0.8728
   0.8907   0.8798   0.8694   0.8638   0.8625   0.8651   0.8681   0.8655   0.8650   0.8669
   0.8829   0.8701   0.8680   0.8700   0.8662   0.8650   0.8671   0.8626   0.8618   0.8613
   0.9003   0.8913   0.8825   0.8784   0.8783   0.8810   0.8796   0.8781   0.8744   0.8729
   0.8819   0.8591   0.8356   0.8329   0.8357   0.8315   0.8269   0.8277   0.8260   0.8278
   0.9034   0.8906   0.8850   0.8733   0.8727   0.8704   0.8635   0.8604   0.8620   0.8615
   0.8933   0.8846   0.8643   0.8651   0.8657   0.8646   0.8635   0.8621   0.8596   0.8594
   0.8839   0.8754   0.8607   0.8555   0.8573   0.8560   0.8537   0.8541   0.8545   0.8550
   0.8809   0.8719   0.8594   0.8518   0.8499   0.8533   0.8499   0.8471   0.8469   0.8475
   0.8951   0.8807   0.8724   0.8655   0.8602   0.8533   0.8483   0.8436   0.8412   0.8383
   0.8733   0.8475   0.8359   0.8372   0.8418   0.8310   0.8270   0.8252   0.8261   0.8290
   0.8771   0.8507   0.8454   0.8424   0.8438   0.8418   0.8402   0.8396   0.8400   0.8398
   0.8570   0.8526   0.8462   0.8378   0.8330   0.8328   0.8340   0.8347   0.8359   0.8382
   0.8706   0.8583   0.8401   0.8372   0.8358   0.8368   0.8365   0.8358   0.8328   0.8313
   0.8843   0.8641   0.8615   0.8560   0.8488   0.8389   0.8281   0.8193   0.8101   0.8086
   0.8933   0.8702   0.8507   0.8318   0.8278   0.8286   0.8314   0.8307   0.8314   0.8338
   0.8740   0.8665   0.8524   0.8430   0.8382   0.8428   0.8434   0.8441   0.8413   0.8402
   0.8564   0.8410   0.8405   0.8366   0.8208   0.8083   0.7989   0.7931   0.7811   0.7694
   0.8515   0.8393   0.8345   0.8269   0.8274   0.8316   0.8325   0.8321   0.8314   0.8312
   0.8852   0.8624   0.8477   0.8375   0.8291   0.8222   0.8157   0.8138   0.8117   0.8091
   0.8768   0.8478   0.8352   0.8189   0.8038   0.7896   0.7880   0.7832   0.7845   0.7838
   0.8644   0.8558   0.8425   0.8259   0.8120   0.8091   0.8103   0.8097   0.8113   0.8117
   0.8542   0.8408   0.8375   0.8342   0.8256   0.8214   0.8184   0.8156   0.8169   0.8152
   0.8525   0.8212   0.8000   0.7879   0.7812   0.7765   0.7789   0.7781   0.7786   0.7805
   0.8659   0.8376   0.8312   0.8258   0.8219   0.8164   0.8089   0.7998   0.7904   0.7832
   0.8365   0.8182   0.8018   0.7988   0.7988   0.7951   0.7964   0.7989   0.8005   0.7928
   0.8394   0.7988   0.7774   0.7801   0.7799   0.7777   0.7757   0.7760   0.7772   0.7795
   0.8414   0.8288   0.8152   0.7979   0.7889   0.7914   0.7898   0.7844   0.7790   0.7768
   0.8473   0.8183   0.7935   0.7674   0.7494   0.7476   0.7444   0.7407   0.7384   0.7433
   0.8313   0.8149   0.7985   0.7900   0.7807   0.7667   0.7525   0.7400   0.7337   0.7295
   0.8406   0.8013   0.7851   0.7849   0.7795   0.7772   0.7674   0.7661   0.7646   0.7609
   0.8416   0.7964   0.8024   0.8010   0.7917   0.7716   0.7651   0.7651   0.7646   0.7646
   0.8235   0.7933   0.7706   0.7299   0.7098   0.7047   0.6966   0.6872   0.6843   0.6821
   0.8242   0.7727   0.7587   0.7413   0.7357   0.7202   0.7069   0.7018   0.7107   0.7153
   0.8094   0.7774   0.7623   0.7621   0.7651   0.7682   0.7672   0.7639   0.7567   0.7487
   0.8474   0.7937   0.7585   0.7486   0.7483   0.7468   0.7452   0.7419   0.7400   0.7409
   0.8246   0.8073   0.7987   0.7739   0.7585   0.7476   0.7451   0.7442   0.7390   0.7415
   0.8078   0.7845   0.7600   0.7470   0.7347   0.7257   0.7228   0.7205   0.7140   0.7010
   0.8128   0.7739   0.7639   0.7741   0.7696   0.7550   0.7243   0.7098   0.7085   0.7137
   0.8255   0.7776   0.7693   0.7498   0.7389   0.7057   0.6763   0.6518   0.6346   0.6211
   0.8117   0.7379   0.7067   0.6942   0.6807   0.6592   0.6408   0.6243   0.6139   0.5963
   0.8199   0.7834   0.7594   0.7529   0.7374   0.7230   0.7136   0.7116   0.7099   0.6991
   0.7970   0.7674   0.7391   0.7134   0.6888   0.6724   0.6656   0.6556   0.6512   0.6499
   0.8269   0.7902   0.7712   0.7549   0.7481   0.7304   0.7233   0.7160   0.7110   0.7023
   0.7829   0.7426   0.7298   0.7144   0.7031   0.6917   0.6908   0.6816   0.6820   0.6894
   0.7824   0.7245   0.7042   0.7091   0.6984   0.6829   0.6761   0.6805   0.6851   0.6770
   0.8042   0.7432   0.7052   0.6894   0.6753   0.6669   0.6543   0.6513   0.6452   0.6319
   0.7918   0.7735   0.7464   0.7205   0.6968   0.6624   0.6386   0.6227   0.6121   0.6062
   0.7818   0.7611   0.7147   0.6656   0.6264   0.6090   0.5894   0.5761   0.5660   0.5530
   0.7957   0.7518   0.7009   0.6905   0.6912   0.6782   0.6685   0.6631   0.6536   0.6359
   0.7794   0.7358   0.6913   0.6768   0.6550   0.6386   0.6396   0.6362   0.6384   0.6369
   0.7836   0.7306   0.6912   0.6376   0.5975   0.5474   0.5051   0.4704   0.4375   0.4090
   0.7698   0.7162   0.6956   0.6677   0.6371   0.6272   0.6163   0.6062   0.5974   0.5876
   0.7492   0.6635   0.6002   0.5639   0.5284   0.4918   0.4532   0.4172   0.3839   0.3540
   0.7591   0.7059   0.6668   0.6241   0.5976   0.5907   0.5724   0.5408   0.5085   0.4941
   0.7710   0.7098   0.6902   0.6597   0.6117   0.5806   0.5498   0.5310   0.5099   0.4834
   0.7558   0.6357   0.5913   0.5565   0.5289   0.5038   0.4964   0.4982   0.5002   0.4931
   0.7808   0.7272   0.6842   0.6551   0.6139   0.5860   0.5746   0.5503   0.5213   0.4925
   0.7517   0.6883   0.6335   0.5918   0.5841   0.5737   0.5583   0.5541   0.5556   0.5475
   0.7545   0.6944   0.6689   0.6170   0.5631   0.5196   0.4951   0.4691   0.4533   0.4396
   0.7788   0.7028   0.6433   0.5801   0.5332   0.5124   0.5008   0.4879   0.4730   0.4588
   0.7617   0.6883   0.6155   0.5728   0.5339   0.4860   0.4488   0.4217   0.3985   0.3836
   0.7551   0.6726   0.6145   0.5592   0.5132   0.4765   0.4503   0.4288   0.4138   0.3954
   0.7752   0.6973   0.6470   0.6125   0.5883   0.5529   0.5355   0.5182   0.4914   0.4797
   0.7406   0.7084   0.6645   0.6448   0.6092   0.5854   0.5828   0.5737   0.5650   0.5552
   0.7682   0.6868   0.6093   0.5558   0.5107   0.4821   0.4666   0.4429   0.4252   0.4015
   0.7555   0.6778   0.6164   0.5372   0.4801   0.4475   0.4217   0.3956   0.3739   0.3599
   0.7293   0.6346   0.5585   0.5165   0.4725   0.4361   0.3983   0.3675   0.3466   0.3334
   0.7346   0.6528   0.5986   0.5351   0.5005   0.4812   0.4678   0.4605   0.4544   0.4267
   0.7600   0.6689   0.6166   0.5697   0.5374   0.5051   0.4692   0.4337   0.3914   0.3464
   0.7335   0.6000   0.5163   0.4791   0.4479   0.4189   0.3806   0.3328   0.2994   0.2818
   0.7086   0.6106   0.5435   0.4961   0.4511   0.3965   0.3552   0.3156   0.2778   0.2356
   0.7191   0.6480   0.6072   0.5669   0.5296   0.4789   0.4397   0.4184   0.3981   0.3783
   0.6900   0.5610   0.4700   0.3836   0.3186   0.2702   0.2220   0.1840   0.1545   0.1233
   0.7058   0.5936   0.5399   0.5030   0.4545   0.4159   0.3895   0.3652   0.3407   0.3164
   0.7073   0.6150   0.4957   0.3806   0.2993   0.2612   0.2538   0.2638   0.2745   0.2700
   0.6948   0.5531   0.4985   0.4402   0.3946   0.3553   0.3067   0.2697   0.2402   0.2052
   0.6781   0.5885   0.5388   0.5027   0.4448   0.3997   0.3637   0.3246   0.2875   0.2603
   0.6785   0.6121   0.5552   0.5166   0.4764   0.4336   0.4045   0.3944   0.3909   0.3778
   0.7293   0.5905   0.5059   0.4491   0.4041   0.3540   0.3262   0.3113   0.2933   0.2852
   0.7003   0.5742   0.4777   0.4337   0.4032   0.3794   0.3673   0.3648   0.3610   0.3533
   0.6572   0.5414   0.4554   0.3431   0.2656   0.2273   0.1997   0.1760   0.1471   0.1297
   0.6816   0.5680   0.4763   0.4022   0.3636   0.3259   0.2863   0.2624   0.2421   0.2347
   0.6744   0.5686   0.4994   0.4508   0.4159   0.3692   0.3223   0.2834   0.2506   0.2301
   0.6555   0.5476   0.4684   0.3972   0.3186   0.2544   0.2095   0.1771   0.1500   0.1204
   0.6239   0.5064   0.4216   0.3543   0.3250   0.2883   0.2451   0.2125   0.1787   0.1568
   0.6464   0.5018   0.4063   0.3503   0.2998   0.2432   0.1935   0.1625   0.1474   0.1252
   0.6434   0.5470   0.4969   0.4629   0.4379   0.4185   0.3966   0.3705   0.3388   0.3016
   0.6385   0.5395   0.4711   0.3968   0.3324   0.3016   0.2736   0.2448   0.2121   0.1828
   0.6668   0.5651   0.4747   0.4026   0.3441   0.2900   0.2703   0.2403   0.2145   0.2015
   0.6294   0.5050   0.4081   0.3460   0.2955   0.2636   0.2456   0.2335   0.2292   0.2140
   0.6825   0.5506   0.4513   0.4022   0.3721   0.3358   0.2904   0.2692   0.2489   0.2344
   0.6480   0.5428   0.4639   0.3829   0.3318   0.2929   0.2630   0.2571   0.2444   0.2322
   0.6194   0.4406   0.3442   0.3034   0.2797   0.2299   0.1770   0.1355   0.1231   0.1107
   0.6289   0.4665   0.3473   0.2752   0.2321   0.2072   0.1766   0.1604   0.1490   0.1243
   0.6161   0.4665   0.3724   0.2795   0.2090   0.1628   0.1266   0.0886   0.0630   0.0593
   0.6277   0.4718   0.3924   0.3357   0.3012   0.2634   0.2441   0.2323   0.2165   0.2000
   0.6327   0.4987   0.4083   0.3656   0.3253   0.2885   0.2599   0.2381   0.2148   0.2061
   0.6040   0.4875   0.4097   0.3538   0.2963   0.2311   0.1782   0.1312   0.1091   0.1065
   0.6018   0.4359   0.3211   0.2299   0.1805   0.1491   0.1358   0.1351   0.1290   0.1246

   0.9191   0.9151   0.9168   0.9162   0.9148   0.9146   0.9149   0.9144   0.9149   0.9146
   0.9300   0.9226   0.9180   0.9166   0.9171   0.9157   0.9145   0.9136   0.9110   0.9111
   0.9234   0.9193   0.9167   0.9155   0.9143   0.9105   0.9106   0.9114   0.9114   0.9109
   0.9062   0.9094   0.9093   0.9104   0.9099   0.9115   0.9123   0.9131   0.9121   0.9121
   0.9242   0.9156   0.9120   0.9121   0.9136   0.9125   0.9130   0.9129   0.9132   0.9115
   0.9190   0.9144   0.9067   0.9074   0.9048   0.9048   0.9034   0.9027   0.9022   0.9037
   0.9185   0.9099   0.9026   0.8980   0.8999   0.9018   0.9017   0.9027   0.9034   0.9046
   0.9123   0.9065   0.9018   0.9021   0.9035   0.9041   0.9008   0.9003   0.8973   0.8941
   0.9245   0.9151   0.9098   0.9080   0.9099   0.9100   0.9107   0.9098   0.9096   0.9075
   0.9160   0.9055   0.9045   0.9037   0.9028   0.9014   0.9013   0.9013   0.8983   0.8975
   0.9089   0.8979   0.8986   0.9010   0.9013   0.9029   0.9026   0.9021   0.9012   0.8990
   0.8985   0.8908   0.8868   0.8895   0.8935   0.8947   0.8935   0.8931   0.8943   0.8948
   0.9096   0.8946   0.8902   0.8907   0.8936   0.8956   0.8946   0.8931   0.8914   0.8888
   0.9105   0.8979   0.8966   0.8947   0.8914   0.8916   0.8897   0.8872   0.8882   0.8901
   0.9133   0.9079   0.9015   0.9008   0.8891   0.8849   0.8849   0.8861   0.8861   0.8877
   0.9029   0.9033   0.9005   0.8991   0.8939   0.8936   0.8925   0.8933   0.8937   0.8924
   0.8919   0.8811   0.8772   0.8780   0.8772   0.8727   0.8730   0.8763   0.8745   0.8726
   0.9048   0.8929   0.8870   0.8889   0.8869   0.8843   0.8845   0.8837   0.8843   0.8835
   0.8985   0.8787   0.8770   0.8749   0.8711   0.8721   0.8738   0.8742   0.8765   0.8773
   0.8968   0.8894   0.8808   0.8797   0.8752   0.8728   0.8745   0.8737   0.8749   0.8745
   0.8991   0.8818   0.8752   0.8756   0.8757   0.8712   0.8728   0.8736   0.8750   0.8728
   0.8907   0.8798   0.8694   0.8638   0.8625   0.8651   0.8681   0.8655   0.8650   0.8669
   0.8829   0.8701   0.8680   0.8700   0.8662   0.8650   0.8671   0.8626   0.8618   0.8613
   0.9003   0.8913   0.8825   0.8784   0.8783   0.8810   0.8796   0.8781   0.8744   0.8729
   0.8819   0.8591   0.8356   0.8329   0.8357   0.8315   0.8269   0.8277   0.8260   0.8278
   0.9034   0.8906   0.8850   0.8733   0.8727   0.8704   0.8635   0.8604   0.8620   0.8615
   0.8933   0.8846   0.8643   0.8651   0.8657   0.8646   0.8635   0.8621   0.8596   0.8594
   0.8839   0.8754   0.8607   0.8555   0.8573   0.8560   0.8537   0.8541   0.8545   0.8550
   0.8809   0.8719   0.8594   0.8518   0.8499   0.8533   0.8499   0.8471   0.8469   0.8475
   0.8951   0.8807   0.8724   0.8655   0.8602   0.8533   0.8483   0.8436   0.8412   0.8383
   0.8733   0.8475   0.8359   0.8372   0.8418   0.8310   0.8270   0.8252   0.8261   0.8290
   0.8771   0.8507   0.8454   0.8424   0.8438   0.8418   0.8402   0.8396   0.8400   0.8398
   0.8570   0.8526   0.8462   0.8378   0.8330   0.8328   0.8340   0.8347   0.8359   0.8382
   0.8706   0.8583   0.8401   0.8372   0.8358   0.8368   0.8365   0.8358   0.8328   0.8313
   0.8843   0.8641   0.8615   0.8560   0.8488   0.8389   0.8281   0.8193   0.8101   0.8086
   0.8933   0.8702   0.8507   0.8318   0.8278   0.8286   0.8314   0.8307   0.8314   0.8338
   0.8740   0.8665   0.8524   0.8430   0.8382   0.8428   0.8434   0.8441   0.8413   0.8402
   0.8564   0.8410   0.8405   0.8366   0.8208   0.8083   0.7989   0.7931   0.7811   0.7694
   0.8515   0.8393   0.8345   0.8269   0.8274   0.8316   0.8325   0.8321   0.8314   0.8312
   0.8852   0.8624   0.8477   0.8375   0.8291   0.8222   0.8157   0.8138   0.8117   0.8091
   0.8768   0.8478   0.8352   0.8189   0.8038   0.7896   0.7880   0.7832   0.7845   0.7838
   0.8644   0.8558   0.8425   0.8259   0.8120   0.8091   0.8103   0.8097   0.8113   0.8117
   0.8542   0.8408   0.8375   0.8342   0.8256   0.8214   0.8184   0.8156   0.8169   0.8152
   0.8525   0.8212   0.8000   0.7879   0.7812   0.7765   0.7789   0.7781   0.7786   0.7805
   0.8659   0.8376   0.8312   0.8258   0.8219   0.8164   0.8089   0.7998   0.7904   0.7832
   0.8365   0.8182   0.8018   0.7988   0.7988   0.7951   0.7964   0.7989   0.8005   0.7928
   0.8394   0.7988   0.7774   0.7801   0.7799   0.7777   0.7757   0.7760   0.7772   0.7795
   0.8414   0.8288   0.8152   0.7979   0.7889   0.7914   0.7898   0.7844   0.7790   0.7768
   0.8473   0.8183   0.7935   0.7674   0.7494   0.7476   0.7444   0.7407   0.7384   0.7433
   0.8313   0.8149   0.7985   0.7900   0.7807   0.7667   0.7525   0.7400   0.7337   0.7295
   0.8406   0.8013   0.7851   0.7849   0.7795   0.7772   0.7674   0.7661   0.7646   0.7609
   0.8416   0.7964   0.8024   0.8010   0.7917   0.7716   0.7651   0.7651   0.7646   0.7646
   0.8235   0.7933   0.7706   0.7299   0.7098   0.7047   0.6966   0.6872   0.6843   0.6821
   0.8242   0.7727   0.7587   0.7413   0.7357   0.7202   0.7069   0.7018   0.7107   0.7153
   0.8094   0.7774   0.7623   0.7621   0.7651   0.7682   0.7672   0.7639   0.7567   0.7487
   0.8474   0.7937   0.7585   0.7486   0.7483   0.7468   0.7452   0.7419   0.7400   0.7409
   0.8246   0.8073   0.7987   0.7739   0.7585   0.7476   0.7451   0.7442   0.7390   0.7415
   0.8078   0.7845   0.7600   0.7470   0.7347   0.7257   0.7228   0.7205   0.7140   0.7010
   0.8128   0.7739   0.7639   0.7741   0.7696   0.7550   0.7243   0.7098   0.7085   0.7137
   0.8255   0.7776   0.7693   0.7498   0.7389   0.7057   0.6763   0.6518   0.6346   0.6211
   0.8117   0.7379   0.7067   0.6942   0.6807   0.6592   0.6408   0.6243   0.6139   0.5963
   0.8199   0.7834   0.7594   0.7529   0.7374   0.7230   0.7136   0.7116   0.7099   0.6991
   0.7970   0.7674   0.7391   0.7134   0.6888   0.6724   0.6656   0.6556   0.6512   0.6499
   0.8269   0.7902   0.7712   0.7549   0.7481   0.7304   0.7233   0.7160   0.7110   0.7023
   0.7829   0.7426   0.7298   0.7144   0.7031   0.6917   0.6908   0.6816   0.6820   0.6894
   0.7824   0.7245   0.7042   0.7091   0.6984   0.6829   0.6761   0.6805   0.6851   0.6770
   0.8042   0.7432   0.7052   0.6894   0.6753   0.6669   0.6543   0.6513   0.6452   0.6319
   0.7918   0.7735   0.7464   0.7205   0.6968   0.6624   0.6386   0.6227   0.6121   0.6062
   0.7818   0.7611   0.7147   0.6656   0.6264   0.6090   0.5894   0.5761   0.5660   0.5530
   0.7957   0.7518   0.7009   0.6905   0.6912   0.6782   0.6685   0.6631   0.6536   0.6359
   0.7794   0.7358   0.6913   0.6768   0.6550   0.6386   0.6396   0.6362   0.6384   0.6369
   0.7836   0.7306   0.6912   0.6376   0.5975   0.5474   0.5051   0.4704   0.4375   0.4090
   0.7698   0.7162   0.6956   0.6677   0.6371   0.6272   0.6163   0.6062   0.5974   0.5876
   0.7492   0.6635   0.6002   0.5639   0.5284   0.4918   0.4532   0.4172   0.3839   0.3540
   0.7591   0.7059   0.6668   0.6241   0.5976   0.5907   0.5724   0.5408   0.5085   0.4941
   0.7710   0.7098   0.6902   0.6597   0.6117   0.5806   0.5498   0.5310   0.5099   0.4834
   0.7558   0.6357   0.5913   0.5565   0.5289   0.5038   0.4964   0.4982   0.5002   0.4931
   0.7808   0.7272   0.6842   0.6551   0.6139   0.5860   0.5746   0.5503   0.5213   0.4925
   0.7517   0.6883   0.6335   0.5918   0.5841   0.5737   0.5583   0.5541   0.5556   0.5475
   0.7545   0.6944   0.6689   0.6170   0.5631   0.5196   0.4951   0.4691   0.4533   0.4396
   0.7788   0.7028   0.6433   0.5801   0.5332   0.5124   0.5008   0.4879   0.4730   0.4588
   0.7617   0.6883   0.6155   0.5728   0.5339   0.4860   0.4488   0.4217   0.3985   0.3836
   0.7551   0.6726   0.6145   0.5592   0.5132   0.4765   0.4503   0.4288   0.4138   0.3954
   0.7752   0.6973   0.6470   0.6125   0.5883   0.5529   0.5355   0.5182   0.4914   0.4797
   0.7406   0.7084   0.6645   0.6448   0.6092   0.5854   0.5828   0.5737   0.5650   0.5552
   0.7682   0.6868   0.6093   0.5558   0.5107   0.4821   0.4666   0.4429   0.4252   0.4015
   0.7555   0.6778   0.6164   0.5372   0.4801   0.4475   0.4217   0.3956   0.3739   0.3599
   0.7293   0.6346   0.5585   0.5165   0.4725   0.4361   0.3983   0.3675   0.3466   0.3334
   0.7346   0.6528   0.5986   0.5351   0.5005   0.4812   0.4678   0.4605   0.4544   0.4267
   0.7600   0.6689   0.6166   0.5697   0.5374   0.5051   0.4692   0.4337   0.3923   0.3590
   0.7335   0.6000   0.5163   0.4791   0.4479   0.4189   0.3806   0.3363   0.3029   0.2850
   0.7086   0.6106   0.5435   0.4961   0.4511   0.3965   0.3552   0.3158   0.2882   0.2737
   0.7191   0.6480   0.6072   0.5669   0.5296   0.4789   0.4397   0.4184   0.3981   0.3783
   0.6900   0.5610   0.4700   0.3836   0.3186   0.2715   0.2424   0.2223   0.2066   0.2017
   0.7058   0.5936   0.5399   0.5030   0.4545   0.4159   0.3895   0.3652   0.3407   0.3165
   0.7073   0.6150   0.4957   0.3970   0.3285   0.2855   0.2746   0.2820   0.2907   0.2846
   0.6948   0.5531   0.4985   0.4402   0.3946   0.3554   0.3085   0.2737   0.2485   0.2347
   0.6781   0.5885   0.5388   0.5027   0.4448   0.3997   0.3637   0.3255   0.2915   0.2647
   0.6785   0.6121   0.5552   0.5166   0.4764   0.4336   0.4045   0.3944   0.3909   0.3778
   0.7293   0.5905   0.5059   0.4491   0.4041   0.3540   0.3262   0.3113   0.2933   0.2852
   0.7003   0.5742   0.4777   0.4337   0.4032   0.3794   0.3673   0.3648   0.3610   0.3533
   0.6572   0.5414   0.4554   0.3507   0.2896   0.2477   0.2173   0.1968   0.1843   0.1690
   0.6816   0.5680   0.4763   0.4022   0.3636   0.3259   0.2867   0.2628   0.2424   0.2349
   0.6744   0.5686   0.4994   0.4508   0.4159   0.3692   0.3227   0.2855   0.2575   0.2364
   0.6555   0.5476   0.4684   0.3972   0.3284   0.2848   0.2528   0.2275   0.2096   0.2032
   0.6239   0.5064   0.4216   0.3543   0.3250   0.2883   0.2508   0.2243   0.2095   0.1927
   0.6464   0.5018   0.4063   0.3503   0.2998   0.2602   0.2380   0.2151   0.1945   0.1825
   0.6434   0.5470   0.4969   0.4629   0.4379   0.4185   0.3966   0.3705   0.3388   0.3099
   0.6385   0.5395   0.4711   0.3968   0.3326   0.3018   0.2737   0.2451   0.2233   0.2091
   0.6668   0.5651   0.4747   0.4026   0.3441   0.2920   0.2720   0.2474   0.2249   0.2108
   0.6294   0.5050   0.4081   0.3460   0.2955   0.2636   0.2456   0.2335   0.2292   0.2140
   0.6825   0.5506   0.4513   0.4022   0.3721   0.3358   0.2921   0.2707   0.2502   0.2356
   0.6480   0.5428   0.4639   0.3829   0.3318   0.2929   0.2630   0.2571   0.2444   0.2322
   0.6194   0.4406   0.3442   0.3034   0.2797   0.2419   0.2274   0.2184   0.1989   0.1819
   0.6289   0.4665   0.3473   0.2765   0.2333   0.2082   0.1839   0.1707   0.1588   0.1527
   0.6161   0.4665   0.3724   0.2902   0.2467   0.2170   0.1990   0.1962   0.1902   0.1775
   0.6277   0.4718   0.3924   0.3357   0.3012   0.2635   0.2442   0.2323   0.2165   0.2001
   0.6327   0.4987   0.4083   0.3656   0.3253   0.2885   0.2599   0.2381   0.2162   0.2073
   0.6040   0.4875   0.4097   0.3538   0.2981   0.2641   0.2463   0.2402   0.2214   0.2076
   0.6018   0.4359   0.3226   0.2530   0.2080   0.1801   0.1627   0.1587   0.1500   0.1434

    2.2896    1.4559    1.1946    0.9891    0.8656    0.8121    0.8060    0.8353    0.7916    0.8449
    1.5931    1.5133    1.3015    1.1993    1.1381    1.0583    1.0601    1.0417    1.0330    0.9933
    1.9979    1.4782    1.2339    1.2416    1.1251    1.1566    1.1208    1.0406    0.9778    0.9223
    3.0990    2.1275    1.5916    1.5385    1.3621    1.2759    1.1471    1.0838    1.0194    0.9779
    2.4976    1.6176    1.3941    1.2063    1.1512    1.0614    0.9945    0.9105    0.8722    0.9063
    1.7555    1.1709    1.4102    1.1268    1.1894    1.1006    1.0385    1.0390    1.0261    1.0199
    2.0996    1.4071    1.2833    1.2071    1.1496    1.0562    0.9610    0.9029    0.8657    0.8246
    3.3621    2.1224    1.6599    1.4533    1.2703    1.2263    1.1872    1.0776    1.0961    1.0656
    1.5693    1.3375    1.3993    1.1959    1.0733    0.9578    0.9026    0.8520    0.8094    0.9196
    1.9423    1.6220    1.4059    1.2637    1.1192    1.0861    0.9967    0.9763    0.9788    0.9392
    2.5299    2.0460    1.4613    1.2069    1.0693    0.9649    0.9057    0.8752    0.8952    0.9399
    3.0575    1.8958    1.4523    1.1597    1.0864    1.0059    0.9335    0.8646    0.8593    0.8626
    2.3336    1.8085    1.5601    1.3415    1.2266    1.1297    1.1688    1.0948    1.0709    1.1688
    2.8846    2.1926    1.7528    1.4475    1.4064    1.2677    1.1989    1.2111    1.1893    1.2055
    2.4977    1.8087    1.7038    1.3864    1.6996    1.6353    1.5417    1.3946    1.3030    1.2521
    3.3262    1.9241    1.4961    1.2537    1.1370    1.0708    1.0338    0.9995    0.9980    1.0066
    2.9658    1.9952    1.6000    1.4979    1.3086    1.2371    1.1331    1.2047    1.1537    1.1812
    2.8019    2.1590    1.9106    1.6090    1.4564    1.3668    1.2167    1.1382    1.0579    1.0532
    3.2331    2.8211    2.0688    1.7343    1.6642    1.4685    1.3367    1.2237    1.2186    1.1663
    2.9856    1.9612    1.8092    1.5040    1.3624    1.3714    1.2259    1.1768    1.1681    1.1508
    3.1685    2.6598    2.2686    1.8607    1.6582    1.8413    1.6914    1.5494    1.4536    1.4256
    2.8120    2.0137    1.7136    1.6404    1.4499    1.3408    1.4193    1.4024    1.2901    1.3094
    3.8289    2.3889    1.9886    1.7084    1.4982    1.4672    1.3434    1.3858    1.3185    1.3156
    2.7884    1.8385    1.7138    1.6796    1.5130    1.4158    1.2717    1.1882    1.2328    1.2079
    4.6686    3.3625    2.9139    2.3158    1.9856    1.7817    1.7060    1.5806    1.5307    1.4769
    3.0374    1.9973    1.6711    2.3752    2.0635    1.7925    1.8222    1.7435    1.6330    1.5189
    4.3299    2.4536    2.5715    2.0659    1.7512    1.5509    1.5386    1.4934    1.4580    1.3587
    3.4534    2.1462    2.0131    1.9020    1.6935    1.5151    1.4706    1.3573    1.2635    1.2333
    4.0169    3.0727    2.5492    2.3200    2.0334    1.8394    1.8851    1.7648    1.6154    1.5267
    2.8064    2.1573    1.8614    1.7784    1.7869    1.7691    1.6932    1.6166    1.5757    1.5262
    3.9605    3.2025    2.4110    1.9475    1.7565    1.8516    1.7081    1.5786    1.4358    1.3927
    4.6703    3.5321    2.8842    2.3231    1.9781    1.8006    1.6704    1.5756    1.4609    1.3898
    4.8653    2.9145    2.3435    2.0820    1.8753    1.6580    1.4925    1.4516    1.3486    1.3307
    4.5730    2.8082    2.7589    2.1784    1.9207    1.7472    1.7249    1.5849    1.4938    1.4258
    4.1330    3.2328    2.5933    2.5054    2.6229    2.4931    2.4106    2.3212    2.3543    2.2454
    3.5082    3.1867    3.2929    3.6356    3.2409    2.9061    2.6019    2.4108    2.1991    2.1865
    4.4877    2.7297    2.5954    2.3394    2.1838    2.0089    1.8224    1.7006    1.6443    1.5611
    7.0227    4.5454    3.6019    3.0046    2.8520    2.5882    2.3165    2.1421    2.3942    2.3591
    5.2942    3.2664    2.5370    2.1855    1.9486    1.7882    1.6554    1.5338    1.4432    1.3508
    3.2422    3.3604    2.9299    2.5536    2.4750    2.4301    2.5852    2.4251    2.3672    2.2020
    3.7106    3.7838    3.2402    3.1377    3.1082    2.9988    2.6832    2.6277    2.4169    2.2649
    3.7607    2.2884    2.1375    2.3485    2.3748    2.1677    1.9631    1.9373    1.7888    1.6478
    4.2327    2.8137    2.2045    1.9250    1.8829    1.7927    1.6773    1.5700    1.5402    1.5034
    5.6332    4.5654    3.6638    2.9712    2.5775    2.3360    2.2310    2.0109    1.8469    1.7269
    5.0794    3.9928    2.9150    2.4740    2.1746    1.9863    2.1417    2.3072    2.5211    2.4015
    5.8797    4.0430    3.3261    2.7509    2.3464    2.1049    1.9844    1.8736    1.7676    1.8303
    4.6592    4.7230    4.1221    3.3700    2.8097    2.4525    2.1489    1.9402    1.7576    1.6703
    5.0397    3.2764    2.5582    2.5463    2.7453    2.5243    2.2606    2.3969    2.3481    2.1789
    5.0928    3.6541    3.1887    3.2877    3.5719    3.1334    2.7765    2.6709    2.5896    2.5482
    5.7663    3.7762    3.1352    2.7262    2.3055    2.3510    2.7232    2.9527    2.8078    2.5836
    7.7342    6.2220    4.9229    4.2659    3.7974    3.3434    3.2551    2.9064    2.7118    2.6326
    5.4418    6.0818    4.3513    3.3845    3.0204    3.9080    3.9606    3.5458    3.2149    2.9247
    8.4449    6.0901    4.8710    5.5291    4.9165    4.2598    3.9710    3.9931    3.6023    3.3948
    8.6297    7.5923    5.8087    4.8308    4.0993    4.2636    3.8788    3.6233    3.4760    3.2160
    7.9688    5.0217    3.6503    2.8813    2.4386    2.1108    2.0732    1.8608    1.7528    1.7639
    5.6428    6.5071    6.0818    5.0564    4.2730    3.6946    3.4034    3.1125    2.8709    2.7296
    7.0791    4.3076    3.1196    3.1808    3.2029    3.3760    3.2039    3.0042    2.8143    2.6330
    9.4799    5.3974    4.6620    3.7982    3.3262    3.3394    3.0928    2.8705    2.6976    2.6528
    8.5928    5.8275    4.5355    3.7034    3.1611    3.3898    4.7733    4.7264    4.2785    3.9804
    6.5045    5.5891    3.9638    3.6394    3.5077    4.3741    4.8248    4.6507    4.7159    5.0054
    8.7343    9.4487    7.5372    5.8523    4.8777    4.5024    4.2541    4.3514    4.0514    3.8814
    6.6878    5.4227    4.2524    3.6888    3.3977    3.0980    2.8549    2.6074    2.4285    2.7147
    8.0477    5.7233    4.5759    3.9369    4.0113    3.9731    3.5695    3.4453    3.1251    2.9329
    6.8496    5.0851    4.2817    3.9821    3.4606    3.6057    3.2112    3.1374    2.8974    2.9394
    8.6747    5.9040    4.2321    3.7263    3.2107    2.8997    2.5994    2.7618    2.7465    2.7096
   10.2388    7.2349    5.9856    4.6551    3.9948    4.2690    3.7582    3.5780    3.3978    3.2655
    8.7908    8.7079    7.3838    5.8510    4.8865    4.2766    3.7631    3.4115    3.2153    3.1361
    9.1237    5.1752    5.0158    5.0448    4.7149    4.7124    4.3599    4.5817    4.3734    4.1520
   11.7856    7.1355    6.6495    7.6578    7.7978    6.8566    6.7686    6.2180    5.6660    5.3721
    8.6207    6.2419    6.9301    5.4126    4.4865    4.2753    3.9605    3.5514    3.3835    3.5889
   10.7961    7.7686    7.7977    6.3992    5.6290    5.0788    4.4962    4.0760    3.6878    3.4008
    6.7371    5.6029    4.6974    5.1557    5.1866    7.0839    7.1435    6.5260    6.5160    6.2288
    9.1214    7.1139    5.2522    5.3014    4.9024    4.5053    4.0251    3.7591    3.6348    3.3754
   14.1233   10.3327    8.6839    7.1388    6.2889    5.6501    5.2668    5.0414    4.7688    4.3747
    9.3754    7.1026    5.6912    5.5873    5.2667    4.6638    5.1013    4.8770    4.8132    4.4420
   10.6242    8.9859    6.4851    6.1064    7.2181    6.6820    6.0016    5.6760    5.3906    5.1492
   11.8593   11.3167    8.9300    7.2707    7.0626    6.2742    5.8044    5.1610    4.7225    4.3687
    8.1402    6.4560    5.7901    5.1535    5.1569    5.5504    5.1387    5.5608    5.4661    5.8572
   14.3698    9.9731    7.1940    6.4123    5.3595    4.8131    4.6771    4.4403    4.1183    4.2679
   10.4729    7.8260    5.7852    5.6677    6.4168    6.8509    6.2894    6.3022    6.1387    5.8635
    9.5150    9.2365    8.6136    8.1840    7.6643    6.7750    6.2199    5.7109    5.2452    4.9252
    9.4955    8.1190    8.4339    7.6486    6.7817    6.4458    6.0014    5.8172    5.6530    5.3886
    9.1715    9.0537    8.2645    7.6199    6.6521    6.2557    5.6836    5.1059    4.7618    4.5187
    9.4782    8.1764    8.4468    7.5183    6.8654    6.6610    6.0826    5.5619    5.4228    5.0247
   13.2954    8.5022    6.8845    6.1937    5.8478    5.3213    4.6914    4.1871    3.8919    3.6235
    9.8561   10.5439   11.5996   10.7042    9.5241    8.0858    7.0048    6.4548    5.8688    5.5558
   12.2660    9.5289    7.7619    9.1267   10.0879    9.3170    8.3863    7.5713    6.9450    6.3155
   13.1847   10.5674    8.4281    7.2346    6.4659    6.3816    6.2671    6.0875    5.6065    5.4928
   14.6959   10.6123    8.5192    7.1561    6.0205    5.5012    4.9857    4.4652    4.2342    4.2970
   11.2019   11.2760    9.3319    8.5119    7.5449    6.9606    6.8026    6.7563    6.6259    6.2427
   10.7897   13.1473   12.0173    9.4789    8.3808    7.6656    6.8557    6.7468    6.2573    5.6879
   10.9016   10.1201    8.8100    8.2122    6.9391    6.1485    5.6662    5.2673    5.0353    4.6688
   12.0396    8.7296    6.6887    6.4445    6.4227    6.1766    6.1068    5.5922    5.0527    4.6956
   13.4851   12.8464   11.3020   10.0043    8.4528    7.6732    7.3472    7.0360    6.4853    6.0441
   18.0350   13.8498   10.1356    8.6625    7.9475    7.3291    7.1563    6.6151    5.9265    5.4823
   14.8640   11.4286   10.8242    9.5922    9.4163    8.7960    7.9515    7.0575    6.3309    5.7694
   13.0414   11.8702    9.9864    8.4413    7.6831    7.5286    6.7470    6.1184    5.7396    5.2626
   16.1752   11.9361    9.9157    7.9466    7.2307    6.5133    5.9744    5.9220    5.5361    5.0565
   17.0901   10.8510    8.6661    7.1077    6.8590    7.2322    6.9051    6.1748    5.6313    5.2698
   13.7354   14.0758   11.5260    9.9219    9.2319    8.3970    7.5509    6.9444    6.2834    5.8147
   12.3680   12.0797   11.0313    8.7975    7.6187    6.7464    6.3850    5.6644    5.0865    4.6584
   18.7139   15.4453   13.1712   11.2579    9.3525    8.0250    7.0846    6.3519    5.7141    5.1783
   16.0204   14.4207   11.1319    9.9697    8.4273    7.8819    6.8874    6.2872    5.8099    5.2937
   16.0170   12.7937    9.6272    7.9709    7.0412    6.9318    6.5776    6.0489    5.4719    5.0452
   15.9180   12.4796   10.3500    9.4276    7.9607    7.0880    6.1786    5.7095    5.4605    5.0318
   19.2842   13.0687   10.4937    8.9018    7.3109    6.2209    5.5430    5.2983    4.8260    4.5522
   20.2749   16.4787   12.7685   10.6556    8.9627    7.8133    7.0638    6.3516    5.7368    5.2111
   15.2896    9.5307    8.7735    7.9582    7.0208    5.9928    5.2912    5.1516    4.9516    4.7518
   15.8124   11.5363    9.4703    8.4511    7.8242    7.0109    6.2058    5.5307    5.0838    4.6104
   15.7025   11.2833   10.2559    9.3081    7.8827    6.9290    6.3526    6.0157    5.5568    5.1632
   15.8836   13.9520   12.7615   10.3636    8.7447    7.3839    6.4086    5.8023    5.3374    4.9060
   15.0810   12.1970   11.2236    9.5811    8.2001    7.3718    6.9309    6.5853    6.1753    5.9745
   16.5311   11.8928    9.7945    8.8050    8.1898    7.1883    6.3585    5.7205    5.3307    4.9188
   20.5229   17.6032   13.1063   10.6992    9.1565    7.8685    6.8565    6.0878    5.5653    5.0421
   17.4011   15.7689   12.3059    9.6051    8.3006    7.0098    6.1531    5.5259    5.1181    4.6719
   15.8854   13.7282   10.3815    8.4188    7.1720    6.0848    5.3291    4.7356    4.2535    3.9945
   18.1693   14.0408   10.8761    8.3777    6.9968    6.4379    5.8371    5.2853    4.8746    4.5604
   17.1582   13.1545   10.7050    8.4692    7.7923    6.9215    6.2188    5.5870    5.2538    4.8323
   19.6732   13.6564   11.0991    9.0773    7.9128    6.9071    6.1444    5.4583    4.9177    4.6062
   18.5888   16.4355   12.2761    9.8438    8.2073    6.9820    6.1489    5.5237    5.0165    4.6221

   7.2980e-01   4.6628e-01   3.9979e-01   3.3425e-01   3.0905e-01   2.9363e-01   2.8476e-01   2.9790e-01   2.8341e-01   3.3812e-01
   4.0941e-01   4.0770e-01   5.0192e-01   4.5531e-01   4.2695e-01   4.0280e-01   3.8948e-01   3.8840e-01   4.7623e-01   4.5215e-01
   6.4328e-01   4.5452e-01   3.7880e-01   3.9371e-01   3.9015e-01   4.7585e-01   4.5761e-01   4.2803e-01   4.0403e-01   3.8130e-01
   1.2768e+00   8.8520e-01   6.4846e-01   6.1895e-01   5.4048e-01   5.1950e-01   4.6816e-01   4.3392e-01   4.1053e-01   3.8930e-01
   6.9441e-01   6.4560e-01   5.9441e-01   4.8691e-01   4.6815e-01   4.2359e-01   3.9487e-01   3.7147e-01   3.5287e-01   4.1867e-01
   5.5726e-01   4.4049e-01   5.9125e-01   4.7109e-01   5.0100e-01   4.5231e-01   4.4003e-01   4.2651e-01   4.0911e-01   4.1480e-01
   7.3167e-01   5.8297e-01   6.3230e-01   7.2133e-01   6.7628e-01   6.2616e-01   5.5387e-01   5.1497e-01   4.9643e-01   4.7909e-01
   1.1614e+00   7.4981e-01   6.7911e-01   6.3632e-01   5.8092e-01   5.6226e-01   6.2116e-01   5.5624e-01   6.7070e-01   7.9565e-01
   4.2126e-01   4.3617e-01   5.0121e-01   4.3214e-01   3.9142e-01   3.5047e-01   3.2609e-01   3.2717e-01   3.1254e-01   4.2096e-01
   6.5028e-01   6.1028e-01   5.4300e-01   4.8477e-01   4.2978e-01   4.1827e-01   3.9795e-01   3.9676e-01   5.2872e-01   5.0132e-01
   1.1171e+00   8.7495e-01   6.2324e-01   5.1899e-01   4.4459e-01   4.1508e-01   3.8359e-01   3.7712e-01   3.8296e-01   4.5205e-01
   1.4201e+00   9.6853e-01   8.3634e-01   6.8033e-01   6.8673e-01   6.3261e-01   6.1075e-01   5.5108e-01   5.5037e-01   5.3325e-01
   7.6393e-01   8.5536e-01   7.8479e-01   6.3451e-01   6.0570e-01   5.6717e-01   5.8098e-01   5.6402e-01   5.6591e-01   6.6719e-01
   1.0169e+00   9.5661e-01   7.5409e-01   6.0629e-01   6.3064e-01   5.5671e-01   5.7661e-01   6.1182e-01   6.1320e-01   6.4041e-01
   8.3975e-01   5.7860e-01   6.1385e-01   5.0018e-01   1.5036e+00   1.4441e+00   1.2699e+00   1.1449e+00   1.0433e+00   9.9668e-01
   1.0727e+00   6.2948e-01   5.0419e-01   4.6326e-01   6.2361e-01   5.7481e-01   5.4161e-01   5.1193e-01   4.8734e-01   5.0127e-01
   1.2205e+00   9.4964e-01   7.7020e-01   7.8946e-01   7.0943e-01   8.1273e-01   7.4367e-01   8.0805e-01   8.2019e-01   8.5004e-01
   1.1229e+00   8.5571e-01   8.5399e-01   7.5296e-01   6.7575e-01   6.6246e-01   6.0881e-01   5.5540e-01   5.1867e-01   5.0173e-01
   1.3845e+00   1.4611e+00   1.0330e+00   8.5919e-01   9.1279e-01   8.0745e-01   7.6800e-01   7.0468e-01   7.2957e-01   6.9557e-01
   1.1270e+00   8.2687e-01   8.8881e-01   6.9831e-01   7.7540e-01   8.5928e-01   7.9520e-01   7.7175e-01   7.6413e-01   7.2236e-01
   1.1397e+00   1.4065e+00   1.5286e+00   1.2645e+00   1.1056e+00   1.1452e+00   1.0429e+00   9.4408e-01   8.8662e-01   9.2747e-01
   1.0794e+00   8.6570e-01   1.0577e+00   1.0523e+00   9.2374e-01   9.3751e-01   9.7978e-01   1.0126e+00   9.5513e-01   9.5252e-01
   1.7001e+00   1.2368e+00   9.1344e-01   8.1897e-01   7.8996e-01   7.2104e-01   6.9282e-01   9.3299e-01   8.9387e-01   8.6701e-01
   9.5620e-01   7.0597e-01   7.7761e-01   7.6810e-01   7.1332e-01   6.8863e-01   6.4886e-01   6.9031e-01   9.1064e-01   9.4309e-01
   1.8724e+00   1.9846e+00   3.3640e+00   2.6434e+00   2.2234e+00   2.0955e+00   2.0351e+00   1.8062e+00   1.7072e+00   1.6996e+00
   9.6879e-01   8.0076e-01   7.0235e-01   1.3569e+00   1.1571e+00   1.0916e+00   1.4856e+00   1.5098e+00   1.4098e+00   1.3007e+00
   1.5106e+00   1.0677e+00   2.3499e+00   1.8433e+00   1.5242e+00   1.3075e+00   1.1796e+00   1.0903e+00   1.1341e+00   1.0466e+00
   1.4036e+00   9.5043e-01   1.5342e+00   1.6072e+00   1.3858e+00   1.2049e+00   1.1160e+00   1.0028e+00   9.2412e-01   9.0476e-01
   1.7073e+00   1.5249e+00   1.6649e+00   1.6123e+00   1.4083e+00   1.3272e+00   1.4660e+00   1.4075e+00   1.2758e+00   1.1985e+00
   1.1167e+00   1.0141e+00   1.0324e+00   1.0823e+00   1.2270e+00   1.5263e+00   1.6256e+00   1.7449e+00   1.7143e+00   1.6866e+00
   1.7294e+00   2.4990e+00   2.2570e+00   1.8397e+00   1.7677e+00   2.5556e+00   2.4333e+00   2.2252e+00   2.0124e+00   1.9708e+00
   2.8623e+00   2.7248e+00   2.1120e+00   1.6689e+00   1.4113e+00   1.2359e+00   1.1176e+00   1.0136e+00   9.5705e-01   9.4126e-01
   2.9742e+00   1.7643e+00   1.5414e+00   1.5828e+00   1.5398e+00   1.4138e+00   1.2680e+00   1.1974e+00   1.1455e+00   1.1599e+00
   1.9100e+00   1.3602e+00   2.1745e+00   1.7201e+00   1.4638e+00   1.3137e+00   1.2825e+00   1.1441e+00   1.2160e+00   1.1708e+00
   1.9124e+00   1.9426e+00   1.5648e+00   1.6113e+00   1.7158e+00   2.3897e+00   3.2270e+00   3.7485e+00   4.5561e+00   4.1448e+00
   1.2688e+00   1.7516e+00   2.5825e+00   3.8407e+00   3.4416e+00   2.9387e+00   2.6697e+00   2.4546e+00   2.2152e+00   2.1504e+00
   2.0896e+00   1.2592e+00   1.6433e+00   1.7296e+00   1.6968e+00   1.6395e+00   1.4708e+00   1.3278e+00   1.3831e+00   1.3002e+00
   3.8790e+00   2.6958e+00   2.0561e+00   1.8272e+00   3.2628e+00   4.0586e+00   4.4227e+00   4.4177e+00   5.8719e+00   7.3863e+00
   2.7045e+00   1.8162e+00   1.4728e+00   1.4749e+00   1.2611e+00   1.2595e+00   1.1215e+00   1.0272e+00   9.8604e-01   9.2157e-01
   1.0997e+00   1.7990e+00   2.1445e+00   2.1687e+00   2.3994e+00   2.4596e+00   2.5716e+00   2.3290e+00   2.2188e+00   2.1414e+00
   1.6218e+00   2.2539e+00   2.2101e+00   3.0515e+00   4.1236e+00   5.2955e+00   4.6605e+00   4.4319e+00   4.0079e+00   3.6571e+00
   1.6561e+00   1.1263e+00   1.4133e+00   2.6892e+00   3.6229e+00   3.3174e+00   2.9108e+00   2.6224e+00   2.4068e+00   2.1822e+00
   2.7194e+00   1.8336e+00   1.3997e+00   1.1962e+00   1.5125e+00   1.4407e+00   1.3786e+00   1.3160e+00   1.2542e+00   1.2254e+00
   2.6856e+00   3.3109e+00   3.8398e+00   3.6476e+00   3.2811e+00   3.0646e+00   2.8319e+00   2.5274e+00   2.2714e+00   2.1447e+00
   1.9294e+00   2.4838e+00   1.9661e+00   1.8424e+00   1.6523e+00   1.7775e+00   2.2968e+00   3.0376e+00   4.0369e+00   4.5704e+00
   3.8498e+00   2.6242e+00   2.8883e+00   2.4350e+00   2.0464e+00   1.8958e+00   1.8668e+00   1.8265e+00   1.7447e+00   2.5393e+00
   2.9227e+00   4.8307e+00   5.0526e+00   4.0746e+00   3.3105e+00   2.8784e+00   2.5490e+00   2.3033e+00   2.1040e+00   2.0365e+00
   2.6829e+00   1.7897e+00   1.8385e+00   2.9122e+00   2.9356e+00   2.6919e+00   2.3781e+00   2.4890e+00   2.6211e+00   2.4799e+00
   2.6467e+00   2.8564e+00   4.4075e+00   6.7074e+00   7.7442e+00   6.5497e+00   5.7427e+00   5.2209e+00   4.8316e+00   4.7354e+00
   3.6738e+00   2.6360e+00   2.7933e+00   2.5245e+00   2.6931e+00   3.9244e+00   5.3664e+00   6.5605e+00   6.4585e+00   6.0970e+00
   4.6724e+00   5.2787e+00   4.5026e+00   3.7698e+00   3.4085e+00   3.0464e+00   3.5827e+00   3.2249e+00   3.0974e+00   3.0714e+00
   2.6070e+00   4.9940e+00   3.5821e+00   2.7418e+00   3.0783e+00   6.0499e+00   5.8809e+00   5.1921e+00   4.6629e+00   4.2740e+00
   6.5294e+00   5.2441e+00   6.4082e+00   1.3290e+01   1.3316e+01   1.1411e+01   1.0573e+01   1.0749e+01   9.7292e+00   8.9503e+00
   6.5620e+00   7.8257e+00   6.1223e+00   6.0908e+00   5.2781e+00   6.8138e+00   7.5480e+00   7.3723e+00   7.6000e+00   7.2053e+00
   5.2217e+00   4.5521e+00   3.9323e+00   3.1633e+00   2.6409e+00   2.3267e+00   2.3002e+00   2.3253e+00   2.7394e+00   3.4112e+00
   2.8519e+00   7.5544e+00   9.1015e+00   7.5965e+00   6.2153e+00   5.2558e+00   4.6587e+00   4.2844e+00   4.0039e+00   3.7361e+00
   4.1191e+00   2.7432e+00   2.3075e+00   4.8635e+00   5.4775e+00   5.6766e+00   5.2258e+00   4.7073e+00   4.6141e+00   4.3483e+00
   6.9958e+00   4.5186e+00   5.4095e+00   4.9226e+00   5.0768e+00   5.0174e+00   4.5046e+00   4.1323e+00   4.2517e+00   6.2627e+00
   5.4890e+00   5.5832e+00   4.5747e+00   4.0093e+00   3.5942e+00   5.1088e+00   1.3561e+01   1.4543e+01   1.3015e+01   1.2148e+01
   3.7639e+00   6.1232e+00   4.4464e+00   5.3092e+00   5.2741e+00   1.3188e+01   1.9593e+01   2.3879e+01   2.5087e+01   2.5168e+01
   7.3223e+00   1.4105e+01   1.2809e+01   1.0513e+01   1.0128e+01   1.2199e+01   1.3922e+01   1.5306e+01   1.5187e+01   1.8116e+01
   3.6710e+00   4.4515e+00   4.8855e+00   3.9793e+00   5.0992e+00   6.0165e+00   6.0949e+00   5.5094e+00   4.9744e+00   6.2410e+00
   5.6440e+00   4.7275e+00   6.5629e+00   8.2038e+00   1.0580e+01   1.1083e+01   1.0053e+01   1.0038e+01   9.2170e+00   8.3811e+00
   4.0084e+00   4.3178e+00   4.1125e+00   4.6659e+00   4.1559e+00   6.0776e+00   5.7764e+00   5.7854e+00   5.5791e+00   6.5075e+00
   6.1289e+00   5.9609e+00   4.6571e+00   5.1895e+00   5.0833e+00   5.3473e+00   4.6796e+00   5.2074e+00   5.1278e+00   5.4330e+00
   1.0853e+01   1.0763e+01   9.0207e+00   7.0755e+00   6.5892e+00   7.5432e+00   6.9787e+00   6.7944e+00   6.5281e+00   6.8992e+00
   6.4866e+00   9.2934e+00   1.0966e+01   9.5715e+00   8.9474e+00   8.2287e+00   8.6245e+00   7.7036e+00   7.3978e+00   9.2015e+00
   5.5992e+00   3.5219e+00   5.1169e+00   7.2613e+00   9.4067e+00   1.7965e+01   2.0791e+01   2.1040e+01   2.0175e+01   1.8815e+01
   8.6751e+00   6.0480e+00   1.1897e+01   2.0427e+01   2.5957e+01   2.4084e+01   2.4504e+01   2.3427e+01   2.2155e+01   2.2361e+01
   5.8068e+00   6.1618e+00   1.2661e+01   1.0075e+01   8.2017e+00   8.5041e+00   8.3774e+00   7.7156e+00   8.0295e+00   1.1618e+01
   9.2696e+00   7.8349e+00   1.1893e+01   1.0188e+01   1.1520e+01   1.1911e+01   1.0445e+01   9.3523e+00   8.4372e+00   7.7801e+00
   4.9857e+00   7.5084e+00   1.0151e+01   2.1014e+01   2.6848e+01   4.2971e+01   5.3499e+01   5.9887e+01   6.6751e+01   7.1421e+01
   6.8212e+00   8.4158e+00   7.3097e+00   9.4011e+00   1.3549e+01   1.2345e+01   1.1876e+01   1.1581e+01   1.1351e+01   1.1618e+01
   1.4019e+01   2.0062e+01   2.5900e+01   2.6326e+01   2.9025e+01   3.4720e+01   4.3478e+01   5.1975e+01   5.9707e+01   6.6119e+01
   8.0874e+00   8.9328e+00   1.0716e+01   1.6874e+01   1.8702e+01   1.6044e+01   1.8288e+01   2.6906e+01   3.6699e+01   3.6002e+01
   9.9352e+00   1.1621e+01   9.1511e+00   1.1471e+01   2.3626e+01   2.7181e+01   3.1957e+01   3.1878e+01   3.3968e+01   4.0206e+01
   1.1928e+01   2.9008e+01   2.6074e+01   2.5286e+01   2.5497e+01   2.6557e+01   2.3308e+01   2.0514e+01   1.8389e+01   1.7289e+01
   5.6235e+00   8.5097e+00   1.1709e+01   1.3814e+01   2.1616e+01   2.4074e+01   2.2048e+01   2.5976e+01   3.3269e+01   4.1300e+01
   1.2864e+01   1.2644e+01   1.9443e+01   2.3174e+01   1.9010e+01   1.6800e+01   1.7135e+01   1.5750e+01   1.4364e+01   1.3943e+01
   9.8548e+00   1.0610e+01   9.9446e+00   2.0268e+01   3.4215e+01   4.2837e+01   4.2403e+01   4.4300e+01   4.2447e+01   4.0899e+01
   6.6121e+00   1.3130e+01   2.0224e+01   3.3562e+01   4.0665e+01   3.7414e+01   3.3390e+01   3.1168e+01   3.0726e+01   3.0441e+01
   7.4108e+00   1.2402e+01   2.4729e+01   2.6891e+01   3.1815e+01   4.3941e+01   5.0411e+01   5.1882e+01   5.2693e+01   5.0690e+01
   9.4472e+00   1.5469e+01   2.0996e+01   3.0482e+01   3.7223e+01   4.1159e+01   4.1544e+01   4.1730e+01   3.9972e+01   4.0631e+01
   7.8076e+00   1.3394e+01   1.7487e+01   1.9005e+01   1.8811e+01   2.5269e+01   2.4525e+01   2.4983e+01   3.0834e+01   3.0054e+01
   1.1536e+01   9.0704e+00   1.2031e+01   1.1113e+01   1.7076e+01   1.8660e+01   1.6139e+01   1.5118e+01   1.4482e+01   1.4390e+01
   9.3695e+00   1.5891e+01   2.8938e+01   3.5185e+01   4.0361e+01   3.9857e+01   3.6511e+01   3.7819e+01   3.7447e+01   4.1381e+01
   1.0568e+01   1.4526e+01   2.2846e+01   4.6398e+01   5.6931e+01   5.5379e+01   5.3513e+01   5.4013e+01   5.3708e+01   5.1014e+01
   1.3260e+01   2.0920e+01   3.1666e+01   3.1623e+01   3.7976e+01   4.1800e+01   4.8755e+01   5.2950e+01   5.2337e+01   4.9670e+01
   1.2052e+01   1.7163e+01   2.0725e+01   3.3869e+01   3.4264e+01   3.1357e+01   2.8520e+01   2.5718e+01   2.3832e+01   3.3216e+01
   9.2018e+00   1.8434e+01   2.0759e+01   2.5438e+01   2.6674e+01   3.0124e+01   3.7512e+01   4.5936e+01   6.2744e+01   8.3429e+01
   1.3385e+01   3.8650e+01   4.7250e+01   4.1612e+01   3.9466e+01   3.9191e+01   4.7135e+01   6.4941e+01   7.1101e+01   6.8496e+01
   1.3362e+01   2.2302e+01   2.8380e+01   3.2901e+01   3.8544e+01   5.4295e+01   6.1701e+01   7.0182e+01   8.0023e+01   9.5573e+01
   1.1254e+01   1.3431e+01   1.4352e+01   1.8576e+01   2.4225e+01   4.0791e+01   4.8974e+01   4.7620e+01   4.7197e+01   4.7758e+01
   2.0654e+01   3.7251e+01   4.9199e+01   7.0251e+01   8.1153e+01   8.4926e+01   9.3264e+01   9.6402e+01   9.5994e+01   9.9531e+01
   1.9864e+01   2.9006e+01   2.7928e+01   2.8083e+01   3.6380e+01   4.1396e+01   4.1681e+01   4.2844e+01   4.5085e+01   4.8727e+01
   1.7191e+01   2.2171e+01   5.8227e+01   1.0585e+02   1.2404e+02   1.1413e+02   9.9172e+01   8.7915e+01   7.9565e+01   7.2525e+01
   1.5920e+01   3.8515e+01   3.5228e+01   4.1445e+01   4.5423e+01   5.0080e+01   6.3680e+01   6.9854e+01   7.2701e+01   8.1566e+01
   1.8317e+01   2.1428e+01   2.1631e+01   2.2355e+01   3.7874e+01   4.6397e+01   5.1076e+01   6.0603e+01   6.9913e+01   7.2657e+01
   2.2322e+01   1.8964e+01   2.2393e+01   2.4304e+01   2.9130e+01   3.7611e+01   3.9949e+01   3.6219e+01   3.2418e+01   3.1638e+01
   1.3265e+01   3.7057e+01   4.5696e+01   4.8591e+01   5.0657e+01   6.0603e+01   5.8920e+01   5.3844e+01   5.1693e+01   4.7663e+01
   1.4914e+01   3.4590e+01   5.0235e+01   4.6872e+01   4.3627e+01   4.1159e+01   3.6888e+01   3.2460e+01   2.9123e+01   2.7096e+01
   2.5512e+01   3.4285e+01   4.6091e+01   8.9693e+01   1.0650e+02   9.9489e+01   9.1929e+01   8.6695e+01   8.6833e+01   8.2173e+01
   1.8644e+01   2.8821e+01   4.5053e+01   5.7648e+01   5.4974e+01   5.7044e+01   6.2670e+01   6.0609e+01   5.8669e+01   5.3620e+01
   2.1986e+01   2.9281e+01   3.3378e+01   3.5370e+01   3.5557e+01   4.6387e+01   5.8816e+01   6.6767e+01   7.1926e+01   7.0236e+01
   2.3215e+01   3.1320e+01   4.0111e+01   5.2671e+01   7.8325e+01   9.4913e+01   9.8870e+01   9.7117e+01   9.4859e+01   9.6706e+01
   2.9590e+01   3.4772e+01   4.5883e+01   5.4228e+01   4.8381e+01   5.1148e+01   5.9974e+01   6.3466e+01   6.9631e+01   6.8912e+01
   3.1431e+01   4.8505e+01   5.8479e+01   5.7434e+01   6.1110e+01   7.4511e+01   8.5272e+01   8.4271e+01   7.7635e+01   7.6414e+01
   2.6716e+01   2.6804e+01   2.5354e+01   2.4333e+01   2.3385e+01   2.2653e+01   2.3629e+01   2.8035e+01   3.6623e+01   5.1030e+01
   2.0419e+01   2.5209e+01   3.1421e+01   5.0772e+01   6.5235e+01   6.1415e+01   5.9727e+01   6.0725e+01   6.6124e+01   7.0562e+01
   1.7123e+01   2.6387e+01   4.1974e+01   5.3788e+01   6.2892e+01   7.3343e+01   6.6325e+01   6.8051e+01   6.8641e+01   6.4273e+01
   2.6875e+01   3.7507e+01   5.2493e+01   5.5947e+01   5.9996e+01   5.7521e+01   5.2169e+01   4.7278e+01   4.2372e+01   4.1278e+01
   1.6281e+01   3.6594e+01   5.2495e+01   4.9668e+01   4.4947e+01   4.7165e+01   5.8045e+01   5.5425e+01   5.4057e+01   5.1445e+01
   2.0361e+01   2.6910e+01   3.6461e+01   5.5788e+01   5.9431e+01   6.0344e+01   5.9520e+01   5.2607e+01   4.8794e+01   4.5870e+01
   3.6198e+01   6.7042e+01   7.1230e+01   6.0646e+01   5.2472e+01   6.1987e+01   7.7160e+01   8.5216e+01   7.7736e+01   7.2104e+01
   2.9358e+01   5.4227e+01   7.7982e+01   8.1122e+01   7.5434e+01   6.7384e+01   6.6158e+01   6.1616e+01   5.6459e+01   5.8631e+01
   2.6702e+01   4.6389e+01   5.7637e+01   8.0451e+01   9.2259e+01   9.1965e+01   9.0422e+01   9.3314e+01   9.0766e+01   8.2529e+01
   2.8107e+01   5.0578e+01   5.1926e+01   5.3321e+01   4.9638e+01   5.1928e+01   4.8622e+01   4.4046e+01   4.2120e+01   4.1473e+01
   2.5548e+01   3.9160e+01   4.9830e+01   4.5338e+01   4.5567e+01   4.7521e+01   4.7771e+01   4.6647e+01   4.7707e+01   4.4209e+01
   2.9750e+01   3.4521e+01   4.0369e+01   4.3471e+01   5.4835e+01   7.5420e+01   8.8242e+01   9.8891e+01   9.4075e+01   8.4984e+01
   3.1447e+01   6.1607e+01   7.9221e+01   9.4201e+01   8.9151e+01   8.1612e+01   7.1918e+01   6.3209e+01   5.6639e+01   5.1412e+01

    0.7298    0.4663    0.3998    0.3343    0.3091    0.2936    0.2848    0.2979    0.2834    0.3381
    0.4094    0.4077    0.5019    0.4553    0.4269    0.4028    0.3895    0.3884    0.4762    0.4522
    0.6433    0.4545    0.3788    0.3937    0.3901    0.4758    0.4576    0.4280    0.4040    0.3813
    1.2768    0.8852    0.6485    0.6190    0.5405    0.5195    0.4682    0.4339    0.4105    0.3893
    0.6944    0.6456    0.5944    0.4869    0.4681    0.4236    0.3949    0.3715    0.3529    0.4187
    0.5573    0.4405    0.5913    0.4711    0.5010    0.4523    0.4400    0.4265    0.4091    0.4148
    0.7317    0.5830    0.6323    0.7213    0.6763    0.6262    0.5539    0.5150    0.4964    0.4791
    1.1614    0.7498    0.6791    0.6363    0.5809    0.5623    0.6212    0.5562    0.6707    0.7956
    0.4213    0.4362    0.5012    0.4321    0.3914    0.3505    0.3261    0.3272    0.3125    0.4210
    0.6503    0.6103    0.5430    0.4848    0.4298    0.4183    0.3980    0.3968    0.5287    0.5013
    1.1171    0.8750    0.6232    0.5190    0.4446    0.4151    0.3836    0.3771    0.3830    0.4520
    1.4201    0.9685    0.8363    0.6803    0.6867    0.6326    0.6108    0.5511    0.5504    0.5333
    0.7639    0.8554    0.7848    0.6345    0.6057    0.5672    0.5810    0.5640    0.5659    0.6672
    1.0169    0.9566    0.7541    0.6063    0.6306    0.5567    0.5766    0.6118    0.6132    0.6404
    0.8398    0.5786    0.6139    0.5002    1.5036    1.4441    1.2699    1.1449    1.0433    0.9967
    1.0727    0.6295    0.5042    0.4633    0.6236    0.5748    0.5416    0.5119    0.4873    0.5013
    1.2205    0.9496    0.7702    0.7895    0.7094    0.8127    0.7437    0.8081    0.8202    0.8500
    1.1229    0.8557    0.8540    0.7530    0.6757    0.6625    0.6088    0.5554    0.5187    0.5017
    1.3845    1.4611    1.0330    0.8592    0.9128    0.8075    0.7680    0.7047    0.7296    0.6956
    1.1270    0.8269    0.8888    0.6983    0.7754    0.8593    0.7952    0.7717    0.7641    0.7224
    1.1397    1.4065    1.5286    1.2645    1.1056    1.1452    1.0429    0.9441    0.8866    0.9275
    1.0794    0.8657    1.0577    1.0523    0.9237    0.9375    0.9798    1.0126    0.9551    0.9525
    1.7001    1.2368    0.9134    0.8190    0.7900    0.7210    0.6928    0.9330    0.8939    0.8670
    0.9562    0.7060    0.7776    0.7681    0.7133    0.6886    0.6489    0.6903    0.9106    0.9431
    1.8724    1.9846    3.3640    2.6434    2.2234    2.0955    2.0351    1.8062    1.7072    1.6996
    0.9688    0.8008    0.7023    1.3569    1.1571    1.0916    1.4856    1.5098    1.4098    1.3007
    1.5106    1.0677    2.3499    1.8433    1.5242    1.3075    1.1796    1.0903    1.1341    1.0466
    1.4036    0.9504    1.5342    1.6072    1.3858    1.2049    1.1160    1.0028    0.9241    0.9048
    1.7073    1.5249    1.6649    1.6123    1.4083    1.3272    1.4660    1.4075    1.2758    1.1985
    1.1167    1.0141    1.0324    1.0823    1.2270    1.5263    1.6256    1.7449    1.7143    1.6866
    1.7294    2.4990    2.2570    1.8397    1.7677    2.5556    2.4333    2.2252    2.0124    1.9708
    2.8623    2.7248    2.1120    1.6689    1.4113    1.2359    1.1176    1.0136    0.9571    0.9413
    2.9742    1.7643    1.5414    1.5828    1.5398    1.4138    1.2680    1.1974    1.1455    1.1599
    1.9100    1.3602    2.1745    1.7201    1.4638    1.3137    1.2825    1.1441    1.2160    1.1708
    1.9124    1.9426    1.5648    1.6113    1.7158    2.3897    3.2270    3.7485    4.5561    4.1448
    1.2688    1.7516    2.5825    3.8407    3.4416    2.9387    2.6697    2.4546    2.2152    2.1504
    2.0896    1.2592    1.6433    1.7296    1.6968    1.6395    1.4708    1.3278    1.3831    1.3002
    3.8790    2.6958    2.0561    1.8272    3.2628    4.0586    4.4227    4.4177    5.8719    7.3863
    2.7045    1.8162    1.4728    1.4749    1.2611    1.2595    1.1215    1.0272    0.9860    0.9216
    1.0997    1.7990    2.1445    2.1687    2.3994    2.4596    2.5716    2.3290    2.2188    2.1414
    1.6218    2.2539    2.2101    3.0515    4.1236    5.2955    4.6605    4.4319    4.0079    3.6571
    1.6561    1.1263    1.4133    2.6892    3.6229    3.3174    2.9108    2.6224    2.4068    2.1822
    2.7194    1.8336    1.3997    1.1962    1.5125    1.4407    1.3786    1.3160    1.2542    1.2254
    2.6856    3.3109    3.8398    3.6476    3.2811    3.0646    2.8319    2.5274    2.2714    2.1447
    1.9294    2.4838    1.9661    1.8424    1.6523    1.7775    2.2968    3.0376    4.0369    4.5704
    3.8498    2.6242    2.8883    2.4350    2.0464    1.8958    1.8668    1.8265    1.7447    2.5393
    2.9227    4.8307    5.0526    4.0746    3.3105    2.8784    2.5490    2.3033    2.1040    2.0365
    2.6829    1.7897    1.8385    2.9122    2.9356    2.6919    2.3781    2.4890    2.6211    2.4799
    2.6467    2.8564    4.4075    6.7074    7.7442    6.5497    5.7427    5.2209    4.8316    4.7354
    3.6738    2.6360    2.7933    2.5245    2.6931    3.9244    5.3664    6.5605    6.4585    6.0970
    4.6724    5.2787    4.5026    3.7698    3.4085    3.0464    3.5827    3.2249    3.0974    3.0714
    2.6070    4.9940    3.5821    2.7418    3.0783    6.0499    5.8809    5.1921    4.6629    4.2740
    6.5294    5.2441    6.4082   13.2897   13.3161   11.4112   10.5733   10.7493    9.7292    8.9503
    6.5620    7.8257    6.1223    6.0908    5.2781    6.8138    7.5480    7.3723    7.6000    7.2053
    5.2217    4.5521    3.9323    3.1633    2.6409    2.3267    2.3002    2.3253    2.7394    3.4112
    2.8519    7.5544    9.1015    7.5965    6.2153    5.2558    4.6587    4.2844    4.0039    3.7361
    4.1191    2.7432    2.3075    4.8635    5.4775    5.6766    5.2258    4.7073    4.6141    4.3483
    6.9958    4.5186    5.4095    4.9226    5.0768    5.0174    4.5046    4.1323    4.2517    6.2627
    5.4890    5.5832    4.5747    4.0093    3.5942    5.1088   13.5609   14.5432   13.0150   12.1484
    3.7639    6.1232    4.4464    5.3092    5.2741   13.1880   19.5928   23.8786   25.0872   25.1679
    7.3223   14.1050   12.8092   10.5129   10.1278   12.1989   13.9224   15.3064   15.1873   18.1161
    3.6710    4.4515    4.8855    3.9793    5.0992    6.0165    6.0949    5.5094    4.9744    6.2410
    5.6440    4.7275    6.5629    8.2038   10.5804   11.0831   10.0531   10.0376    9.2170    8.3811
    4.0084    4.3178    4.1125    4.6659    4.1559    6.0776    5.7764    5.7854    5.5791    6.5075
    6.1289    5.9609    4.6571    5.1895    5.0833    5.3473    4.6796    5.2074    5.1278    5.4330
   10.8533   10.7629    9.0207    7.0755    6.5892    7.5432    6.9787    6.7944    6.5281    6.8992
    6.4866    9.2934   10.9657    9.5715    8.9474    8.2287    8.6245    7.7036    7.3978    9.2015
    5.5992    3.5219    5.1169    7.2613    9.4067   17.9650   20.7913   21.0401   20.1751   18.8150
    8.6751    6.0480   11.8968   20.4271   25.9573   24.0838   24.5040   23.4269   22.1545   22.3610
    5.8068    6.1618   12.6610   10.0748    8.2017    8.5041    8.3774    7.7156    8.0295   11.6176
    9.2696    7.8349   11.8929   10.1881   11.5203   11.9108   10.4450    9.3523    8.4372    7.7801
    4.9857    7.5084   10.1507   21.0139   26.8476   42.9714   53.4990   59.8866   66.7507   71.4209
    6.8212    8.4158    7.3097    9.4011   13.5488   12.3454   11.8756   11.5805   11.3507   11.6177
   14.0187   20.0620   25.9001   26.3257   29.0255   34.7200   43.4785   51.9752   59.7068   66.1186
    8.0874    8.9328   10.7157   16.8742   18.7016   16.0444   18.2881   26.9055   36.6990   36.0016
    9.9352   11.6213    9.1511   11.4710   23.6257   27.1809   31.9567   31.8775   33.9681   40.2060
   11.9280   29.0085   26.0744   25.2857   25.4971   26.5567   23.3085   20.5137   18.3895   17.2891
    5.6235    8.5097   11.7089   13.8138   21.6156   24.0736   22.0483   25.9757   33.2690   41.3003
   12.8641   12.6438   19.4435   23.1739   19.0102   16.8000   17.1350   15.7504   14.3642   13.9428
    9.8548   10.6097    9.9446   20.2683   34.2146   42.8374   42.4034   44.2996   42.4470   40.8991
    6.6121   13.1305   20.2235   33.5617   40.6648   37.4144   33.3901   31.1677   30.7259   30.4415
    7.4108   12.4025   24.7293   26.8907   31.8153   43.9415   50.4113   51.8821   52.6933   50.6905
    9.4472   15.4686   20.9961   30.4815   37.2225   41.1588   41.5442   41.7298   39.9719   40.6315
    7.8076   13.3939   17.4866   19.0051   18.8108   25.2689   24.5250   24.9825   30.8340   30.0540
   11.5358    9.0704   12.0312   11.1132   17.0760   18.6603   16.1391   15.1176   14.4817   14.3902
    9.3695   15.8909   28.9378   35.1845   40.3606   39.8570   36.5110   37.8194   37.4471   41.3810
   10.5682   14.5256   22.8461   46.3976   56.9309   55.3789   53.5131   54.0131   53.7081   51.0138
   13.2597   20.9199   31.6663   31.6233   37.9757   41.7995   48.7551   52.9501   52.3370   49.6702
   12.0520   17.1627   20.7248   33.8688   34.2637   31.3575   28.5199   25.7178   23.8323   33.2160
    9.2018   18.4337   20.7591   25.4379   26.6743   30.1239   37.5119   45.9360   61.6611   70.3180
   13.3855   38.6498   47.2497   41.6118   39.4659   39.1910   47.1349   61.5196   67.9219   65.8039
   13.3622   22.3017   28.3805   32.9011   38.5440   54.2951   61.7014   70.0125   71.4268   67.1470
   11.2540   13.4308   14.3521   18.5763   24.2253   40.7912   48.9741   47.6204   47.1970   47.7584
   20.6540   37.2513   49.1985   70.2512   81.1534   83.8972   79.4297   73.7046   68.5009   62.3404
   19.8641   29.0056   27.9279   28.0832   36.3802   41.3958   41.6806   42.8444   45.0850   48.6378
   17.1907   22.1710   58.2269   87.2798   97.4106   94.8085   83.1601   73.4436   66.2446   60.7601
   15.9203   38.5152   35.2280   41.4454   45.4228   50.0190   62.0566   66.7243   66.7790   62.6929
   18.3168   21.4276   21.6315   22.3551   37.8743   46.3969   51.0756   59.7592   66.5700   69.3123
   22.3215   18.9639   22.3930   24.3041   29.1296   37.6110   39.9492   36.2195   32.4180   31.6381
   13.2648   37.0569   45.6959   48.5912   50.6572   60.6035   58.9201   53.8443   51.6928   47.6635
   14.9137   34.5905   50.2351   46.8720   43.6274   41.1595   36.8881   32.4604   29.1227   27.0956
   25.5121   34.2847   46.0914   82.1462   87.3080   85.5748   81.4155   75.5702   69.0914   65.3051
   18.6435   28.8211   45.0529   57.6483   54.9744   57.0436   62.3251   60.3321   58.4418   53.4219
   21.9856   29.2811   33.3779   35.3697   35.5572   46.3865   58.4993   65.0513   66.9021   66.0528
   23.2146   31.3201   40.1111   52.6713   69.2539   71.4500   70.2849   68.0089   64.2436   58.4514
   29.5897   34.7723   45.8834   54.2278   48.3813   51.1278   55.9151   56.1356   52.5635   51.0217
   31.4307   48.5052   58.4790   57.4340   61.1102   62.3439   57.9167   56.0561   54.7099   51.3340
   26.7161   26.8042   25.3540   24.3333   23.3847   22.6531   23.6285   28.0346   36.6229   43.7675
   20.4185   25.2094   31.4207   50.7718   65.0171   61.2498   59.5994   60.5151   59.2246   55.9397
   17.1228   26.3873   41.9745   53.7883   62.8917   71.6921   65.0071   63.2130   62.2069   58.8393
   26.8752   37.5072   52.4935   55.9470   59.9956   57.5210   52.1694   47.2783   42.3723   41.2718
   16.2806   36.5940   52.4951   49.6682   44.9468   47.1647   56.6634   54.3046   53.1361   50.6652
   20.3606   26.9099   36.4607   55.7875   59.4306   60.3436   59.5197   52.6066   48.7945   45.8704
   36.1978   67.0425   71.2298   60.6458   52.4719   54.0386   48.5365   44.0100   43.5060   42.8736
   29.3578   54.2267   77.9820   80.0959   74.6901   66.8298   62.4425   56.8394   52.2253   47.5867
   26.7023   46.3891   57.6373   71.8946   68.2566   63.2157   57.4877   50.4469   45.7286   43.4055
   28.1067   50.5780   51.9261   53.3212   49.6377   51.9188   48.5832   44.0139   42.0937   41.4210
   25.5477   39.1603   49.8298   45.3379   45.5669   47.5210   47.7711   46.6469   46.9116   43.5221
   29.7497   34.5205   40.3686   43.4707   53.3685   52.7145   48.0593   42.6173   42.4705   40.8410
   31.4474   61.6073   77.8435   78.7371   74.3535   67.4646   60.7656   53.6064   48.5305   44.4010

   7.3350e+03   1.5301e+04   2.2770e+04   3.0571e+04   3.8424e+04   4.6314e+04   5.4108e+04   6.2103e+04   6.9647e+04   7.7182e+04
   6.8860e+03   1.4803e+04   2.2793e+04   3.0661e+04   3.8263e+04   4.6253e+04   5.4631e+04   6.2762e+04   7.1324e+04   7.9449e+04
   7.3560e+03   1.5356e+04   2.3046e+04   3.1140e+04   3.9111e+04   4.8197e+04   5.6137e+04   6.3798e+04   7.1762e+04   8.0212e+04
   8.2510e+03   1.6245e+04   2.4387e+04   3.2348e+04   4.0774e+04   4.8538e+04   5.6605e+04   6.4239e+04   7.2851e+04   8.1022e+04
   7.2220e+03   1.5289e+04   2.3713e+04   3.1787e+04   3.9319e+04   4.7504e+04   5.5542e+04   6.3561e+04   7.1375e+04   7.9981e+04
   7.9410e+03   1.5892e+04   2.5361e+04   3.3709e+04   4.2826e+04   5.1373e+04   6.0198e+04   6.9135e+04   7.8076e+04   8.5978e+04
   7.8160e+03   1.6562e+04   2.5785e+04   3.4962e+04   4.3325e+04   5.1449e+04   6.0458e+04   6.8783e+04   7.6961e+04   8.5101e+04
   8.2640e+03   1.7116e+04   2.6426e+04   3.4957e+04   4.3289e+04   5.1751e+04   6.0933e+04   6.9586e+04   7.9044e+04   8.8530e+04
   7.5330e+03   1.6130e+04   2.5095e+04   3.3828e+04   4.1783e+04   5.0118e+04   5.8304e+04   6.7104e+04   7.5583e+04   8.4928e+04
   7.9670e+03   1.7317e+04   2.6351e+04   3.5362e+04   4.4458e+04   5.3808e+04   6.2493e+04   7.1173e+04   8.0970e+04   9.0369e+04
   8.2490e+03   1.8049e+04   2.7004e+04   3.5359e+04   4.4126e+04   5.2679e+04   6.1384e+04   7.0293e+04   7.9567e+04   8.9504e+04
   8.9400e+03   1.8443e+04   2.8277e+04   3.7661e+04   4.6410e+04   5.5446e+04   6.5081e+04   7.4707e+04   8.3564e+04   9.2632e+04
   8.5790e+03   1.8421e+04   2.8472e+04   3.8315e+04   4.7235e+04   5.5980e+04   6.5618e+04   7.5554e+04   8.5839e+04   9.6395e+04
   8.1510e+03   1.7845e+04   2.7405e+04   3.7138e+04   4.7449e+04   5.6852e+04   6.6925e+04   7.7722e+04   8.7221e+04   9.5687e+04
   8.1870e+03   1.7436e+04   2.7355e+04   3.6461e+04   4.7595e+04   5.8276e+04   6.8123e+04   7.7521e+04   8.7326e+04   9.6304e+04
   9.0100e+03   1.8147e+04   2.7908e+04   3.7156e+04   4.6912e+04   5.6625e+04   6.6770e+04   7.5952e+04   8.5064e+04   9.5094e+04
   9.4880e+03   2.0047e+04   3.0991e+04   4.1008e+04   5.1511e+04   6.2340e+04   7.2672e+04   8.1698e+04   9.2542e+04   1.0347e+05
   8.5370e+03   1.8782e+04   2.9084e+04   3.8403e+04   4.8933e+04   5.9480e+04   6.9166e+04   7.9446e+04   8.9331e+04   1.0005e+05
   9.1850e+03   2.0568e+04   3.1452e+04   4.2821e+04   5.4432e+04   6.5139e+04   7.5366e+04   8.5637e+04   9.5294e+04   1.0569e+05
   9.3840e+03   1.9701e+04   3.0746e+04   4.1434e+04   5.2308e+04   6.3816e+04   7.3954e+04   8.4473e+04   9.4432e+04   1.0495e+05
   9.2960e+03   2.0510e+04   3.1745e+04   4.2708e+04   5.3311e+04   6.5566e+04   7.5667e+04   8.6268e+04   9.6698e+04   1.0810e+05
   9.8640e+03   2.1052e+04   3.2654e+04   4.4802e+04   5.6243e+04   6.6872e+04   7.6888e+04   8.8465e+04   9.9582e+04   1.0966e+05
   1.0035e+04   2.1071e+04   3.2345e+04   4.2888e+04   5.4265e+04   6.6231e+04   7.6581e+04   8.9008e+04   1.0061e+05   1.1236e+05
   9.4610e+03   2.0015e+04   3.1504e+04   4.2912e+04   5.3719e+04   6.3688e+04   7.4471e+04   8.4831e+04   9.6500e+04   1.0734e+05
   1.0492e+04   2.2979e+04   3.6538e+04   4.9086e+04   6.1300e+04   7.4114e+04   8.7778e+04   1.0013e+05   1.1295e+05   1.2506e+05
   9.2000e+03   1.9827e+04   3.0816e+04   4.3687e+04   5.5115e+04   6.6572e+04   7.9329e+04   9.1575e+04   1.0268e+05   1.1438e+05
   1.0200e+04   2.0837e+04   3.3512e+04   4.4835e+04   5.6257e+04   6.8101e+04   8.0538e+04   9.2889e+04   1.0512e+05   1.1664e+05
   1.0659e+04   2.2216e+04   3.4831e+04   4.7492e+04   5.9256e+04   7.1371e+04   8.4215e+04   9.6183e+04   1.0840e+05   1.2029e+05
   1.0565e+04   2.2249e+04   3.4845e+04   4.8042e+04   6.0691e+04   7.2013e+04   8.4999e+04   9.7877e+04   1.1015e+05   1.2219e+05
   9.7260e+03   2.1103e+04   3.3258e+04   4.5741e+04   5.8412e+04   7.1145e+04   8.4075e+04   9.7174e+04   1.1013e+05   1.2312e+05
   1.1201e+04   2.4349e+04   3.7700e+04   5.0036e+04   6.2059e+04   7.6369e+04   8.9577e+04   1.0280e+05   1.1579e+05   1.2785e+05
   1.0931e+04   2.4241e+04   3.7303e+04   5.0174e+04   6.3122e+04   7.6603e+04   9.0038e+04   1.0325e+05   1.1576e+05   1.2843e+05
   1.1678e+04   2.4275e+04   3.7396e+04   5.1233e+04   6.4429e+04   7.7858e+04   9.0275e+04   1.0324e+05   1.1615e+05   1.2791e+05
   1.1733e+04   2.4446e+04   3.8882e+04   5.2065e+04   6.4892e+04   7.7363e+04   9.0416e+04   1.0396e+05   1.1768e+05   1.3131e+05
   1.0475e+04   2.3020e+04   3.5237e+04   4.8028e+04   6.2226e+04   7.6431e+04   9.0564e+04   1.0510e+05   1.2031e+05   1.3492e+05
   1.0236e+04   2.3072e+04   3.7068e+04   5.2014e+04   6.6150e+04   7.9336e+04   9.2518e+04   1.0640e+05   1.1958e+05   1.3157e+05
   1.1159e+04   2.3320e+04   3.7253e+04   5.1163e+04   6.5141e+04   7.7304e+04   9.0369e+04   1.0321e+05   1.1702e+05   1.3058e+05
   1.2256e+04   2.6194e+04   3.9910e+04   5.3877e+04   6.8946e+04   8.4016e+04   9.8632e+04   1.1337e+05   1.3034e+05   1.4667e+05
   1.2574e+04   2.6577e+04   4.0484e+04   5.5016e+04   6.8716e+04   8.1243e+04   9.4876e+04   1.0860e+05   1.2216e+05   1.3556e+05
   1.0801e+04   2.4283e+04   3.8486e+04   5.2826e+04   6.7362e+04   8.2545e+04   9.8348e+04   1.1321e+05   1.2840e+05   1.4338e+05
   1.1436e+04   2.5754e+04   4.0626e+04   5.6419e+04   7.2531e+04   8.8926e+04   1.0416e+05   1.2058e+05   1.3584e+05   1.5152e+05
   1.1991e+04   2.5103e+04   3.9817e+04   5.5291e+04   7.1342e+04   8.6533e+04   1.0141e+05   1.1657e+05   1.3122e+05   1.4534e+05
   1.2569e+04   2.6751e+04   4.0300e+04   5.4804e+04   7.0083e+04   8.5641e+04   1.0079e+05   1.1615e+05   1.2990e+05   1.4526e+05
   1.2896e+04   2.8815e+04   4.4976e+04   6.1118e+04   7.7543e+04   9.3502e+04   1.0862e+05   1.2391e+05   1.3927e+05   1.5461e+05
   1.2430e+04   2.7709e+04   4.2080e+04   5.6965e+04   7.1789e+04   8.7230e+04   1.0364e+05   1.2065e+05   1.3812e+05   1.5426e+05
   1.3197e+04   2.8724e+04   4.4885e+04   6.0421e+04   7.6452e+04   9.2665e+04   1.0799e+05   1.2268e+05   1.3769e+05   1.5492e+05
   1.3555e+04   3.0565e+04   4.8169e+04   6.4433e+04   8.0129e+04   9.6360e+04   1.1271e+05   1.2917e+05   1.4517e+05   1.6038e+05
   1.3714e+04   2.9115e+04   4.4894e+04   6.2022e+04   8.0074e+04   9.5376e+04   1.1105e+05   1.2906e+05   1.4687e+05   1.6286e+05
   1.3306e+04   2.8805e+04   4.5134e+04   6.2743e+04   8.1245e+04   9.7925e+04   1.1493e+05   1.3268e+05   1.5082e+05   1.6594e+05
   1.4216e+04   3.0138e+04   4.7118e+04   6.4126e+04   8.0782e+04   9.8916e+04   1.1848e+05   1.3804e+05   1.5670e+05   1.7455e+05
   1.3545e+04   3.0285e+04   4.7320e+04   6.3573e+04   8.1034e+04   9.7759e+04   1.1616e+05   1.3336e+05   1.4976e+05   1.6799e+05
   1.3950e+04   3.2583e+04   4.8280e+04   6.4391e+04   8.1745e+04   1.0195e+05   1.2066e+05   1.3749e+05   1.5453e+05   1.7159e+05
   1.4434e+04   3.1680e+04   4.9456e+04   6.9857e+04   8.9326e+04   1.0807e+05   1.2791e+05   1.4839e+05   1.6626e+05   1.8620e+05
   1.4311e+04   3.3450e+04   5.1753e+04   7.1057e+04   8.9447e+04   1.1003e+05   1.2968e+05   1.4945e+05   1.6614e+05   1.8388e+05
   1.5851e+04   3.3679e+04   5.1928e+04   6.9764e+04   8.6476e+04   1.0324e+05   1.2082e+05   1.3825e+05   1.5661e+05   1.7568e+05
   1.3785e+04   3.2095e+04   5.1303e+04   6.9993e+04   8.7669e+04   1.0621e+05   1.2512e+05   1.4398e+05   1.6185e+05   1.8011e+05
   1.4911e+04   3.1164e+04   4.7480e+04   6.5569e+04   8.4244e+04   1.0344e+05   1.2200e+05   1.4037e+05   1.5895e+05   1.7636e+05
   1.5716e+04   3.3157e+04   5.2154e+04   7.0673e+04   8.9903e+04   1.0997e+05   1.2940e+05   1.4910e+05   1.6864e+05   1.8937e+05
   1.5712e+04   3.4447e+04   5.3155e+04   6.9369e+04   8.7615e+04   1.0759e+05   1.3074e+05   1.5250e+05   1.7156e+05   1.8913e+05
   1.5135e+04   3.3506e+04   5.0983e+04   7.0394e+04   9.0229e+04   1.1254e+05   1.3535e+05   1.5744e+05   1.8035e+05   2.0449e+05
   1.5246e+04   3.6102e+04   5.7064e+04   7.6948e+04   9.6509e+04   1.1784e+05   1.3934e+05   1.6271e+05   1.8468e+05   2.0711e+05
   1.5405e+04   3.4405e+04   5.3537e+04   7.2533e+04   9.2170e+04   1.1206e+05   1.3228e+05   1.5204e+05   1.7210e+05   1.9450e+05
   1.6455e+04   3.6122e+04   5.6260e+04   7.6656e+04   9.9027e+04   1.2146e+05   1.4280e+05   1.6490e+05   1.8588e+05   2.0780e+05
   1.5490e+04   3.4385e+04   5.3645e+04   7.3615e+04   9.3453e+04   1.1509e+05   1.3503e+05   1.5570e+05   1.7593e+05   1.9772e+05
   1.7478e+04   3.7865e+04   5.7748e+04   7.8618e+04   1.0005e+05   1.2131e+05   1.4246e+05   1.6519e+05   1.8538e+05   2.0409e+05
   1.6907e+04   3.7736e+04   5.8908e+04   7.8464e+04   9.9004e+04   1.2220e+05   1.4317e+05   1.6257e+05   1.8148e+05   2.0364e+05
   1.6431e+04   3.8168e+04   6.0733e+04   8.2593e+04   1.0441e+05   1.2675e+05   1.4810e+05   1.6941e+05   1.9220e+05   2.1523e+05
   1.7241e+04   3.6046e+04   5.7503e+04   8.0089e+04   1.0266e+05   1.2611e+05   1.4916e+05   1.7397e+05   1.9776e+05   2.2163e+05
   1.7106e+04   3.6418e+04   5.8518e+04   8.3287e+04   1.0829e+05   1.3197e+05   1.5735e+05   1.8171e+05   2.0590e+05   2.3099e+05
   1.7169e+04   3.7527e+04   6.1035e+04   8.2274e+04   1.0304e+05   1.2622e+05   1.4911e+05   1.7098e+05   1.9389e+05   2.1894e+05
   1.7655e+04   3.9263e+04   6.3495e+04   8.5881e+04   1.0947e+05   1.3317e+05   1.5521e+05   1.7819e+05   1.9988e+05   2.2238e+05
   1.7702e+04   3.9113e+04   6.1669e+04   8.6212e+04   1.1125e+05   1.3985e+05   1.6710e+05   1.9321e+05   2.2085e+05   2.4821e+05
   1.8260e+04   4.0770e+04   6.2833e+04   8.6830e+04   1.1098e+05   1.3513e+05   1.5866e+05   1.8271e+05   2.0773e+05   2.3137e+05
   1.9066e+04   4.2327e+04   6.7434e+04   9.1951e+04   1.1746e+05   1.4245e+05   1.6875e+05   1.9564e+05   2.2250e+05   2.4768e+05
   1.8990e+04   4.1441e+04   6.4887e+04   8.9987e+04   1.1527e+05   1.3972e+05   1.6652e+05   1.9276e+05   2.1971e+05   2.4510e+05
   1.8558e+04   4.1355e+04   6.3641e+04   8.8154e+04   1.1538e+05   1.4154e+05   1.6713e+05   1.9371e+05   2.2047e+05   2.4752e+05
   1.9082e+04   4.4359e+04   6.9337e+04   9.4591e+04   1.2204e+05   1.4883e+05   1.7622e+05   2.0130e+05   2.2532e+05   2.4978e+05
   1.8207e+04   4.0308e+04   6.3997e+04   8.7884e+04   1.1347e+05   1.4040e+05   1.6596e+05   1.9402e+05   2.2150e+05   2.5098e+05
   1.9369e+04   4.3145e+04   6.6738e+04   9.2155e+04   1.1611e+05   1.4148e+05   1.6775e+05   1.9354e+05   2.1866e+05   2.4622e+05
   1.9165e+04   4.2542e+04   6.5973e+04   9.1455e+04   1.1938e+05   1.4768e+05   1.7484e+05   2.0367e+05   2.3240e+05   2.6100e+05
   1.8517e+04   4.2678e+04   6.8827e+04   9.5932e+04   1.2364e+05   1.5076e+05   1.7861e+05   2.0636e+05   2.3387e+05   2.6203e+05
   1.9183e+04   4.3573e+04   7.0703e+04   9.8057e+04   1.2561e+05   1.5384e+05   1.8105e+05   2.0984e+05   2.3891e+05   2.6728e+05
   1.9210e+04   4.4372e+04   7.0909e+04   9.8558e+04   1.2588e+05   1.5437e+05   1.8165e+05   2.0867e+05   2.3680e+05   2.6528e+05
   1.8915e+04   4.3121e+04   6.9664e+04   9.6257e+04   1.2348e+05   1.5176e+05   1.7917e+05   2.0572e+05   2.3439e+05   2.6217e+05
   2.0554e+04   4.3486e+04   6.8491e+04   9.4357e+04   1.2096e+05   1.4720e+05   1.7245e+05   1.9791e+05   2.2376e+05   2.4991e+05
   1.8939e+04   4.4289e+04   7.2772e+04   1.0188e+05   1.3047e+05   1.5730e+05   1.8398e+05   2.1267e+05   2.4023e+05   2.6931e+05
   1.9552e+04   4.4305e+04   7.0147e+04   9.9429e+04   1.3078e+05   1.6053e+05   1.8973e+05   2.1853e+05   2.4779e+05   2.7583e+05
   2.0532e+04   4.6757e+04   7.4101e+04   1.0173e+05   1.2994e+05   1.6005e+05   1.9031e+05   2.2099e+05   2.5062e+05   2.8153e+05
   2.1077e+04   4.7371e+04   7.4814e+04   1.0225e+05   1.2918e+05   1.5762e+05   1.8586e+05   2.1259e+05   2.4102e+05   2.7118e+05
   2.0033e+04   4.6615e+04   7.3687e+04   1.0215e+05   1.3068e+05   1.6003e+05   1.9044e+05   2.2143e+05   2.5259e+05   2.8297e+05
   2.0744e+04   4.9444e+04   7.9662e+04   1.0832e+05   1.3815e+05   1.6873e+05   1.9885e+05   2.3100e+05   2.6190e+05   2.9186e+05
   2.2285e+04   5.0919e+04   8.0516e+04   1.1118e+05   1.4086e+05   1.7127e+05   2.0230e+05   2.3364e+05   2.6569e+05   2.9672e+05
   2.1987e+04   4.9103e+04   7.6187e+04   1.0542e+05   1.3551e+05   1.6620e+05   1.9764e+05   2.2792e+05   2.5725e+05   2.8757e+05
   2.1925e+04   5.0103e+04   8.0224e+04   1.1126e+05   1.4161e+05   1.7297e+05   2.0532e+05   2.3812e+05   2.6961e+05   3.0176e+05
   2.2547e+04   5.1317e+04   7.9776e+04   1.0970e+05   1.4095e+05   1.7226e+05   2.0479e+05   2.3623e+05   2.6641e+05   2.9753e+05
   2.2109e+04   5.0136e+04   8.1036e+04   1.1219e+05   1.4496e+05   1.7797e+05   2.1012e+05   2.4060e+05   2.7008e+05   3.0114e+05
   2.2403e+04   5.2022e+04   8.2117e+04   1.1243e+05   1.4403e+05   1.7708e+05   2.0838e+05   2.4006e+05   2.7281e+05   3.0454e+05
   2.3483e+04   5.2560e+04   8.2938e+04   1.1283e+05   1.4461e+05   1.7620e+05   2.0761e+05   2.4120e+05   2.7359e+05   3.0480e+05
   2.3415e+04   5.0916e+04   7.9994e+04   1.0884e+05   1.4039e+05   1.7374e+05   2.0634e+05   2.3647e+05   2.6716e+05   2.9867e+05
   2.1750e+04   5.1738e+04   8.2095e+04   1.1282e+05   1.4543e+05   1.7728e+05   2.0921e+05   2.4164e+05   2.7337e+05   3.0539e+05
   2.2864e+04   5.2397e+04   8.4366e+04   1.1468e+05   1.4584e+05   1.7705e+05   2.0961e+05   2.4038e+05   2.6966e+05   3.0011e+05
   2.4390e+04   5.5959e+04   8.9100e+04   1.2297e+05   1.5579e+05   1.8838e+05   2.2146e+05   2.5409e+05   2.8650e+05   3.1807e+05
   2.3404e+04   5.4452e+04   8.5345e+04   1.1843e+05   1.5011e+05   1.8347e+05   2.1509e+05   2.4827e+05   2.8141e+05   3.1328e+05
   2.3619e+04   5.3653e+04   8.3773e+04   1.1420e+05   1.4574e+05   1.7896e+05   2.1210e+05   2.4486e+05   2.7645e+05   3.0844e+05
   2.4710e+04   5.5884e+04   8.7937e+04   1.2156e+05   1.5429e+05   1.8748e+05   2.1936e+05   2.5296e+05   2.8752e+05   3.2026e+05
   2.6228e+04   5.7951e+04   9.0970e+04   1.2458e+05   1.5667e+05   1.8865e+05   2.2165e+05   2.5601e+05   2.8820e+05   3.2218e+05
   2.4858e+04   5.7407e+04   9.0217e+04   1.2367e+05   1.5684e+05   1.9034e+05   2.2435e+05   2.5819e+05   2.8984e+05   3.2264e+05
   2.4960e+04   5.3767e+04   8.5573e+04   1.1828e+05   1.5086e+05   1.8194e+05   2.1348e+05   2.4676e+05   2.8044e+05   3.1417e+05
   2.5801e+04   5.6877e+04   8.9348e+04   1.2342e+05   1.5849e+05   1.9313e+05   2.2651e+05   2.5979e+05   2.9400e+05   3.2668e+05
   2.5523e+04   5.6079e+04   8.9283e+04   1.2335e+05   1.5662e+05   1.9014e+05   2.2446e+05   2.5972e+05   2.9379e+05   3.2814e+05
   2.5289e+04   5.8217e+04   9.3814e+04   1.2788e+05   1.6189e+05   1.9529e+05   2.2870e+05   2.6309e+05   2.9756e+05   3.3203e+05
   2.4346e+04   5.5342e+04   8.8802e+04   1.2245e+05   1.5549e+05   1.8914e+05   2.2397e+05   2.5914e+05   2.9387e+05   3.2999e+05
   2.5969e+04   5.7534e+04   9.0795e+04   1.2545e+05   1.6095e+05   1.9557e+05   2.2995e+05   2.6439e+05   2.9974e+05   3.3457e+05
   2.6716e+04   6.1863e+04   9.6423e+04   1.3203e+05   1.6759e+05   2.0260e+05   2.3703e+05   2.7067e+05   3.0623e+05   3.4045e+05
   2.6411e+04   6.0725e+04   9.5690e+04   1.2994e+05   1.6484e+05   1.9876e+05   2.3246e+05   2.6628e+05   3.0106e+05   3.3544e+05
   2.7129e+04   6.1868e+04   9.6254e+04   1.3134e+05   1.6655e+05   2.0044e+05   2.3509e+05   2.6943e+05   3.0354e+05   3.3899e+05
   2.6945e+04   6.0726e+04   9.5048e+04   1.2821e+05   1.6206e+05   1.9800e+05   2.3287e+05   2.6755e+05   3.0284e+05   3.3857e+05
   2.6131e+04   5.9156e+04   9.3217e+04   1.2638e+05   1.6203e+05   1.9711e+05   2.3227e+05   2.6685e+05   3.0286e+05   3.3777e+05
   2.7773e+04   6.1620e+04   9.7162e+04   1.3270e+05   1.6864e+05   2.0451e+05   2.4053e+05   2.7408e+05   3.0851e+05   3.4499e+05
   2.7420e+04   6.3422e+04   9.8727e+04   1.3420e+05   1.6937e+05   2.0472e+05   2.4016e+05   2.7591e+05   3.1130e+05   3.4719e+05

