   2.0000
   2.0050
   2.0100
   2.0150
   2.0200
   2.0250
   2.0300
   2.0350
   2.0400
   2.0450
   2.0500
   2.0550
   2.0600
   2.0650
   2.0700
   2.0750
   2.0800
   2.0850
   2.0900
   2.0950
   2.1000
   2.1050
   2.1100
   2.1150
   2.1200
   2.1250
   2.1300
   2.1350
   2.1400
   2.1450
   2.1500
   2.1550
   2.1600
   2.1650
   2.1700
   2.1750
   2.1800
   2.1850
   2.1900
   2.1950
   2.2000
   2.2050
   2.2100
   2.2150
   2.2200
   2.2250
   2.2300
   2.2350
   2.2400
   2.2450
   2.2500
   2.2550
   2.2600
   2.2650
   2.2700
   2.2750
   2.2800
   2.2850
   2.2900
   2.2950
   2.3000
   2.3050
   2.3100
   2.3150
   2.3200
   2.3250
   2.3300
   2.3350
   2.3400
   2.3450
   2.3500
   2.3550
   2.3600
   2.3650
   2.3700
   2.3750
   2.3800
   2.3850
   2.3900
   2.3950
   2.4000
   2.4050
   2.4100
   2.4150
   2.4200
   2.4250
   2.4300
   2.4350
   2.4400
   2.4450
   2.4500
   2.4550
   2.4600
   2.4650
   2.4700
   2.4750
   2.4800
   2.4850
   2.4900
   2.4950
   2.5000
   2.5050
   2.5100
   2.5150
   2.5200
   2.5250
   2.5300
   2.5350
   2.5400
   2.5450
   2.5500
   2.5550
   2.5600
   2.5650
   2.5700
   2.5750
   2.5800
   2.5850
   2.5900
   2.5950

        0        0        0        0        0        0        0        0        0        0
        0        0        0        0        0        0        0        0        0        0
        0        0        0        0        0        0        0        0        0        0
        0        0        0        0        0        0        0        0        0        0
        0        0        0        0        0        0        0        0        0        0
        0        0        0        0        0        0        0        0        0        0
        0        0        0        0        0        0        0        0        0        0
        0        0        0        0        0        0        0        0        0        0
        0        0        0        0        0        0        0        0        0        0
        0        0        0        0        0        0        0        0        0        0
        0        0        0        0        0        0        0        0        0        0
        0        0        0        0        0        0        0        0        0        0
        0        0        0        0        0        0        0        0        0        0
        0        0        0        0        0        0        0        0        0        0
        0        0        0        0        0        0        0        0        0        0
        0        0        0        0        0        0        0        0        0        0
        0        0        0        0        0        0        0        0        0        0
        0        0        0        0        0        0        0        0        0        0
        0        0        0        0        0        0        0        0        0        0
        0        0        0        0        0        0        0        0        0        0
        0        0        0        0        0        0        0        0        0        0
        0        0        0        0        0        0        0        0        0        0
        0        0        0        0        0        0        0        0        0        0
        0        0        0        0        0        0        0        0        0        0
        0        0        0        0        0        0        0        0        0        0
        0        0        0        0        0        0        0        0        0        0
        0        0        0        0        0        0        0        0        0        0
        0        0        0        0        0        0        0        0        0        0
        0        0        0        0        0        0        0        0        0        0
        0        0        0        0        0        0        0        0        0        0
     -inf  -1.6090  -1.6090  -1.6096  -1.6099  -1.6098  -1.6097  -1.6096  -1.6097  -1.6099
     -inf  -1.6032  -1.6031  -1.6037  -1.6039  -1.6040  -1.6039  -1.6037  -1.6039  -1.6039
     -inf  -1.5971  -1.5970  -1.5974  -1.5974  -1.5976  -1.5976  -1.5974  -1.5975  -1.5975
     -inf  -1.5926  -1.5925  -1.5919  -1.5918  -1.5919  -1.5920  -1.5921  -1.5920  -1.5919
     -inf  -1.5858  -1.5855  -1.5849  -1.5851  -1.5851  -1.5853  -1.5853  -1.5851  -1.5853
     -inf  -1.5806  -1.5798  -1.5797  -1.5794  -1.5792  -1.5795  -1.5795  -1.5794  -1.5793
     -inf  -1.5737  -1.5726  -1.5721  -1.5729  -1.5732  -1.5733  -1.5730  -1.5728  -1.5731
     -inf  -1.5667  -1.5659  -1.5660  -1.5662  -1.5665  -1.5665  -1.5664  -1.5664  -1.5664
     -inf  -1.5580  -1.5590  -1.5593  -1.5598  -1.5601  -1.5598  -1.5599  -1.5599  -1.5599
     -inf  -1.5544  -1.5552  -1.5549  -1.5541  -1.5544  -1.5545  -1.5548  -1.5547  -1.5543
     -inf  -1.5439  -1.5462  -1.5463  -1.5458  -1.5461  -1.5460  -1.5461  -1.5462  -1.5459
     -inf  -1.5351  -1.5391  -1.5389  -1.5383  -1.5388  -1.5378  -1.5384  -1.5385  -1.5382
     -inf  -1.5317  -1.5330  -1.5322  -1.5316  -1.5320  -1.5319  -1.5323  -1.5321  -1.5318
     -inf  -1.5261  -1.5257  -1.5260  -1.5243  -1.5246  -1.5249  -1.5252  -1.5252  -1.5245
     -inf  -1.5171  -1.5165  -1.5159  -1.5159  -1.5156  -1.5158  -1.5158  -1.5158  -1.5157
     -inf  -1.5125  -1.5128  -1.5124  -1.5116  -1.5110  -1.5114  -1.5114  -1.5116  -1.5113
     -inf  -1.5043  -1.5021  -1.5034  -1.5030  -1.5013  -1.5019  -1.5017  -1.5023  -1.5022
     -inf  -1.4904  -1.4915  -1.4925  -1.4926  -1.4919  -1.4917  -1.4919  -1.4922  -1.4924
     -inf  -1.4862  -1.4874  -1.4871  -1.4869  -1.4863  -1.4866  -1.4866  -1.4867  -1.4866
     -inf  -1.4706  -1.4728  -1.4749  -1.4730  -1.4727  -1.4721  -1.4728  -1.4736  -1.4728
     -inf  -1.4677  -1.4690  -1.4689  -1.4680  -1.4677  -1.4679  -1.4684  -1.4682  -1.4678
     -inf  -1.4477  -1.4549  -1.4559  -1.4575  -1.4572  -1.4548  -1.4559  -1.4561  -1.4568
     -inf  -1.4432  -1.4448  -1.4436  -1.4449  -1.4451  -1.4445  -1.4450  -1.4446  -1.4452
     -inf  -1.4303  -1.4334  -1.4321  -1.4343  -1.4332  -1.4328  -1.4332  -1.4327  -1.4337
     -inf  -1.4140  -1.4192  -1.4189  -1.4210  -1.4221  -1.4207  -1.4219  -1.4208  -1.4217
     -inf  -1.4119  -1.4132  -1.4171  -1.4158  -1.4136  -1.4138  -1.4134  -1.4148  -1.4144
     -inf  -1.3883  -1.4016  -1.3986  -1.3976  -1.3971  -1.3962  -1.3986  -1.3981  -1.3972
     -inf  -1.3808  -1.3763  -1.3800  -1.3808  -1.3826  -1.3826  -1.3812  -1.3816  -1.3817
     -inf  -1.3714  -1.3777  -1.3808  -1.3761  -1.3772  -1.3767  -1.3758  -1.3774  -1.3757
     -inf  -1.3576  -1.3560  -1.3541  -1.3534  -1.3567  -1.3559  -1.3574  -1.3591  -1.3612
        0        0        0        0        0        0        0        0        0        0
        0        0        0        0        0        0        0        0        0        0
        0        0        0        0        0        0        0        0        0        0
        0        0        0        0        0        0        0        0        0        0
        0        0        0        0        0        0        0        0        0        0
        0        0        0        0        0        0        0        0        0        0
        0        0        0        0        0        0        0        0        0        0
        0        0        0        0        0        0        0        0        0        0
        0        0        0        0        0        0        0        0        0        0
        0        0        0        0        0        0        0        0        0        0
        0        0        0        0        0        0        0        0        0        0
        0        0        0        0        0        0        0        0        0        0
        0        0        0        0        0        0        0        0        0        0
        0        0        0        0        0        0        0        0        0        0
        0        0        0        0        0        0        0        0        0        0
        0        0        0        0        0        0        0        0        0        0
        0        0        0        0        0        0        0        0        0        0
        0        0        0        0        0        0        0        0        0        0
        0        0        0        0        0        0        0        0        0        0
        0        0        0        0        0        0        0        0        0        0
        0        0        0        0        0        0        0        0        0        0
        0        0        0        0        0        0        0        0        0        0
        0        0        0        0        0        0        0        0        0        0
        0        0        0        0        0        0        0        0        0        0
        0        0        0        0        0        0        0        0        0        0
        0        0        0        0        0        0        0        0        0        0
        0        0        0        0        0        0        0        0        0        0
        0        0        0        0        0        0        0        0        0        0
        0        0        0        0        0        0        0        0        0        0
        0        0        0        0        0        0        0        0        0        0
        0        0        0        0        0        0        0        0        0        0
        0        0        0        0        0        0        0        0        0        0
        0        0        0        0        0        0        0        0        0        0
        0        0        0        0        0        0        0        0        0        0
        0        0        0        0        0        0        0        0        0        0
        0        0        0        0        0        0        0        0        0        0
        0        0        0        0        0        0        0        0        0        0
        0        0        0        0        0        0        0        0        0        0
        0        0        0        0        0        0        0        0        0        0
        0        0        0        0        0        0        0        0        0        0
        0        0        0        0        0        0        0        0        0        0
        0        0        0        0        0        0        0        0        0        0
        0        0        0        0        0        0        0        0        0        0
        0        0        0        0        0        0        0        0        0        0
        0        0        0        0        0        0        0        0        0        0
        0        0        0        0        0        0        0        0        0        0
        0        0        0        0        0        0        0        0        0        0
        0        0        0        0        0        0        0        0        0        0
        0        0        0        0        0        0        0        0        0        0
        0        0        0        0        0        0        0        0        0        0
        0        0        0        0        0        0        0        0        0        0
        0        0        0        0        0        0        0        0        0        0
        0        0        0        0        0        0        0        0        0        0
        0        0        0        0        0        0        0        0        0        0
        0        0        0        0        0        0        0        0        0        0
        0        0        0        0        0        0        0        0        0        0
        0        0        0        0        0        0        0        0        0        0
        0        0        0        0        0        0        0        0        0        0
        0        0        0        0        0        0        0        0        0        0
        0        0        0        0        0        0        0        0        0        0

        0        0        0        0        0        0        0        0        0        0
        0        0        0        0        0        0        0        0        0        0
        0        0        0        0        0        0        0        0        0        0
        0        0        0        0        0        0        0        0        0        0
        0        0        0        0        0        0        0        0        0        0
        0        0        0        0        0        0        0        0        0        0
        0        0        0        0        0        0        0        0        0        0
        0        0        0        0        0        0        0        0        0        0
        0        0        0        0        0        0        0        0        0        0
        0        0        0        0        0        0        0        0        0        0
        0        0        0        0        0        0        0        0        0        0
        0        0        0        0        0        0        0        0        0        0
        0        0        0        0        0        0        0        0        0        0
        0        0        0        0        0        0        0        0        0        0
        0        0        0        0        0        0        0        0        0        0
        0        0        0        0        0        0        0        0        0        0
        0        0        0        0        0        0        0        0        0        0
        0        0        0        0        0        0        0        0        0        0
        0        0        0        0        0        0        0        0        0        0
        0        0        0        0        0        0        0        0        0        0
        0        0        0        0        0        0        0        0        0        0
        0        0        0        0        0        0        0        0        0        0
        0        0        0        0        0        0        0        0        0        0
        0        0        0        0        0        0        0        0        0        0
        0        0        0        0        0        0        0        0        0        0
        0        0        0        0        0        0        0        0        0        0
        0        0        0        0        0        0        0        0        0        0
        0        0        0        0        0        0        0        0        0        0
        0        0        0        0        0        0        0        0        0        0
        0        0        0        0        0        0        0        0        0        0
      inf   0.8358   0.8356   0.8364   0.8367   0.8363   0.8362   0.8361   0.8363   0.8364
      inf   0.8312   0.8309   0.8320   0.8321   0.8323   0.8320   0.8317   0.8320   0.8320
      inf   0.8256   0.8251   0.8264   0.8262   0.8269   0.8268   0.8264   0.8267   0.8267
      inf   0.8231   0.8238   0.8231   0.8227   0.8229   0.8231   0.8232   0.8232   0.8230
      inf   0.8168   0.8171   0.8168   0.8172   0.8174   0.8174   0.8174   0.8173   0.8175
      inf   0.8145   0.8129   0.8137   0.8129   0.8128   0.8132   0.8130   0.8131   0.8128
      inf   0.8076   0.8060   0.8058   0.8070   0.8079   0.8080   0.8074   0.8072   0.8076
      inf   0.8020   0.8007   0.8013   0.8017   0.8021   0.8022   0.8019   0.8019   0.8020
      inf   0.7921   0.7945   0.7952   0.7963   0.7972   0.7963   0.7965   0.7965   0.7967
      inf   0.7957   0.7960   0.7954   0.7937   0.7939   0.7943   0.7948   0.7946   0.7940
      inf   0.7780   0.7841   0.7845   0.7836   0.7839   0.7837   0.7837   0.7841   0.7836
      inf   0.7671   0.7770   0.7767   0.7753   0.7754   0.7727   0.7744   0.7748   0.7742
      inf   0.7728   0.7740   0.7717   0.7707   0.7708   0.7710   0.7717   0.7711   0.7706
      inf   0.7685   0.7667   0.7672   0.7612   0.7624   0.7634   0.7644   0.7643   0.7618
      inf   0.7547   0.7546   0.7508   0.7515   0.7499   0.7506   0.7512   0.7505   0.7505
      inf   0.7563   0.7578   0.7565   0.7536   0.7524   0.7533   0.7537   0.7540   0.7530
      inf   0.7453   0.7410   0.7440   0.7428   0.7366   0.7382   0.7380   0.7398   0.7395
      inf   0.7178   0.7223   0.7259   0.7265   0.7258   0.7246   0.7250   0.7259   0.7264
      inf   0.7164   0.7234   0.7229   0.7225   0.7207   0.7208   0.7214   0.7219   0.7217
      inf   0.4318  -0.1350  -0.3272  -0.4105  -0.4670  -0.4799  -0.3105  -0.1825  -0.0893
      inf   0.6935   0.6980   0.6987   0.6945   0.6950   0.6951   0.6965   0.6964   0.6947
      inf  -0.0692  -0.3776  -0.4787  -0.5326  -0.5609  -0.4682  -0.3033  -0.1805  -0.0830
      inf   0.6439   0.6477   0.6435   0.6483   0.6492   0.6475   0.6488   0.6472   0.6496
      inf   0.6155   0.6211   0.6129   0.6244   0.6183   0.6180   0.6189   0.6159   0.6211
      inf   0.5653   0.5623   0.1836  -0.0174  -0.1381  -0.2097  -0.2668  -0.1672  -0.0789
      inf   0.5874   0.5869   0.6043   0.5927   0.4077   0.2389   0.1235   0.0281  -0.0363
     -inf  -0.4587  -0.5418  -0.5320  -0.3925  -0.2115  -0.0983   0.0045   0.0697   0.0674
      inf   0.4765   0.1356   0.0465   0.1394   0.2138   0.2606   0.1936   0.1506   0.1808
     -inf   0.4041   0.4581   0.4842   0.2985   0.3393   0.2728   0.1863   0.0944   0.1136
      inf  -0.0456   0.0912   0.1403   0.1161   0.1755   0.1490   0.0616   0.0072  -0.0525
        0        0        0        0        0        0        0        0        0        0
        0        0        0        0        0        0        0        0        0        0
        0        0        0        0        0        0        0        0        0        0
        0        0        0        0        0        0        0        0        0        0
        0        0        0        0        0        0        0        0        0        0
        0        0        0        0        0        0        0        0        0        0
        0        0        0        0        0        0        0        0        0        0
        0        0        0        0        0        0        0        0        0        0
        0        0        0        0        0        0        0        0        0        0
        0        0        0        0        0        0        0        0        0        0
        0        0        0        0        0        0        0        0        0        0
        0        0        0        0        0        0        0        0        0        0
        0        0        0        0        0        0        0        0        0        0
        0        0        0        0        0        0        0        0        0        0
        0        0        0        0        0        0        0        0        0        0
        0        0        0        0        0        0        0        0        0        0
        0        0        0        0        0        0        0        0        0        0
        0        0        0        0        0        0        0        0        0        0
        0        0        0        0        0        0        0        0        0        0
        0        0        0        0        0        0        0        0        0        0
        0        0        0        0        0        0        0        0        0        0
        0        0        0        0        0        0        0        0        0        0
        0        0        0        0        0        0        0        0        0        0
        0        0        0        0        0        0        0        0        0        0
        0        0        0        0        0        0        0        0        0        0
        0        0        0        0        0        0        0        0        0        0
        0        0        0        0        0        0        0        0        0        0
        0        0        0        0        0        0        0        0        0        0
        0        0        0        0        0        0        0        0        0        0
        0        0        0        0        0        0        0        0        0        0
        0        0        0        0        0        0        0        0        0        0
        0        0        0        0        0        0        0        0        0        0
        0        0        0        0        0        0        0        0        0        0
        0        0        0        0        0        0        0        0        0        0
        0        0        0        0        0        0        0        0        0        0
        0        0        0        0        0        0        0        0        0        0
        0        0        0        0        0        0        0        0        0        0
        0        0        0        0        0        0        0        0        0        0
        0        0        0        0        0        0        0        0        0        0
        0        0        0        0        0        0        0        0        0        0
        0        0        0        0        0        0        0        0        0        0
        0        0        0        0        0        0        0        0        0        0
        0        0        0        0        0        0        0        0        0        0
        0        0        0        0        0        0        0        0        0        0
        0        0        0        0        0        0        0        0        0        0
        0        0        0        0        0        0        0        0        0        0
        0        0        0        0        0        0        0        0        0        0
        0        0        0        0        0        0        0        0        0        0
        0        0        0        0        0        0        0        0        0        0
        0        0        0        0        0        0        0        0        0        0
        0        0        0        0        0        0        0        0        0        0
        0        0        0        0        0        0        0        0        0        0
        0        0        0        0        0        0        0        0        0        0
        0        0        0        0        0        0        0        0        0        0
        0        0        0        0        0        0        0        0        0        0
        0        0        0        0        0        0        0        0        0        0
        0        0        0        0        0        0        0        0        0        0
        0        0        0        0        0        0        0        0        0        0
        0        0        0        0        0        0        0        0        0        0
        0        0        0        0        0        0        0        0        0        0

        0        0        0        0        0        0        0        0        0        0
        0        0        0        0        0        0        0        0        0        0
        0        0        0        0        0        0        0        0        0        0
        0        0        0        0        0        0        0        0        0        0
        0        0        0        0        0        0        0        0        0        0
        0        0        0        0        0        0        0        0        0        0
        0        0        0        0        0        0        0        0        0        0
        0        0        0        0        0        0        0        0        0        0
        0        0        0        0        0        0        0        0        0        0
        0        0        0        0        0        0        0        0        0        0
        0        0        0        0        0        0        0        0        0        0
        0        0        0        0        0        0        0        0        0        0
        0        0        0        0        0        0        0        0        0        0
        0        0        0        0        0        0        0        0        0        0
        0        0        0        0        0        0        0        0        0        0
        0        0        0        0        0        0        0        0        0        0
        0        0        0        0        0        0        0        0        0        0
        0        0        0        0        0        0        0        0        0        0
        0        0        0        0        0        0        0        0        0        0
        0        0        0        0        0        0        0        0        0        0
        0        0        0        0        0        0        0        0        0        0
        0        0        0        0        0        0        0        0        0        0
        0        0        0        0        0        0        0        0        0        0
        0        0        0        0        0        0        0        0        0        0
        0        0        0        0        0        0        0        0        0        0
        0        0        0        0        0        0        0        0        0        0
        0        0        0        0        0        0        0        0        0        0
        0        0        0        0        0        0        0        0        0        0
        0        0        0        0        0        0        0        0        0        0
        0        0        0        0        0        0        0        0        0        0
      inf   0.8358   0.8356   0.8364   0.8367   0.8363   0.8362   0.8361   0.8363   0.8364
      inf   0.8312   0.8309   0.8320   0.8321   0.8323   0.8320   0.8317   0.8320   0.8320
      inf   0.8256   0.8251   0.8264   0.8262   0.8269   0.8268   0.8264   0.8267   0.8267
      inf   0.8231   0.8238   0.8231   0.8227   0.8229   0.8231   0.8232   0.8232   0.8230
      inf   0.8168   0.8171   0.8168   0.8172   0.8174   0.8174   0.8174   0.8173   0.8175
      inf   0.8145   0.8129   0.8137   0.8129   0.8128   0.8132   0.8130   0.8131   0.8128
      inf   0.8076   0.8060   0.8058   0.8070   0.8079   0.8080   0.8074   0.8072   0.8076
      inf   0.8020   0.8007   0.8013   0.8017   0.8021   0.8022   0.8019   0.8019   0.8020
      inf   0.7921   0.7945   0.7952   0.7963   0.7972   0.7963   0.7965   0.7965   0.7967
      inf   0.7957   0.7960   0.7954   0.7937   0.7939   0.7943   0.7948   0.7946   0.7940
      inf   0.7780   0.7841   0.7845   0.7836   0.7839   0.7837   0.7837   0.7841   0.7836
      inf   0.7671   0.7770   0.7767   0.7753   0.7754   0.7727   0.7744   0.7748   0.7742
      inf   0.7728   0.7740   0.7717   0.7707   0.7708   0.7710   0.7717   0.7711   0.7706
      inf   0.7685   0.7667   0.7672   0.7612   0.7624   0.7634   0.7644   0.7643   0.7618
      inf   0.7547   0.7546   0.7508   0.7515   0.7499   0.7506   0.7512   0.7505   0.7505
      inf   0.7563   0.7578   0.7565   0.7536   0.7524   0.7533   0.7537   0.7540   0.7530
      inf   0.7453   0.7410   0.7440   0.7428   0.7366   0.7382   0.7380   0.7398   0.7395
      inf   0.7178   0.7223   0.7259   0.7265   0.7258   0.7246   0.7250   0.7259   0.7264
      inf   0.7164   0.7234   0.7229   0.7225   0.7207   0.7208   0.7214   0.7219   0.7217
      inf   0.6604   0.6811   0.6913   0.6835   0.6855   0.6808   0.6844   0.6880   0.6845
      inf   0.6935   0.6980   0.6987   0.6945   0.6950   0.6951   0.6965   0.6964   0.6947
      inf   0.6183   0.6522   0.6617   0.6699   0.6708   0.6567   0.6610   0.6632   0.6669
      inf   0.6439   0.6477   0.6435   0.6483   0.6492   0.6475   0.6488   0.6472   0.6496
      inf   0.6155   0.6211   0.6130   0.6245   0.6186   0.6182   0.6191   0.6162   0.6212
      inf   0.5653   0.5701   0.5714   0.5836   0.5911   0.5872   0.5903   0.5834   0.5884
      inf   0.5874   0.5869   0.6043   0.5941   0.5817   0.5857   0.5833   0.5903   0.5866
      inf   0.4716   0.5483   0.5363   0.5303   0.5283   0.5204   0.5348   0.5337   0.5289
      inf   0.4765   0.4330   0.4501   0.4504   0.4632   0.4684   0.4567   0.4578   0.4576
      inf   0.4581   0.4861   0.5029   0.4697   0.4763   0.4771   0.4711   0.4809   0.4677
      inf   0.3796   0.3720   0.3585   0.3504   0.3781   0.3738   0.3868   0.3947   0.4097
        0        0        0        0        0        0        0        0        0        0
        0        0        0        0        0        0        0        0        0        0
        0        0        0        0        0        0        0        0        0        0
        0        0        0        0        0        0        0        0        0        0
        0        0        0        0        0        0        0        0        0        0
        0        0        0        0        0        0        0        0        0        0
        0        0        0        0        0        0        0        0        0        0
        0        0        0        0        0        0        0        0        0        0
        0        0        0        0        0        0        0        0        0        0
        0        0        0        0        0        0        0        0        0        0
        0        0        0        0        0        0        0        0        0        0
        0        0        0        0        0        0        0        0        0        0
        0        0        0        0        0        0        0        0        0        0
        0        0        0        0        0        0        0        0        0        0
        0        0        0        0        0        0        0        0        0        0
        0        0        0        0        0        0        0        0        0        0
        0        0        0        0        0        0        0        0        0        0
        0        0        0        0        0        0        0        0        0        0
        0        0        0        0        0        0        0        0        0        0
        0        0        0        0        0        0        0        0        0        0
        0        0        0        0        0        0        0        0        0        0
        0        0        0        0        0        0        0        0        0        0
        0        0        0        0        0        0        0        0        0        0
        0        0        0        0        0        0        0        0        0        0
        0        0        0        0        0        0        0        0        0        0
        0        0        0        0        0        0        0        0        0        0
        0        0        0        0        0        0        0        0        0        0
        0        0        0        0        0        0        0        0        0        0
        0        0        0        0        0        0        0        0        0        0
        0        0        0        0        0        0        0        0        0        0
        0        0        0        0        0        0        0        0        0        0
        0        0        0        0        0        0        0        0        0        0
        0        0        0        0        0        0        0        0        0        0
        0        0        0        0        0        0        0        0        0        0
        0        0        0        0        0        0        0        0        0        0
        0        0        0        0        0        0        0        0        0        0
        0        0        0        0        0        0        0        0        0        0
        0        0        0        0        0        0        0        0        0        0
        0        0        0        0        0        0        0        0        0        0
        0        0        0        0        0        0        0        0        0        0
        0        0        0        0        0        0        0        0        0        0
        0        0        0        0        0        0        0        0        0        0
        0        0        0        0        0        0        0        0        0        0
        0        0        0        0        0        0        0        0        0        0
        0        0        0        0        0        0        0        0        0        0
        0        0        0        0        0        0        0        0        0        0
        0        0        0        0        0        0        0        0        0        0
        0        0        0        0        0        0        0        0        0        0
        0        0        0        0        0        0        0        0        0        0
        0        0        0        0        0        0        0        0        0        0
        0        0        0        0        0        0        0        0        0        0
        0        0        0        0        0        0        0        0        0        0
        0        0        0        0        0        0        0        0        0        0
        0        0        0        0        0        0        0        0        0        0
        0        0        0        0        0        0        0        0        0        0
        0        0        0        0        0        0        0        0        0        0
        0        0        0        0        0        0        0        0        0        0
        0        0        0        0        0        0        0        0        0        0
        0        0        0        0        0        0        0        0        0        0
        0        0        0        0        0        0        0        0        0        0

        0        0        0        0        0        0        0        0        0        0
        0        0        0        0        0        0        0        0        0        0
        0        0        0        0        0        0        0        0        0        0
        0        0        0        0        0        0        0        0        0        0
        0        0        0        0        0        0        0        0        0        0
        0        0        0        0        0        0        0        0        0        0
        0        0        0        0        0        0        0        0        0        0
        0        0        0        0        0        0        0        0        0        0
        0        0        0        0        0        0        0        0        0        0
        0        0        0        0        0        0        0        0        0        0
        0        0        0        0        0        0        0        0        0        0
        0        0        0        0        0        0        0        0        0        0
        0        0        0        0        0        0        0        0        0        0
        0        0        0        0        0        0        0        0        0        0
        0        0        0        0        0        0        0        0        0        0
        0        0        0        0        0        0        0        0        0        0
        0        0        0        0        0        0        0        0        0        0
        0        0        0        0        0        0        0        0        0        0
        0        0        0        0        0        0        0        0        0        0
        0        0        0        0        0        0        0        0        0        0
        0        0        0        0        0        0        0        0        0        0
        0        0        0        0        0        0        0        0        0        0
        0        0        0        0        0        0        0        0        0        0
        0        0        0        0        0        0        0        0        0        0
        0        0        0        0        0        0        0        0        0        0
        0        0        0        0        0        0        0        0        0        0
        0        0        0        0        0        0        0        0        0        0
        0        0        0        0        0        0        0        0        0        0
        0        0        0        0        0        0        0        0        0        0
        0        0        0        0        0        0        0        0        0        0
      nan   1.1137   1.1189   1.1152   1.1230   1.1292   1.1285   1.1303   1.1268   1.1292
      nan   1.1931   1.1958   1.1739   1.1641   1.1570   1.1634   1.1700   1.1669   1.1632
      nan   1.2250   1.2338   1.2091   1.2092   1.2004   1.1999   1.2065   1.2017   1.2013
      nan   1.2409   1.2374   1.2291   1.2332   1.2155   1.2187   1.2214   1.2207   1.2221
      nan   1.2719   1.2671   1.2625   1.2423   1.2322   1.2385   1.2418   1.2428   1.2347
      nan   1.2587   1.2927   1.2658   1.2663   1.2648   1.2628   1.2709   1.2652   1.2647
      nan   1.2207   1.2560   1.2777   1.2636   1.2525   1.2459   1.2557   1.2627   1.2581
      nan   1.3441   1.3149   1.3199   1.3201   1.3115   1.3160   1.3099   1.3098   1.3128
      nan   1.3003   1.3048   1.3085   1.3070   1.3010   1.2998   1.3020   1.3040   1.3018
      nan   1.2531   1.2793   1.3028   1.3265   1.3237   1.3128   1.3104   1.3153   1.3262
      nan   1.5522   1.4413   1.4061   1.4368   1.4430   1.4491   1.4437   1.4313   1.4436
      nan   1.5074   1.4302   1.4294   1.4793   1.4867   1.5230   1.4962   1.4889   1.5041
      nan   1.4257   1.4107   1.4584   1.4683   1.4755   1.4649   1.4560   1.4654   1.4721
      nan   1.4379   1.4759   1.4734   1.5307   1.5275   1.5120   1.5066   1.5038   1.5296
      nan   1.6277   1.6491   1.6781   1.6376   1.6495   1.6414   1.6465   1.6580   1.6443
      nan   1.5301   1.4860   1.4986   1.5336   1.5453   1.5410   1.5335   1.5281   1.5416
      nan   1.6403   1.6996   1.6217   1.5919   1.6635   1.6665   1.6798   1.6560   1.6392
      nan   1.6545   1.6842   1.6457   1.6220   1.6365   1.6352   1.6474   1.6374   1.6292
      nan   1.7406   1.7270   1.7089   1.7007   1.6964   1.6997   1.7049   1.7022   1.6984
      nan   2.2661   2.0325   1.9308   1.9772   1.9343   1.9842   1.9657   1.9329   1.9560
      nan   1.8137   1.8499   1.8739   1.8392   1.8380   1.8294   1.8326   1.8432   1.8366
      nan   2.3899   2.1164   2.0731   2.0067   1.9934   2.1290   2.0766   2.0665   2.0405
      nan   2.0233   1.9702   2.0129   2.0500   2.0374   2.0245   2.0141   2.0205   2.0200
      nan   2.3969   2.3497   2.4075   2.2522   2.2794   2.3033   2.2993   2.3283   2.2704
      nan   2.0417   2.3537   2.2588   2.2424   2.2265   2.2112   2.2296   2.2445   2.2374
      nan   2.2324   2.4083   2.2979   2.3856   2.4067   2.3479   2.4006   2.3578   2.3923
      nan   2.2344   2.3529   2.3029   2.2373   2.2179   2.2280   2.2601   2.2413   2.2201
      nan   2.1613   2.2113   2.2845   2.3363   2.4037   2.3586   2.3396   2.3525   2.3733
      nan   2.2286   2.2839   2.1519   2.2103   2.2164   2.1950   2.2204   2.1863   2.2047
      nan   2.2938   2.2159   2.0800   2.1070   2.1781   2.1798   2.1809   2.2214   2.2491
        0        0        0        0        0        0        0        0        0        0
        0        0        0        0        0        0        0        0        0        0
        0        0        0        0        0        0        0        0        0        0
        0        0        0        0        0        0        0        0        0        0
        0        0        0        0        0        0        0        0        0        0
        0        0        0        0        0        0        0        0        0        0
        0        0        0        0        0        0        0        0        0        0
        0        0        0        0        0        0        0        0        0        0
        0        0        0        0        0        0        0        0        0        0
        0        0        0        0        0        0        0        0        0        0
        0        0        0        0        0        0        0        0        0        0
        0        0        0        0        0        0        0        0        0        0
        0        0        0        0        0        0        0        0        0        0
        0        0        0        0        0        0        0        0        0        0
        0        0        0        0        0        0        0        0        0        0
        0        0        0        0        0        0        0        0        0        0
        0        0        0        0        0        0        0        0        0        0
        0        0        0        0        0        0        0        0        0        0
        0        0        0        0        0        0        0        0        0        0
        0        0        0        0        0        0        0        0        0        0
        0        0        0        0        0        0        0        0        0        0
        0        0        0        0        0        0        0        0        0        0
        0        0        0        0        0        0        0        0        0        0
        0        0        0        0        0        0        0        0        0        0
        0        0        0        0        0        0        0        0        0        0
        0        0        0        0        0        0        0        0        0        0
        0        0        0        0        0        0        0        0        0        0
        0        0        0        0        0        0        0        0        0        0
        0        0        0        0        0        0        0        0        0        0
        0        0        0        0        0        0        0        0        0        0
        0        0        0        0        0        0        0        0        0        0
        0        0        0        0        0        0        0        0        0        0
        0        0        0        0        0        0        0        0        0        0
        0        0        0        0        0        0        0        0        0        0
        0        0        0        0        0        0        0        0        0        0
        0        0        0        0        0        0        0        0        0        0
        0        0        0        0        0        0        0        0        0        0
        0        0        0        0        0        0        0        0        0        0
        0        0        0        0        0        0        0        0        0        0
        0        0        0        0        0        0        0        0        0        0
        0        0        0        0        0        0        0        0        0        0
        0        0        0        0        0        0        0        0        0        0
        0        0        0        0        0        0        0        0        0        0
        0        0        0        0        0        0        0        0        0        0
        0        0        0        0        0        0        0        0        0        0
        0        0        0        0        0        0        0        0        0        0
        0        0        0        0        0        0        0        0        0        0
        0        0        0        0        0        0        0        0        0        0
        0        0        0        0        0        0        0        0        0        0
        0        0        0        0        0        0        0        0        0        0
        0        0        0        0        0        0        0        0        0        0
        0        0        0        0        0        0        0        0        0        0
        0        0        0        0        0        0        0        0        0        0
        0        0        0        0        0        0        0        0        0        0
        0        0        0        0        0        0        0        0        0        0
        0        0        0        0        0        0        0        0        0        0
        0        0        0        0        0        0        0        0        0        0
        0        0        0        0        0        0        0        0        0        0
        0        0        0        0        0        0        0        0        0        0
        0        0        0        0        0        0        0        0        0        0

            0            0            0            0            0            0            0            0            0            0
            0            0            0            0            0            0            0            0            0            0
            0            0            0            0            0            0            0            0            0            0
            0            0            0            0            0            0            0            0            0            0
            0            0            0            0            0            0            0            0            0            0
            0            0            0            0            0            0            0            0            0            0
            0            0            0            0            0            0            0            0            0            0
            0            0            0            0            0            0            0            0            0            0
            0            0            0            0            0            0            0            0            0            0
            0            0            0            0            0            0            0            0            0            0
            0            0            0            0            0            0            0            0            0            0
            0            0            0            0            0            0            0            0            0            0
            0            0            0            0            0            0            0            0            0            0
            0            0            0            0            0            0            0            0            0            0
            0            0            0            0            0            0            0            0            0            0
            0            0            0            0            0            0            0            0            0            0
            0            0            0            0            0            0            0            0            0            0
            0            0            0            0            0            0            0            0            0            0
            0            0            0            0            0            0            0            0            0            0
            0            0            0            0            0            0            0            0            0            0
            0            0            0            0            0            0            0            0            0            0
            0            0            0            0            0            0            0            0            0            0
            0            0            0            0            0            0            0            0            0            0
            0            0            0            0            0            0            0            0            0            0
            0            0            0            0            0            0            0            0            0            0
            0            0            0            0            0            0            0            0            0            0
            0            0            0            0            0            0            0            0            0            0
            0            0            0            0            0            0            0            0            0            0
            0            0            0            0            0            0            0            0            0            0
            0            0            0            0            0            0            0            0            0            0
          nan   1.5447e+00   1.5945e+00   1.5508e+00   1.6014e+00   1.7095e+00   1.6883e+00   1.6889e+00   1.6598e+00   1.6700e+00
          nan   1.9806e+00   2.0009e+00   1.8789e+00   1.8485e+00   1.8399e+00   1.9017e+00   1.9344e+00   1.9019e+00   1.8859e+00
          nan   2.3219e+00   2.6278e+00   2.3489e+00   2.3490e+00   2.2716e+00   2.2625e+00   2.3614e+00   2.2898e+00   2.2910e+00
          nan   2.6455e+00   2.4031e+00   2.3330e+00   2.4060e+00   2.3169e+00   2.3630e+00   2.3414e+00   2.3181e+00   2.3464e+00
          nan   2.7568e+00   2.7425e+00   2.6124e+00   2.5438e+00   2.4688e+00   2.5153e+00   2.5477e+00   2.5182e+00   2.4722e+00
          nan   2.5234e+00   2.9884e+00   2.6905e+00   2.7755e+00   2.8815e+00   2.8070e+00   2.8968e+00   2.8126e+00   2.8317e+00
          nan   2.8812e+00   3.1957e+00   3.2023e+00   3.0236e+00   2.8773e+00   2.8616e+00   2.9758e+00   3.0043e+00   2.9408e+00
          nan   3.4464e+00   3.2558e+00   3.2645e+00   3.2209e+00   3.1848e+00   3.2207e+00   3.1865e+00   3.2006e+00   3.1925e+00
          nan   4.2063e+00   3.7800e+00   3.7241e+00   3.4971e+00   3.4190e+00   3.5579e+00   3.5221e+00   3.5330e+00   3.4492e+00
          nan   2.5502e+00   2.6909e+00   2.9200e+00   3.1681e+00   3.1742e+00   3.0754e+00   3.0133e+00   3.0674e+00   3.1640e+00
          nan   8.0160e+00   5.6146e+00   5.0345e+00   5.1416e+00   5.2324e+00   5.3778e+00   5.3838e+00   5.1940e+00   5.2239e+00
          nan   6.6410e+00   5.1227e+00   5.0930e+00   6.3285e+00   7.3250e+00   8.2657e+00   7.6256e+00   7.3068e+00   7.6019e+00
          nan   4.3720e+00   4.3959e+00   5.1341e+00   5.3124e+00   5.6680e+00   5.4453e+00   5.2873e+00   5.4437e+00   5.5153e+00
          nan   4.9440e+00   5.8437e+00   5.5144e+00   8.7545e+00   8.1068e+00   7.5939e+00   7.2100e+00   7.1094e+00   8.3935e+00
          nan   7.8769e+00   7.6481e+00   1.0509e+01   9.6215e+00   1.0277e+01   9.8721e+00   9.5173e+00   1.0312e+01   9.9857e+00
          nan   5.2212e+00   4.8855e+00   5.1008e+00   6.2348e+00   6.3792e+00   6.1582e+00   5.9925e+00   5.8836e+00   6.3037e+00
          nan   8.0698e+00   1.0009e+01   8.5968e+00   8.4309e+00   1.2056e+01   1.1444e+01   1.1509e+01   1.0813e+01   1.0499e+01
          nan   1.0864e+01   1.1103e+01   9.9105e+00   9.3758e+00   9.3992e+00   9.6219e+00   9.8872e+00   9.5806e+00   9.3711e+00
          nan   1.2701e+01   1.1024e+01   1.0290e+01   1.0473e+01   1.1313e+01   1.1382e+01   1.1227e+01   1.0926e+01   1.0931e+01
          nan   7.8381e+02   1.3143e+03   1.0905e+03   8.8760e+02   7.4966e+02   7.0341e+02   1.0959e+03   1.2866e+03   1.3467e+03
          nan   1.7290e+01   1.5758e+01   1.4709e+01   1.5818e+01   1.5148e+01   1.5474e+01   1.5244e+01   1.4946e+01   1.5427e+01
          nan   1.1614e+03   8.6139e+02   6.3847e+02   5.0691e+02   4.1854e+02   6.5231e+02   1.0256e+03   1.1993e+03   1.2829e+03
          nan   3.0546e+01   2.7246e+01   2.9576e+01   2.9908e+01   2.9500e+01   2.9489e+01   2.8735e+01   2.9440e+01   2.9086e+01
          nan   5.0558e+01   5.0703e+01   5.8930e+01   4.8873e+01   5.4382e+01   5.3838e+01   5.3345e+01   5.6089e+01   5.2037e+01
          nan   5.0272e+01   9.7040e+01   8.8935e+02   1.0173e+03   9.8438e+02   9.0080e+02   8.3450e+02   9.3815e+02   1.0137e+03
          nan   4.3284e+01   4.7009e+01   4.1019e+01   6.0671e+01   5.5110e+02   8.6515e+02   9.7518e+02   1.0351e+03   1.0263e+03
          nan   1.4804e+02   1.0473e+02   8.8956e+01   4.3056e+02   7.3278e+02   8.1606e+02   8.8073e+02   8.6043e+02   8.4671e+02
          nan   7.1916e+01   5.7015e+02   6.5976e+02   6.2041e+02   5.7971e+02   5.2386e+02   5.8313e+02   6.2717e+02   6.0169e+02
          nan   2.0887e+02   1.5103e+02   1.2113e+02   4.5801e+02   3.9828e+02   5.1155e+02   6.0877e+02   7.0251e+02   6.6448e+02
          nan   5.1036e+02   4.7043e+02   4.0853e+02   4.1376e+02   4.2244e+02   4.3688e+02   5.1386e+02   5.4409e+02   5.6808e+02
            0            0            0            0            0            0            0            0            0            0
            0            0            0            0            0            0            0            0            0            0
            0            0            0            0            0            0            0            0            0            0
            0            0            0            0            0            0            0            0            0            0
            0            0            0            0            0            0            0            0            0            0
            0            0            0            0            0            0            0            0            0            0
            0            0            0            0            0            0            0            0            0            0
            0            0            0            0            0            0            0            0            0            0
            0            0            0            0            0            0            0            0            0            0
            0            0            0            0            0            0            0            0            0            0
            0            0            0            0            0            0            0            0            0            0
            0            0            0            0            0            0            0            0            0            0
            0            0            0            0            0            0            0            0            0            0
            0            0            0            0            0            0            0            0            0            0
            0            0            0            0            0            0            0            0            0            0
            0            0            0            0            0            0            0            0            0            0
            0            0            0            0            0            0            0            0            0            0
            0            0            0            0            0            0            0            0            0            0
            0            0            0            0            0            0            0            0            0            0
            0            0            0            0            0            0            0            0            0            0
            0            0            0            0            0            0            0            0            0            0
            0            0            0            0            0            0            0            0            0            0
            0            0            0            0            0            0            0            0            0            0
            0            0            0            0            0            0            0            0            0            0
            0            0            0            0            0            0            0            0            0            0
            0            0            0            0            0            0            0            0            0            0
            0            0            0            0            0            0            0            0            0            0
            0            0            0            0            0            0            0            0            0            0
            0            0            0            0            0            0            0            0            0            0
            0            0            0            0            0            0            0            0            0            0
            0            0            0            0            0            0            0            0            0            0
            0            0            0            0            0            0            0            0            0            0
            0            0            0            0            0            0            0            0            0            0
            0            0            0            0            0            0            0            0            0            0
            0            0            0            0            0            0            0            0            0            0
            0            0            0            0            0            0            0            0            0            0
            0            0            0            0            0            0            0            0            0            0
            0            0            0            0            0            0            0            0            0            0
            0            0            0            0            0            0            0            0            0            0
            0            0            0            0            0            0            0            0            0            0
            0            0            0            0            0            0            0            0            0            0
            0            0            0            0            0            0            0            0            0            0
            0            0            0            0            0            0            0            0            0            0
            0            0            0            0            0            0            0            0            0            0
            0            0            0            0            0            0            0            0            0            0
            0            0            0            0            0            0            0            0            0            0
            0            0            0            0            0            0            0            0            0            0
            0            0            0            0            0            0            0            0            0            0
            0            0            0            0            0            0            0            0            0            0
            0            0            0            0            0            0            0            0            0            0
            0            0            0            0            0            0            0            0            0            0
            0            0            0            0            0            0            0            0            0            0
            0            0            0            0            0            0            0            0            0            0
            0            0            0            0            0            0            0            0            0            0
            0            0            0            0            0            0            0            0            0            0
            0            0            0            0            0            0            0            0            0            0
            0            0            0            0            0            0            0            0            0            0
            0            0            0            0            0            0            0            0            0            0
            0            0            0            0            0            0            0            0            0            0
            0            0            0            0            0            0            0            0            0            0

            0            0            0            0            0            0            0            0            0            0
            0            0            0            0            0            0            0            0            0            0
            0            0            0            0            0            0            0            0            0            0
            0            0            0            0            0            0            0            0            0            0
            0            0            0            0            0            0            0            0            0            0
            0            0            0            0            0            0            0            0            0            0
            0            0            0            0            0            0            0            0            0            0
            0            0            0            0            0            0            0            0            0            0
            0            0            0            0            0            0            0            0            0            0
            0            0            0            0            0            0            0            0            0            0
            0            0            0            0            0            0            0            0            0            0
            0            0            0            0            0            0            0            0            0            0
            0            0            0            0            0            0            0            0            0            0
            0            0            0            0            0            0            0            0            0            0
            0            0            0            0            0            0            0            0            0            0
            0            0            0            0            0            0            0            0            0            0
            0            0            0            0            0            0            0            0            0            0
            0            0            0            0            0            0            0            0            0            0
            0            0            0            0            0            0            0            0            0            0
            0            0            0            0            0            0            0            0            0            0
            0            0            0            0            0            0            0            0            0            0
            0            0            0            0            0            0            0            0            0            0
            0            0            0            0            0            0            0            0            0            0
            0            0            0            0            0            0            0            0            0            0
            0            0            0            0            0            0            0            0            0            0
            0            0            0            0            0            0            0            0            0            0
            0            0            0            0            0            0            0            0            0            0
            0            0            0            0            0            0            0            0            0            0
            0            0            0            0            0            0            0            0            0            0
            0            0            0            0            0            0            0            0            0            0
          nan   1.5447e+00   1.5945e+00   1.5508e+00   1.6014e+00   1.7095e+00   1.6883e+00   1.6889e+00   1.6598e+00   1.6700e+00
          nan   1.9806e+00   2.0009e+00   1.8789e+00   1.8485e+00   1.8399e+00   1.9017e+00   1.9344e+00   1.9019e+00   1.8859e+00
          nan   2.3219e+00   2.6278e+00   2.3489e+00   2.3490e+00   2.2716e+00   2.2625e+00   2.3614e+00   2.2898e+00   2.2910e+00
          nan   2.6455e+00   2.4031e+00   2.3330e+00   2.4060e+00   2.3169e+00   2.3630e+00   2.3414e+00   2.3181e+00   2.3464e+00
          nan   2.7568e+00   2.7425e+00   2.6124e+00   2.5438e+00   2.4688e+00   2.5153e+00   2.5477e+00   2.5182e+00   2.4722e+00
          nan   2.5234e+00   2.9884e+00   2.6905e+00   2.7755e+00   2.8815e+00   2.8070e+00   2.8968e+00   2.8126e+00   2.8317e+00
          nan   2.8812e+00   3.1957e+00   3.2023e+00   3.0236e+00   2.8773e+00   2.8616e+00   2.9758e+00   3.0043e+00   2.9408e+00
          nan   3.4464e+00   3.2558e+00   3.2645e+00   3.2209e+00   3.1848e+00   3.2207e+00   3.1865e+00   3.2006e+00   3.1925e+00
          nan   4.2063e+00   3.7800e+00   3.7241e+00   3.4971e+00   3.4190e+00   3.5579e+00   3.5221e+00   3.5330e+00   3.4492e+00
          nan   2.5502e+00   2.6909e+00   2.9200e+00   3.1681e+00   3.1742e+00   3.0754e+00   3.0133e+00   3.0674e+00   3.1640e+00
          nan   8.0160e+00   5.6146e+00   5.0345e+00   5.1416e+00   5.2324e+00   5.3778e+00   5.3838e+00   5.1940e+00   5.2239e+00
          nan   6.6410e+00   5.1227e+00   5.0930e+00   6.3285e+00   7.3250e+00   8.2657e+00   7.6256e+00   7.3068e+00   7.6019e+00
          nan   4.3720e+00   4.3959e+00   5.1341e+00   5.3124e+00   5.6680e+00   5.4453e+00   5.2873e+00   5.4437e+00   5.5153e+00
          nan   4.9440e+00   5.8437e+00   5.5144e+00   8.7545e+00   8.1068e+00   7.5939e+00   7.2100e+00   7.1094e+00   8.3935e+00
          nan   7.8769e+00   7.6481e+00   1.0509e+01   9.6215e+00   1.0277e+01   9.8721e+00   9.5173e+00   1.0312e+01   9.9857e+00
          nan   5.2212e+00   4.8855e+00   5.1008e+00   6.2348e+00   6.3792e+00   6.1582e+00   5.9925e+00   5.8836e+00   6.3037e+00
          nan   8.0698e+00   1.0009e+01   8.5968e+00   8.4309e+00   1.2056e+01   1.1444e+01   1.1509e+01   1.0813e+01   1.0499e+01
          nan   1.0864e+01   1.1103e+01   9.9105e+00   9.3758e+00   9.3992e+00   9.6219e+00   9.8872e+00   9.5806e+00   9.3711e+00
          nan   1.2701e+01   1.1024e+01   1.0290e+01   1.0473e+01   1.1313e+01   1.1382e+01   1.1227e+01   1.0926e+01   1.0931e+01
          nan   7.1750e+01   4.3661e+01   3.3506e+01   3.6050e+01   3.1966e+01   3.8746e+01   3.5353e+01   3.2416e+01   3.3780e+01
          nan   1.7290e+01   1.5758e+01   1.4709e+01   1.5818e+01   1.5148e+01   1.5474e+01   1.5244e+01   1.4946e+01   1.5427e+01
          nan   8.9877e+01   5.8819e+01   4.5983e+01   3.8388e+01   3.4587e+01   5.0587e+01   4.6681e+01   4.3304e+01   4.0227e+01
          nan   3.0546e+01   2.7246e+01   2.9576e+01   2.9908e+01   2.9500e+01   2.9489e+01   2.8735e+01   2.9440e+01   2.9086e+01
          nan   5.0554e+01   5.0701e+01   5.8575e+01   4.8602e+01   5.3388e+01   5.3010e+01   5.2634e+01   5.5336e+01   5.1363e+01
          nan   5.0272e+01   7.2263e+01   6.3908e+01   5.7930e+01   5.3197e+01   5.2763e+01   5.2633e+01   5.7433e+01   5.5230e+01
          nan   4.3284e+01   4.7009e+01   4.1019e+01   5.6007e+01   6.6633e+01   6.0704e+01   6.0946e+01   5.7107e+01   6.1828e+01
          nan   1.1436e+02   8.4994e+01   7.6064e+01   7.3505e+01   7.5009e+01   8.3064e+01   7.7938e+01   7.4649e+01   7.4254e+01
          nan   7.1916e+01   9.6524e+01   9.8424e+01   1.0676e+02   1.0686e+02   9.9502e+01   1.0388e+02   1.0363e+02   1.0689e+02
          nan   7.8696e+01   7.7348e+01   6.9524e+01   9.0298e+01   8.5980e+01   8.3495e+01   8.5482e+01   8.1217e+01   8.9326e+01
          nan   1.1442e+02   1.0771e+02   1.0498e+02   1.0903e+02   1.0965e+02   1.0905e+02   1.0724e+02   1.0979e+02   1.0769e+02
            0            0            0            0            0            0            0            0            0            0
            0            0            0            0            0            0            0            0            0            0
            0            0            0            0            0            0            0            0            0            0
            0            0            0            0            0            0            0            0            0            0
            0            0            0            0            0            0            0            0            0            0
            0            0            0            0            0            0            0            0            0            0
            0            0            0            0            0            0            0            0            0            0
            0            0            0            0            0            0            0            0            0            0
            0            0            0            0            0            0            0            0            0            0
            0            0            0            0            0            0            0            0            0            0
            0            0            0            0            0            0            0            0            0            0
            0            0            0            0            0            0            0            0            0            0
            0            0            0            0            0            0            0            0            0            0
            0            0            0            0            0            0            0            0            0            0
            0            0            0            0            0            0            0            0            0            0
            0            0            0            0            0            0            0            0            0            0
            0            0            0            0            0            0            0            0            0            0
            0            0            0            0            0            0            0            0            0            0
            0            0            0            0            0            0            0            0            0            0
            0            0            0            0            0            0            0            0            0            0
            0            0            0            0            0            0            0            0            0            0
            0            0            0            0            0            0            0            0            0            0
            0            0            0            0            0            0            0            0            0            0
            0            0            0            0            0            0            0            0            0            0
            0            0            0            0            0            0            0            0            0            0
            0            0            0            0            0            0            0            0            0            0
            0            0            0            0            0            0            0            0            0            0
            0            0            0            0            0            0            0            0            0            0
            0            0            0            0            0            0            0            0            0            0
            0            0            0            0            0            0            0            0            0            0
            0            0            0            0            0            0            0            0            0            0
            0            0            0            0            0            0            0            0            0            0
            0            0            0            0            0            0            0            0            0            0
            0            0            0            0            0            0            0            0            0            0
            0            0            0            0            0            0            0            0            0            0
            0            0            0            0            0            0            0            0            0            0
            0            0            0            0            0            0            0            0            0            0
            0            0            0            0            0            0            0            0            0            0
            0            0            0            0            0            0            0            0            0            0
            0            0            0            0            0            0            0            0            0            0
            0            0            0            0            0            0            0            0            0            0
            0            0            0            0            0            0            0            0            0            0
            0            0            0            0            0            0            0            0            0            0
            0            0            0            0            0            0            0            0            0            0
            0            0            0            0            0            0            0            0            0            0
            0            0            0            0            0            0            0            0            0            0
            0            0            0            0            0            0            0            0            0            0
            0            0            0            0            0            0            0            0            0            0
            0            0            0            0            0            0            0            0            0            0
            0            0            0            0            0            0            0            0            0            0
            0            0            0            0            0            0            0            0            0            0
            0            0            0            0            0            0            0            0            0            0
            0            0            0            0            0            0            0            0            0            0
            0            0            0            0            0            0            0            0            0            0
            0            0            0            0            0            0            0            0            0            0
            0            0            0            0            0            0            0            0            0            0
            0            0            0            0            0            0            0            0            0            0
            0            0            0            0            0            0            0            0            0            0
            0            0            0            0            0            0            0            0            0            0
            0            0            0            0            0            0            0            0            0            0

        0        0        0        0        0        0        0        0        0        0
        0        0        0        0        0        0        0        0        0        0
        0        0        0        0        0        0        0        0        0        0
        0        0        0        0        0        0        0        0        0        0
        0        0        0        0        0        0        0        0        0        0
        0        0        0        0        0        0        0        0        0        0
        0        0        0        0        0        0        0        0        0        0
        0        0        0        0        0        0        0        0        0        0
        0        0        0        0        0        0        0        0        0        0
        0        0        0        0        0        0        0        0        0        0
        0        0        0        0        0        0        0        0        0        0
        0        0        0        0        0        0        0        0        0        0
        0        0        0        0        0        0        0        0        0        0
        0        0        0        0        0        0        0        0        0        0
        0        0        0        0        0        0        0        0        0        0
        0        0        0        0        0        0        0        0        0        0
        0        0        0        0        0        0        0        0        0        0
        0        0        0        0        0        0        0        0        0        0
        0        0        0        0        0        0        0        0        0        0
        0        0        0        0        0        0        0        0        0        0
        0        0        0        0        0        0        0        0        0        0
        0        0        0        0        0        0        0        0        0        0
        0        0        0        0        0        0        0        0        0        0
        0        0        0        0        0        0        0        0        0        0
        0        0        0        0        0        0        0        0        0        0
        0        0        0        0        0        0        0        0        0        0
        0        0        0        0        0        0        0        0        0        0
        0        0        0        0        0        0        0        0        0        0
        0        0        0        0        0        0        0        0        0        0
        0        0        0        0        0        0        0        0        0        0
      inf   0.2546   0.1910   0.1696   0.1589   0.1526   0.1484   0.1454   0.1431   0.1413
      inf   0.2588   0.1942   0.1725   0.1616   0.1551   0.1509   0.1479   0.1455   0.1437
      inf   0.2631   0.1975   0.1754   0.1645   0.1579   0.1535   0.1504   0.1480   0.1462
      inf   0.2670   0.2002   0.1782   0.1671   0.1604   0.1559   0.1527   0.1504   0.1485
      inf   0.2721   0.2041   0.1816   0.1702   0.1634   0.1588   0.1556   0.1532   0.1512
      inf   0.2765   0.2075   0.1843   0.1729   0.1660   0.1613   0.1581   0.1556   0.1537
      inf   0.2803   0.2108   0.1876   0.1757   0.1685   0.1638   0.1606   0.1582   0.1561
      inf   0.2857   0.2146   0.1908   0.1788   0.1716   0.1668   0.1634   0.1609   0.1589
      inf   0.2908   0.2181   0.1939   0.1816   0.1743   0.1696   0.1661   0.1635   0.1615
      inf   0.2940   0.2205   0.1961   0.1842   0.1768   0.1719   0.1683   0.1657   0.1638
      inf   0.3013   0.2255   0.2005   0.1881   0.1805   0.1755   0.1720   0.1692   0.1672
      inf   0.3079   0.2298   0.2043   0.1917   0.1839   0.1791   0.1752   0.1725   0.1705
      inf   0.3109   0.2329   0.2074   0.1946   0.1867   0.1816   0.1778   0.1751   0.1730
      inf   0.3156   0.2369   0.2105   0.1980   0.1900   0.1846   0.1808   0.1780   0.1760
      inf   0.3227   0.2421   0.2155   0.2020   0.1941   0.1886   0.1848   0.1819   0.1797
      inf   0.3269   0.2448   0.2177   0.2043   0.1963   0.1907   0.1868   0.1838   0.1816
      inf   0.3338   0.2507   0.2223   0.2084   0.2007   0.1949   0.1910   0.1877   0.1855
      inf   0.3426   0.2565   0.2275   0.2132   0.2049   0.1992   0.1951   0.1919   0.1895
      inf   0.3461   0.2590   0.2302   0.2159   0.2074   0.2015   0.1974   0.1942   0.1919
      inf   0.3568   0.2668   0.2364   0.2222   0.2134   0.2077   0.2032   0.1997   0.1975
      inf   0.3587   0.2687   0.2389   0.2243   0.2155   0.2094   0.2050   0.2019   0.1995
      inf   0.3726   0.2772   0.2459   0.2299   0.2207   0.2154   0.2106   0.2072   0.2044
      inf   0.3769   0.2823   0.2514   0.2352   0.2257   0.2197   0.2150   0.2118   0.2090
      inf   0.3855   0.2884   0.2569   0.2401   0.2309   0.2247   0.2200   0.2167   0.2137
      inf   0.3939   0.2949   0.2626   0.2457   0.2356   0.2296   0.2245   0.2215   0.2184
      inf   0.4016   0.3006   0.2657   0.2494   0.2401   0.2334   0.2287   0.2246   0.2220
      inf   0.4175   0.3085   0.2749   0.2580   0.2477   0.2411   0.2353   0.2317   0.2291
      inf   0.4186   0.3170   0.2813   0.2638   0.2528   0.2459   0.2415   0.2377   0.2348
      inf   0.4290   0.3201   0.2834   0.2673   0.2563   0.2493   0.2446   0.2402   0.2379
      inf   0.4409   0.3315   0.2955   0.2775   0.2653   0.2582   0.2524   0.2479   0.2441
        0        0        0        0        0        0        0        0        0        0
        0        0        0        0        0        0        0        0        0        0
        0        0        0        0        0        0        0        0        0        0
        0        0        0        0        0        0        0        0        0        0
        0        0        0        0        0        0        0        0        0        0
        0        0        0        0        0        0        0        0        0        0
        0        0        0        0        0        0        0        0        0        0
        0        0        0        0        0        0        0        0        0        0
        0        0        0        0        0        0        0        0        0        0
        0        0        0        0        0        0        0        0        0        0
        0        0        0        0        0        0        0        0        0        0
        0        0        0        0        0        0        0        0        0        0
        0        0        0        0        0        0        0        0        0        0
        0        0        0        0        0        0        0        0        0        0
        0        0        0        0        0        0        0        0        0        0
        0        0        0        0        0        0        0        0        0        0
        0        0        0        0        0        0        0        0        0        0
        0        0        0        0        0        0        0        0        0        0
        0        0        0        0        0        0        0        0        0        0
        0        0        0        0        0        0        0        0        0        0
        0        0        0        0        0        0        0        0        0        0
        0        0        0        0        0        0        0        0        0        0
        0        0        0        0        0        0        0        0        0        0
        0        0        0        0        0        0        0        0        0        0
        0        0        0        0        0        0        0        0        0        0
        0        0        0        0        0        0        0        0        0        0
        0        0        0        0        0        0        0        0        0        0
        0        0        0        0        0        0        0        0        0        0
        0        0        0        0        0        0        0        0        0        0
        0        0        0        0        0        0        0        0        0        0
        0        0        0        0        0        0        0        0        0        0
        0        0        0        0        0        0        0        0        0        0
        0        0        0        0        0        0        0        0        0        0
        0        0        0        0        0        0        0        0        0        0
        0        0        0        0        0        0        0        0        0        0
        0        0        0        0        0        0        0        0        0        0
        0        0        0        0        0        0        0        0        0        0
        0        0        0        0        0        0        0        0        0        0
        0        0        0        0        0        0        0        0        0        0
        0        0        0        0        0        0        0        0        0        0
        0        0        0        0        0        0        0        0        0        0
        0        0        0        0        0        0        0        0        0        0
        0        0        0        0        0        0        0        0        0        0
        0        0        0        0        0        0        0        0        0        0
        0        0        0        0        0        0        0        0        0        0
        0        0        0        0        0        0        0        0        0        0
        0        0        0        0        0        0        0        0        0        0
        0        0        0        0        0        0        0        0        0        0
        0        0        0        0        0        0        0        0        0        0
        0        0        0        0        0        0        0        0        0        0
        0        0        0        0        0        0        0        0        0        0
        0        0        0        0        0        0        0        0        0        0
        0        0        0        0        0        0        0        0        0        0
        0        0        0        0        0        0        0        0        0        0
        0        0        0        0        0        0        0        0        0        0
        0        0        0        0        0        0        0        0        0        0
        0        0        0        0        0        0        0        0        0        0
        0        0        0        0        0        0        0        0        0        0
        0        0        0        0        0        0        0        0        0        0
        0        0        0        0        0        0        0        0        0        0

