   2.0000
   2.0050
   2.0100
   2.0150
   2.0200
   2.0250
   2.0300
   2.0350
   2.0400
   2.0450
   2.0500
   2.0550
   2.0600
   2.0650
   2.0700
   2.0750
   2.0800
   2.0850
   2.0900
   2.0950
   2.1000
   2.1050
   2.1100
   2.1150
   2.1200
   2.1250
   2.1300
   2.1350
   2.1400
   2.1450
   2.1500
   2.1550
   2.1600
   2.1650
   2.1700
   2.1750
   2.1800
   2.1850
   2.1900
   2.1950
   2.2000
   2.2050
   2.2100
   2.2150
   2.2200
   2.2250
   2.2300
   2.2350
   2.2400
   2.2450
   2.2500
   2.2550
   2.2600
   2.2650
   2.2700
   2.2750
   2.2800
   2.2850
   2.2900
   2.2950
   2.3000
   2.3050
   2.3100
   2.3150
   2.3200
   2.3250
   2.3300
   2.3350
   2.3400
   2.3450
   2.3500
   2.3550
   2.3600
   2.3650
   2.3700
   2.3750
   2.3800
   2.3850
   2.3900
   2.3950
   2.4000
   2.4050
   2.4100
   2.4150
   2.4200
   2.4250
   2.4300
   2.4350
   2.4400
   2.4450
   2.4500
   2.4550
   2.4600
   2.4650
   2.4700
   2.4750
   2.4800
   2.4850
   2.4900
   2.4950
   2.5000
   2.5050
   2.5100
   2.5150
   2.5200
   2.5250
   2.5300
   2.5350
   2.5400
   2.5450
   2.5500
   2.5550
   2.5600
   2.5650
   2.5700
   2.5750
   2.5800
   2.5850
   2.5900
   2.5950

        0        0        0        0        0        0        0        0        0        0
        0        0        0        0        0        0        0        0        0        0
        0        0        0        0        0        0        0        0        0        0
        0        0        0        0        0        0        0        0        0        0
        0        0        0        0        0        0        0        0        0        0
        0        0        0        0        0        0        0        0        0        0
        0        0        0        0        0        0        0        0        0        0
        0        0        0        0        0        0        0        0        0        0
        0        0        0        0        0        0        0        0        0        0
        0        0        0        0        0        0        0        0        0        0
        0        0        0        0        0        0        0        0        0        0
        0        0        0        0        0        0        0        0        0        0
        0        0        0        0        0        0        0        0        0        0
        0        0        0        0        0        0        0        0        0        0
        0        0        0        0        0        0        0        0        0        0
        0        0        0        0        0        0        0        0        0        0
        0        0        0        0        0        0        0        0        0        0
        0        0        0        0        0        0        0        0        0        0
        0        0        0        0        0        0        0        0        0        0
        0        0        0        0        0        0        0        0        0        0
        0        0        0        0        0        0        0        0        0        0
        0        0        0        0        0        0        0        0        0        0
        0        0        0        0        0        0        0        0        0        0
        0        0        0        0        0        0        0        0        0        0
        0        0        0        0        0        0        0        0        0        0
        0        0        0        0        0        0        0        0        0        0
        0        0        0        0        0        0        0        0        0        0
        0        0        0        0        0        0        0        0        0        0
        0        0        0        0        0        0        0        0        0        0
        0        0        0        0        0        0        0        0        0        0
        0        0        0        0        0        0        0        0        0        0
        0        0        0        0        0        0        0        0        0        0
        0        0        0        0        0        0        0        0        0        0
        0        0        0        0        0        0        0        0        0        0
        0        0        0        0        0        0        0        0        0        0
        0        0        0        0        0        0        0        0        0        0
        0        0        0        0        0        0        0        0        0        0
        0        0        0        0        0        0        0        0        0        0
        0        0        0        0        0        0        0        0        0        0
        0        0        0        0        0        0        0        0        0        0
        0        0        0        0        0        0        0        0        0        0
        0        0        0        0        0        0        0        0        0        0
        0        0        0        0        0        0        0        0        0        0
        0        0        0        0        0        0        0        0        0        0
        0        0        0        0        0        0        0        0        0        0
        0        0        0        0        0        0        0        0        0        0
        0        0        0        0        0        0        0        0        0        0
        0        0        0        0        0        0        0        0        0        0
        0        0        0        0        0        0        0        0        0        0
        0        0        0        0        0        0        0        0        0        0
        0        0        0        0        0        0        0        0        0        0
        0        0        0        0        0        0        0        0        0        0
        0        0        0        0        0        0        0        0        0        0
        0        0        0        0        0        0        0        0        0        0
        0        0        0        0        0        0        0        0        0        0
        0        0        0        0        0        0        0        0        0        0
        0        0        0        0        0        0        0        0        0        0
        0        0        0        0        0        0        0        0        0        0
        0        0        0        0        0        0        0        0        0        0
        0        0        0        0        0        0        0        0        0        0
        0        0        0        0        0        0        0        0        0        0
        0        0        0        0        0        0        0        0        0        0
        0        0        0        0        0        0        0        0        0        0
        0        0        0        0        0        0        0        0        0        0
        0        0        0        0        0        0        0        0        0        0
        0        0        0        0        0        0        0        0        0        0
        0        0        0        0        0        0        0        0        0        0
        0        0        0        0        0        0        0        0        0        0
        0        0        0        0        0        0        0        0        0        0
        0        0        0        0        0        0        0        0        0        0
        0        0        0        0        0        0        0        0        0        0
        0        0        0        0        0        0        0        0        0        0
        0        0        0        0        0        0        0        0        0        0
        0        0        0        0        0        0        0        0        0        0
        0        0        0        0        0        0        0        0        0        0
        0        0        0        0        0        0        0        0        0        0
        0        0        0        0        0        0        0        0        0        0
        0        0        0        0        0        0        0        0        0        0
        0        0        0        0        0        0        0        0        0        0
        0        0        0        0        0        0        0        0        0        0
        0        0        0        0        0        0        0        0        0        0
        0        0        0        0        0        0        0        0        0        0
        0        0        0        0        0        0        0        0        0        0
        0        0        0        0        0        0        0        0        0        0
        0        0        0        0        0        0        0        0        0        0
        0        0        0        0        0        0        0        0        0        0
        0        0        0        0        0        0        0        0        0        0
        0        0        0        0        0        0        0        0        0        0
        0        0        0        0        0        0        0        0        0        0
        0        0        0        0        0        0        0        0        0        0
     -inf  -1.1582  -1.1545  -1.1539  -1.1537  -1.1537  -1.1526  -1.1528  -1.1524  -1.1526
     -inf  -1.1398  -1.1451  -1.1472  -1.1470  -1.1463  -1.1465  -1.1459  -1.1458  -1.1461
     -inf  -1.1415  -1.1425  -1.1435  -1.1409  -1.1402  -1.1394  -1.1402  -1.1405  -1.1404
     -inf  -1.1333  -1.1319  -1.1332  -1.1350  -1.1359  -1.1365  -1.1369  -1.1369  -1.1371
     -inf  -1.1297  -1.1305  -1.1315  -1.1313  -1.1328  -1.1329  -1.1323  -1.1320  -1.1317
     -inf  -1.1277  -1.1272  -1.1258  -1.1274  -1.1283  -1.1279  -1.1277  -1.1273  -1.1275
     -inf  -1.1246  -1.1234  -1.1243  -1.1239  -1.1230  -1.1228  -1.1229  -1.1228  -1.1226
     -inf  -1.1211  -1.1199  -1.1194  -1.1194  -1.1177  -1.1179  -1.1178  -1.1175  -1.1177
     -inf  -1.1146  -1.1156  -1.1164  -1.1157  -1.1154  -1.1159  -1.1162  -1.1155  -1.1157
     -inf  -1.1062  -1.1076  -1.1087  -1.1097  -1.1094  -1.1093  -1.1096  -1.1097  -1.1105
     -inf  -1.1057  -1.1049  -1.1034  -1.1046  -1.1047  -1.1050  -1.1050  -1.1053  -1.1056
     -inf  -1.0956  -1.0989  -1.1011  -1.1024  -1.1020  -1.1019  -1.1026  -1.1023  -1.1019
     -inf  -1.1001  -1.0990  -1.0993  -1.0982  -1.0977  -1.0976  -1.0971  -1.0970  -1.0970
     -inf  -1.0909  -1.0922  -1.0931  -1.0936  -1.0938  -1.0936  -1.0930  -1.0931  -1.0933
     -inf  -1.0921  -1.0924  -1.0913  -1.0924  -1.0910  -1.0912  -1.0906  -1.0904  -1.0902
     -inf  -1.0840  -1.0843  -1.0837  -1.0834  -1.0838  -1.0843  -1.0845  -1.0847  -1.0850
     -inf  -1.0800  -1.0815  -1.0820  -1.0813  -1.0810  -1.0816  -1.0813  -1.0812  -1.0811
     -inf  -1.0798  -1.0785  -1.0785  -1.0774  -1.0770  -1.0766  -1.0765  -1.0764  -1.0762
     -inf  -1.0727  -1.0757  -1.0763  -1.0752  -1.0752  -1.0744  -1.0734  -1.0731  -1.0736
     -inf  -1.0758  -1.0723  -1.0706  -1.0701  -1.0701  -1.0688  -1.0693  -1.0689  -1.0687
     -inf  -1.0626  -1.0630  -1.0620  -1.0629  -1.0638  -1.0645  -1.0646  -1.0647  -1.0643
     -inf  -1.0623  -1.0599  -1.0610  -1.0607  -1.0604  -1.0603  -1.0608  -1.0611  -1.0614
     -inf  -1.0528  -1.0542  -1.0554  -1.0560  -1.0559  -1.0565  -1.0560  -1.0563  -1.0562
     -inf  -1.0549  -1.0560  -1.0569  -1.0561  -1.0554  -1.0549  -1.0553  -1.0552  -1.0546
     -inf  -1.0499  -1.0508  -1.0511  -1.0503  -1.0502  -1.0501  -1.0499  -1.0494  -1.0495
     -inf  -1.0466  -1.0471  -1.0451  -1.0459  -1.0457  -1.0459  -1.0457  -1.0459  -1.0457
     -inf  -1.0449  -1.0448  -1.0444  -1.0434  -1.0420  -1.0426  -1.0422  -1.0427  -1.0426
     -inf  -1.0407  -1.0395  -1.0391  -1.0386  -1.0389  -1.0392  -1.0395  -1.0395  -1.0397
     -inf  -1.0332  -1.0347  -1.0348  -1.0355  -1.0356  -1.0369  -1.0371  -1.0371  -1.0374
     -inf  -1.0282  -1.0297  -1.0312  -1.0302  -1.0304  -1.0304  -1.0303  -1.0300  -1.0303

            0            0            0            0            0            0            0            0            0            0
            0            0            0            0            0            0            0            0            0            0
            0            0            0            0            0            0            0            0            0            0
            0            0            0            0            0            0            0            0            0            0
            0            0            0            0            0            0            0            0            0            0
            0            0            0            0            0            0            0            0            0            0
            0            0            0            0            0            0            0            0            0            0
            0            0            0            0            0            0            0            0            0            0
            0            0            0            0            0            0            0            0            0            0
            0            0            0            0            0            0            0            0            0            0
            0            0            0            0            0            0            0            0            0            0
            0            0            0            0            0            0            0            0            0            0
            0            0            0            0            0            0            0            0            0            0
            0            0            0            0            0            0            0            0            0            0
            0            0            0            0            0            0            0            0            0            0
            0            0            0            0            0            0            0            0            0            0
            0            0            0            0            0            0            0            0            0            0
            0            0            0            0            0            0            0            0            0            0
            0            0            0            0            0            0            0            0            0            0
            0            0            0            0            0            0            0            0            0            0
            0            0            0            0            0            0            0            0            0            0
            0            0            0            0            0            0            0            0            0            0
            0            0            0            0            0            0            0            0            0            0
            0            0            0            0            0            0            0            0            0            0
            0            0            0            0            0            0            0            0            0            0
            0            0            0            0            0            0            0            0            0            0
            0            0            0            0            0            0            0            0            0            0
            0            0            0            0            0            0            0            0            0            0
            0            0            0            0            0            0            0            0            0            0
            0            0            0            0            0            0            0            0            0            0
            0            0            0            0            0            0            0            0            0            0
            0            0            0            0            0            0            0            0            0            0
            0            0            0            0            0            0            0            0            0            0
            0            0            0            0            0            0            0            0            0            0
            0            0            0            0            0            0            0            0            0            0
            0            0            0            0            0            0            0            0            0            0
            0            0            0            0            0            0            0            0            0            0
            0            0            0            0            0            0            0            0            0            0
            0            0            0            0            0            0            0            0            0            0
            0            0            0            0            0            0            0            0            0            0
            0            0            0            0            0            0            0            0            0            0
            0            0            0            0            0            0            0            0            0            0
            0            0            0            0            0            0            0            0            0            0
            0            0            0            0            0            0            0            0            0            0
            0            0            0            0            0            0            0            0            0            0
            0            0            0            0            0            0            0            0            0            0
            0            0            0            0            0            0            0            0            0            0
            0            0            0            0            0            0            0            0            0            0
            0            0            0            0            0            0            0            0            0            0
            0            0            0            0            0            0            0            0            0            0
            0            0            0            0            0            0            0            0            0            0
            0            0            0            0            0            0            0            0            0            0
            0            0            0            0            0            0            0            0            0            0
            0            0            0            0            0            0            0            0            0            0
            0            0            0            0            0            0            0            0            0            0
            0            0            0            0            0            0            0            0            0            0
            0            0            0            0            0            0            0            0            0            0
            0            0            0            0            0            0            0            0            0            0
            0            0            0            0            0            0            0            0            0            0
            0            0            0            0            0            0            0            0            0            0
            0            0            0            0            0            0            0            0            0            0
            0            0            0            0            0            0            0            0            0            0
            0            0            0            0            0            0            0            0            0            0
            0            0            0            0            0            0            0            0            0            0
            0            0            0            0            0            0            0            0            0            0
            0            0            0            0            0            0            0            0            0            0
            0            0            0            0            0            0            0            0            0            0
            0            0            0            0            0            0            0            0            0            0
            0            0            0            0            0            0            0            0            0            0
            0            0            0            0            0            0            0            0            0            0
            0            0            0            0            0            0            0            0            0            0
            0            0            0            0            0            0            0            0            0            0
            0            0            0            0            0            0            0            0            0            0
            0            0            0            0            0            0            0            0            0            0
            0            0            0            0            0            0            0            0            0            0
            0            0            0            0            0            0            0            0            0            0
            0            0            0            0            0            0            0            0            0            0
            0            0            0            0            0            0            0            0            0            0
            0            0            0            0            0            0            0            0            0            0
            0            0            0            0            0            0            0            0            0            0
            0            0            0            0            0            0            0            0            0            0
            0            0            0            0            0            0            0            0            0            0
            0            0            0            0            0            0            0            0            0            0
            0            0            0            0            0            0            0            0            0            0
            0            0            0            0            0            0            0            0            0            0
            0            0            0            0            0            0            0            0            0            0
            0            0            0            0            0            0            0            0            0            0
            0            0            0            0            0            0            0            0            0            0
            0            0            0            0            0            0            0            0            0            0
            0            0            0            0            0            0            0            0            0            0
          inf  -5.1334e-02   1.7182e-02   3.4091e-02   1.8750e-02   3.0517e-02   2.4383e-02   1.4280e-02   2.7228e-02   1.5880e-02
          inf  -1.1043e-01  -2.8696e-02  -2.6294e-02  -3.7197e-02  -4.0836e-02  -2.5690e-02  -2.8418e-02  -2.4346e-02  -2.2463e-02
          inf  -5.1400e-03   1.8479e-02   1.4822e-02   8.4779e-03  -4.5183e-03  -9.2182e-03  -4.0715e-03  -1.4473e-02  -1.5282e-02
          inf  -2.4008e-02  -2.3923e-02  -2.4279e-02   3.8606e-03   1.4569e-02   1.1178e-02   8.8472e-03   1.3937e-02   1.0905e-02
         -inf  -9.6497e-03   2.1526e-02   1.6569e-02   3.9696e-03  -1.1456e-03  -7.3477e-03  -2.8939e-03  -5.2067e-03  -6.1103e-03
         -inf  -3.8816e-02   1.3946e-03  -2.9785e-03  -1.8186e-02  -7.5409e-03  -8.4432e-03  -1.5857e-02  -1.1647e-02  -7.9025e-03
         -inf  -3.3487e-03  -1.0469e-02  -1.2093e-03   7.7538e-03   2.3380e-02   2.0880e-02   1.0249e-02   1.0348e-02   7.5555e-03
         -inf  -8.2126e-02  -3.0871e-02  -3.4725e-02  -2.2225e-02  -2.2651e-02  -2.7739e-02  -2.4164e-02  -2.8029e-02  -2.8714e-02
         -inf  -3.1773e-03   1.1429e-02  -1.4576e-02  -1.3497e-02  -8.8259e-03  -1.9149e-02  -1.1206e-03   2.6245e-04  -3.0134e-03
          inf  -3.3821e-02  -1.2180e-02  -1.2585e-02  -1.3507e-02  -9.6364e-03  -1.3421e-02  -1.9486e-02  -1.9204e-02  -1.6032e-02
         -inf   2.1733e-02   1.1940e-02   6.4506e-05   1.7993e-03   9.8711e-03   1.5751e-02   1.5591e-02   1.5656e-02   1.2355e-02
          inf   2.0458e-02   3.2753e-02   2.2519e-02   4.5574e-03  -2.7553e-03   1.4606e-03   1.1934e-02   1.1389e-02   6.9812e-03
         -inf  -3.0961e-02   1.3112e-03   7.9296e-03  -1.0912e-03   9.7429e-03   9.1500e-03   8.8455e-03   1.5400e-02   1.6796e-02
         -inf  -1.3198e-02   4.3207e-03   1.0126e-02   7.5064e-03   2.1536e-03   8.1866e-03   1.1640e-02   1.6095e-02   1.7458e-02
         -inf   3.3410e-03   1.6424e-02   1.1190e-02   5.6117e-03  -6.9600e-03  -7.2336e-03  -6.4160e-03  -5.3920e-03  -3.4827e-03
         -inf  -1.6918e-02  -1.8669e-02  -1.7560e-03   1.1986e-02   1.9720e-02   1.7255e-02   1.3170e-02   1.0761e-02   5.6375e-03
         -inf   5.5120e-02   4.5879e-03   6.9665e-03  -3.4390e-03   1.6512e-04  -5.5028e-03  -3.0972e-03  -6.0159e-03  -7.5760e-03
         -inf   2.5399e-02   1.6699e-02   1.6307e-02   7.8364e-03   3.8228e-03  -4.3074e-03  -8.1215e-03  -3.2593e-03  -3.3970e-03
         -inf  -3.4862e-03  -1.0432e-02  -1.4979e-02  -1.1217e-02  -1.5987e-02  -2.0150e-02  -1.9423e-02  -1.5442e-02  -8.0547e-03
          inf   8.0543e-02   4.9481e-02   4.9610e-02   3.4812e-02   2.7667e-02   2.3762e-02   2.3479e-02   2.0008e-02   1.4496e-02
         -inf   2.7353e-02   2.8105e-03   7.3440e-03   9.0793e-03   1.3552e-02   1.1837e-02   1.6928e-02   1.3819e-02   1.3782e-02
          inf  -5.1297e-02  -3.6480e-02  -2.8337e-02  -2.7833e-02  -1.7279e-02  -6.4229e-03  -2.1626e-03  -1.4921e-03  -1.6945e-03
         -inf   2.2405e-02  -7.5677e-05  -9.5773e-03  -8.7546e-03   2.0790e-03  -5.9419e-03  -4.6460e-03  -1.5679e-03  -6.1204e-03
          inf  -2.1553e-03  -5.6100e-03  -1.7266e-02  -1.9107e-02  -1.7259e-02  -2.2757e-02  -1.5622e-02  -1.6097e-02  -1.5755e-02
         -inf   2.7609e-02   3.6028e-02   1.5352e-02   6.4200e-03   4.3124e-03   4.6622e-03   4.9608e-03   1.1995e-03   9.0743e-04
         -inf  -2.0694e-02  -1.8163e-02  -9.4932e-03  -1.4252e-02  -9.2070e-03  -4.1870e-03  -3.2199e-03  -4.2853e-03  -7.0515e-03
         -inf   9.9626e-03   8.9949e-03   6.5494e-03  -3.1640e-03   4.6717e-03   3.7742e-03   7.3058e-03   9.3193e-03   4.4845e-03
         -inf  -4.4079e-03  -4.4255e-03  -5.1608e-03  -6.0986e-03  -9.0046e-03  -9.7581e-03  -1.3875e-02  -1.1703e-02  -1.0706e-02
          inf  -1.1133e-02  -4.9408e-03  -4.3601e-03  -6.8079e-03  -7.4914e-03  -7.9720e-03  -6.5515e-03  -3.3022e-03  -2.1617e-03
         -inf   2.3313e-02   2.6772e-02   8.3276e-03   1.3276e-02   3.9376e-03  -9.4666e-05   2.9264e-03  -1.5479e-04  -1.0807e-03

        0        0        0        0        0        0        0        0        0        0
        0        0        0        0        0        0        0        0        0        0
        0        0        0        0        0        0        0        0        0        0
        0        0        0        0        0        0        0        0        0        0
        0        0        0        0        0        0        0        0        0        0
        0        0        0        0        0        0        0        0        0        0
        0        0        0        0        0        0        0        0        0        0
        0        0        0        0        0        0        0        0        0        0
        0        0        0        0        0        0        0        0        0        0
        0        0        0        0        0        0        0        0        0        0
        0        0        0        0        0        0        0        0        0        0
        0        0        0        0        0        0        0        0        0        0
        0        0        0        0        0        0        0        0        0        0
        0        0        0        0        0        0        0        0        0        0
        0        0        0        0        0        0        0        0        0        0
        0        0        0        0        0        0        0        0        0        0
        0        0        0        0        0        0        0        0        0        0
        0        0        0        0        0        0        0        0        0        0
        0        0        0        0        0        0        0        0        0        0
        0        0        0        0        0        0        0        0        0        0
        0        0        0        0        0        0        0        0        0        0
        0        0        0        0        0        0        0        0        0        0
        0        0        0        0        0        0        0        0        0        0
        0        0        0        0        0        0        0        0        0        0
        0        0        0        0        0        0        0        0        0        0
        0        0        0        0        0        0        0        0        0        0
        0        0        0        0        0        0        0        0        0        0
        0        0        0        0        0        0        0        0        0        0
        0        0        0        0        0        0        0        0        0        0
        0        0        0        0        0        0        0        0        0        0
        0        0        0        0        0        0        0        0        0        0
        0        0        0        0        0        0        0        0        0        0
        0        0        0        0        0        0        0        0        0        0
        0        0        0        0        0        0        0        0        0        0
        0        0        0        0        0        0        0        0        0        0
        0        0        0        0        0        0        0        0        0        0
        0        0        0        0        0        0        0        0        0        0
        0        0        0        0        0        0        0        0        0        0
        0        0        0        0        0        0        0        0        0        0
        0        0        0        0        0        0        0        0        0        0
        0        0        0        0        0        0        0        0        0        0
        0        0        0        0        0        0        0        0        0        0
        0        0        0        0        0        0        0        0        0        0
        0        0        0        0        0        0        0        0        0        0
        0        0        0        0        0        0        0        0        0        0
        0        0        0        0        0        0        0        0        0        0
        0        0        0        0        0        0        0        0        0        0
        0        0        0        0        0        0        0        0        0        0
        0        0        0        0        0        0        0        0        0        0
        0        0        0        0        0        0        0        0        0        0
        0        0        0        0        0        0        0        0        0        0
        0        0        0        0        0        0        0        0        0        0
        0        0        0        0        0        0        0        0        0        0
        0        0        0        0        0        0        0        0        0        0
        0        0        0        0        0        0        0        0        0        0
        0        0        0        0        0        0        0        0        0        0
        0        0        0        0        0        0        0        0        0        0
        0        0        0        0        0        0        0        0        0        0
        0        0        0        0        0        0        0        0        0        0
        0        0        0        0        0        0        0        0        0        0
        0        0        0        0        0        0        0        0        0        0
        0        0        0        0        0        0        0        0        0        0
        0        0        0        0        0        0        0        0        0        0
        0        0        0        0        0        0        0        0        0        0
        0        0        0        0        0        0        0        0        0        0
        0        0        0        0        0        0        0        0        0        0
        0        0        0        0        0        0        0        0        0        0
        0        0        0        0        0        0        0        0        0        0
        0        0        0        0        0        0        0        0        0        0
        0        0        0        0        0        0        0        0        0        0
        0        0        0        0        0        0        0        0        0        0
        0        0        0        0        0        0        0        0        0        0
        0        0        0        0        0        0        0        0        0        0
        0        0        0        0        0        0        0        0        0        0
        0        0        0        0        0        0        0        0        0        0
        0        0        0        0        0        0        0        0        0        0
        0        0        0        0        0        0        0        0        0        0
        0        0        0        0        0        0        0        0        0        0
        0        0        0        0        0        0        0        0        0        0
        0        0        0        0        0        0        0        0        0        0
        0        0        0        0        0        0        0        0        0        0
        0        0        0        0        0        0        0        0        0        0
        0        0        0        0        0        0        0        0        0        0
        0        0        0        0        0        0        0        0        0        0
        0        0        0        0        0        0        0        0        0        0
        0        0        0        0        0        0        0        0        0        0
        0        0        0        0        0        0        0        0        0        0
        0        0        0        0        0        0        0        0        0        0
        0        0        0        0        0        0        0        0        0        0
        0        0        0        0        0        0        0        0        0        0
      inf   0.1553   0.1271   0.1128   0.1047   0.1039   0.0979   0.0989   0.1021   0.1047
      inf   0.1302   0.1317   0.1196   0.1097   0.1057   0.1018   0.0974   0.0960   0.0953
      inf   0.0701   0.0841   0.0794   0.0763   0.0769   0.0754   0.0776   0.0804   0.0829
      inf   0.0958   0.0883   0.0812   0.0865   0.0874   0.0880   0.0858   0.0870   0.0845
      inf   0.0802   0.0804   0.0774   0.0848   0.0896   0.0896   0.0853   0.0841   0.0817
      inf   0.0745   0.0863   0.0786   0.0942   0.0960   0.0936   0.0920   0.0922   0.0920
      inf   0.0521   0.0658   0.0861   0.0876   0.0907   0.0862   0.0886   0.0871   0.0854
      inf   0.0986   0.0940   0.0878   0.0830   0.0800   0.0853   0.0819   0.0807   0.0798
      inf   0.0598   0.0597   0.0686   0.0706   0.0757   0.0793   0.0847   0.0815   0.0804
      inf   0.0760   0.0764   0.0825   0.0782   0.0801   0.0771   0.0788   0.0798   0.0796
      inf   0.0736   0.0688   0.0796   0.0766   0.0776   0.0790   0.0781   0.0766   0.0764
      inf   0.0706   0.0742   0.0755   0.0949   0.0959   0.0913   0.0921   0.0885   0.0876
      inf   0.0707   0.0753   0.0756   0.0775   0.0771   0.0775   0.0747   0.0778   0.0769
      inf   0.0492   0.0639   0.0668   0.0650   0.0715   0.0709   0.0702   0.0712   0.0707
      inf   0.0653   0.0716   0.0693   0.0721   0.0735   0.0713   0.0717   0.0724   0.0728
      inf   0.0703   0.0679   0.0655   0.0701   0.0726   0.0703   0.0705   0.0717   0.0726
      inf   0.0774   0.0747   0.0736   0.0716   0.0692   0.0693   0.0678   0.0669   0.0713
      inf   0.0813   0.0758   0.0749   0.0744   0.0747   0.0734   0.0732   0.0736   0.0716
      inf   0.0808   0.0752   0.0696   0.0687   0.0674   0.0693   0.0681   0.0679   0.0691
      inf   0.0955   0.0761   0.0749   0.0729   0.0720   0.0709   0.0721   0.0709   0.0699
      inf   0.0810   0.0751   0.0683   0.0703   0.0734   0.0726   0.0716   0.0722   0.0704
      inf   0.0715   0.0709   0.0655   0.0618   0.0647   0.0667   0.0670   0.0669   0.0683
      inf   0.0760   0.0693   0.0655   0.0658   0.0652   0.0663   0.0663   0.0685   0.0692
      inf   0.0479   0.0589   0.0669   0.0660   0.0631   0.0648   0.0644   0.0665   0.0653
      inf   0.0664   0.0674   0.0700   0.0709   0.0681   0.0669   0.0653   0.0648   0.0636
      inf   0.0643   0.0647   0.0592   0.0608   0.0612   0.0605   0.0602   0.0606   0.0605
      inf   0.0718   0.0655   0.0652   0.0686   0.0667   0.0645   0.0629   0.0609   0.0605
      inf   0.0534   0.0590   0.0587   0.0583   0.0606   0.0582   0.0584   0.0588   0.0595
      inf   0.0665   0.0579   0.0548   0.0551   0.0558   0.0572   0.0574   0.0588   0.0595
      inf   0.0580   0.0593   0.0633   0.0631   0.0617   0.0609   0.0614   0.0602   0.0588

        0        0        0        0        0        0        0        0        0        0
        0        0        0        0        0        0        0        0        0        0
        0        0        0        0        0        0        0        0        0        0
        0        0        0        0        0        0        0        0        0        0
        0        0        0        0        0        0        0        0        0        0
        0        0        0        0        0        0        0        0        0        0
        0        0        0        0        0        0        0        0        0        0
        0        0        0        0        0        0        0        0        0        0
        0        0        0        0        0        0        0        0        0        0
        0        0        0        0        0        0        0        0        0        0
        0        0        0        0        0        0        0        0        0        0
        0        0        0        0        0        0        0        0        0        0
        0        0        0        0        0        0        0        0        0        0
        0        0        0        0        0        0        0        0        0        0
        0        0        0        0        0        0        0        0        0        0
        0        0        0        0        0        0        0        0        0        0
        0        0        0        0        0        0        0        0        0        0
        0        0        0        0        0        0        0        0        0        0
        0        0        0        0        0        0        0        0        0        0
        0        0        0        0        0        0        0        0        0        0
        0        0        0        0        0        0        0        0        0        0
        0        0        0        0        0        0        0        0        0        0
        0        0        0        0        0        0        0        0        0        0
        0        0        0        0        0        0        0        0        0        0
        0        0        0        0        0        0        0        0        0        0
        0        0        0        0        0        0        0        0        0        0
        0        0        0        0        0        0        0        0        0        0
        0        0        0        0        0        0        0        0        0        0
        0        0        0        0        0        0        0        0        0        0
        0        0        0        0        0        0        0        0        0        0
        0        0        0        0        0        0        0        0        0        0
        0        0        0        0        0        0        0        0        0        0
        0        0        0        0        0        0        0        0        0        0
        0        0        0        0        0        0        0        0        0        0
        0        0        0        0        0        0        0        0        0        0
        0        0        0        0        0        0        0        0        0        0
        0        0        0        0        0        0        0        0        0        0
        0        0        0        0        0        0        0        0        0        0
        0        0        0        0        0        0        0        0        0        0
        0        0        0        0        0        0        0        0        0        0
        0        0        0        0        0        0        0        0        0        0
        0        0        0        0        0        0        0        0        0        0
        0        0        0        0        0        0        0        0        0        0
        0        0        0        0        0        0        0        0        0        0
        0        0        0        0        0        0        0        0        0        0
        0        0        0        0        0        0        0        0        0        0
        0        0        0        0        0        0        0        0        0        0
        0        0        0        0        0        0        0        0        0        0
        0        0        0        0        0        0        0        0        0        0
        0        0        0        0        0        0        0        0        0        0
        0        0        0        0        0        0        0        0        0        0
        0        0        0        0        0        0        0        0        0        0
        0        0        0        0        0        0        0        0        0        0
        0        0        0        0        0        0        0        0        0        0
        0        0        0        0        0        0        0        0        0        0
        0        0        0        0        0        0        0        0        0        0
        0        0        0        0        0        0        0        0        0        0
        0        0        0        0        0        0        0        0        0        0
        0        0        0        0        0        0        0        0        0        0
        0        0        0        0        0        0        0        0        0        0
        0        0        0        0        0        0        0        0        0        0
        0        0        0        0        0        0        0        0        0        0
        0        0        0        0        0        0        0        0        0        0
        0        0        0        0        0        0        0        0        0        0
        0        0        0        0        0        0        0        0        0        0
        0        0        0        0        0        0        0        0        0        0
        0        0        0        0        0        0        0        0        0        0
        0        0        0        0        0        0        0        0        0        0
        0        0        0        0        0        0        0        0        0        0
        0        0        0        0        0        0        0        0        0        0
        0        0        0        0        0        0        0        0        0        0
        0        0        0        0        0        0        0        0        0        0
        0        0        0        0        0        0        0        0        0        0
        0        0        0        0        0        0        0        0        0        0
        0        0        0        0        0        0        0        0        0        0
        0        0        0        0        0        0        0        0        0        0
        0        0        0        0        0        0        0        0        0        0
        0        0        0        0        0        0        0        0        0        0
        0        0        0        0        0        0        0        0        0        0
        0        0        0        0        0        0        0        0        0        0
        0        0        0        0        0        0        0        0        0        0
        0        0        0        0        0        0        0        0        0        0
        0        0        0        0        0        0        0        0        0        0
        0        0        0        0        0        0        0        0        0        0
        0        0        0        0        0        0        0        0        0        0
        0        0        0        0        0        0        0        0        0        0
        0        0        0        0        0        0        0        0        0        0
        0        0        0        0        0        0        0        0        0        0
        0        0        0        0        0        0        0        0        0        0
        0        0        0        0        0        0        0        0        0        0
      nan   1.1053   0.9742   0.9848   0.9929   0.9970   0.9827   0.9844   0.9811   0.9790
      nan   0.8441   0.9904   0.8911   0.9345   0.9241   0.9196   0.9155   0.9065   0.9004
      nan   0.7781   0.9331   0.9468   0.9339   0.9134   0.9267   0.9308   0.9396   0.9450
      nan   0.8623   0.8752   0.8720   0.8874   0.9005   0.8930   0.8820   0.8705   0.8705
      nan   0.8937   0.8757   0.8837   0.8550   0.8551   0.8528   0.8650   0.8868   0.8945
      nan   0.8782   0.8668   0.9089   0.9055   0.9372   0.9244   0.9203   0.9019   0.9206
      nan   0.9875   0.9177   0.9070   0.9169   0.9174   0.9138   0.9056   0.9046   0.9151
      nan   0.9211   0.8954   0.8698   0.8848   0.8866   0.8651   0.8648   0.8687   0.8988
      nan   0.8282   0.8194   0.8529   0.8144   0.8204   0.8347   0.8439   0.8416   0.8624
      nan   0.8698   0.8298   0.8125   0.8367   0.8334   0.8487   0.8350   0.8610   0.8735
      nan   0.8238   0.7901   0.7949   0.7884   0.8017   0.8150   0.8278   0.8329   0.8366
      nan   0.8180   0.7771   0.8015   0.8200   0.8205   0.8213   0.8304   0.8402   0.8352
      nan   0.8607   0.8595   0.8390   0.8586   0.8631   0.8757   0.8592   0.8423   0.8416
      nan   0.7924   0.7944   0.8084   0.8157   0.8171   0.8043   0.8090   0.8198   0.8296
      nan   0.8924   0.8464   0.8256   0.8054   0.7925   0.7942   0.7961   0.8027   0.8069
      nan   0.9183   0.8250   0.8373   0.8298   0.8411   0.8305   0.8281   0.8325   0.8334
      nan   0.7624   0.7600   0.7802   0.7636   0.7753   0.7726   0.7729   0.7813   0.7749
      nan   0.9190   0.8592   0.8111   0.7729   0.7642   0.7680   0.7542   0.7729   0.7649
      nan   0.6797   0.7070   0.7396   0.7603   0.7869   0.7901   0.7836   0.7773   0.7853
      nan   0.8525   0.8334   0.8068   0.8092   0.8048   0.8002   0.8113   0.8016   0.8154
      nan   0.7201   0.7665   0.7396   0.7356   0.7209   0.7257   0.7162   0.7203   0.7261
      nan   0.7493   0.7537   0.7373   0.7950   0.7833   0.7653   0.7679   0.7621   0.7614
      nan   0.7057   0.7290   0.7453   0.7293   0.7463   0.7493   0.7474   0.7443   0.7538
      nan   0.7046   0.7293   0.7511   0.7750   0.7895   0.7868   0.7833   0.7688   0.7650
      nan   0.6472   0.6672   0.7000   0.7007   0.7133   0.7091   0.6995   0.7095   0.7112
      nan   0.7326   0.7343   0.7506   0.7262   0.7092   0.7018   0.7046   0.6937   0.6896
      nan   0.7668   0.7472   0.7833   0.7856   0.7909   0.7828   0.7821   0.7699   0.7568
      nan   0.6712   0.7036   0.7172   0.7316   0.7381   0.7268   0.7186   0.7155   0.7137
      nan   0.7724   0.7424   0.7216   0.7392   0.7303   0.7216   0.7196   0.7221   0.7177
      nan   0.6806   0.7137   0.7035   0.7003   0.6877   0.6937   0.7053   0.6963   0.6929

         0         0         0         0         0         0         0         0         0         0
         0         0         0         0         0         0         0         0         0         0
         0         0         0         0         0         0         0         0         0         0
         0         0         0         0         0         0         0         0         0         0
         0         0         0         0         0         0         0         0         0         0
         0         0         0         0         0         0         0         0         0         0
         0         0         0         0         0         0         0         0         0         0
         0         0         0         0         0         0         0         0         0         0
         0         0         0         0         0         0         0         0         0         0
         0         0         0         0         0         0         0         0         0         0
         0         0         0         0         0         0         0         0         0         0
         0         0         0         0         0         0         0         0         0         0
         0         0         0         0         0         0         0         0         0         0
         0         0         0         0         0         0         0         0         0         0
         0         0         0         0         0         0         0         0         0         0
         0         0         0         0         0         0         0         0         0         0
         0         0         0         0         0         0         0         0         0         0
         0         0         0         0         0         0         0         0         0         0
         0         0         0         0         0         0         0         0         0         0
         0         0         0         0         0         0         0         0         0         0
         0         0         0         0         0         0         0         0         0         0
         0         0         0         0         0         0         0         0         0         0
         0         0         0         0         0         0         0         0         0         0
         0         0         0         0         0         0         0         0         0         0
         0         0         0         0         0         0         0         0         0         0
         0         0         0         0         0         0         0         0         0         0
         0         0         0         0         0         0         0         0         0         0
         0         0         0         0         0         0         0         0         0         0
         0         0         0         0         0         0         0         0         0         0
         0         0         0         0         0         0         0         0         0         0
         0         0         0         0         0         0         0         0         0         0
         0         0         0         0         0         0         0         0         0         0
         0         0         0         0         0         0         0         0         0         0
         0         0         0         0         0         0         0         0         0         0
         0         0         0         0         0         0         0         0         0         0
         0         0         0         0         0         0         0         0         0         0
         0         0         0         0         0         0         0         0         0         0
         0         0         0         0         0         0         0         0         0         0
         0         0         0         0         0         0         0         0         0         0
         0         0         0         0         0         0         0         0         0         0
         0         0         0         0         0         0         0         0         0         0
         0         0         0         0         0         0         0         0         0         0
         0         0         0         0         0         0         0         0         0         0
         0         0         0         0         0         0         0         0         0         0
         0         0         0         0         0         0         0         0         0         0
         0         0         0         0         0         0         0         0         0         0
         0         0         0         0         0         0         0         0         0         0
         0         0         0         0         0         0         0         0         0         0
         0         0         0         0         0         0         0         0         0         0
         0         0         0         0         0         0         0         0         0         0
         0         0         0         0         0         0         0         0         0         0
         0         0         0         0         0         0         0         0         0         0
         0         0         0         0         0         0         0         0         0         0
         0         0         0         0         0         0         0         0         0         0
         0         0         0         0         0         0         0         0         0         0
         0         0         0         0         0         0         0         0         0         0
         0         0         0         0         0         0         0         0         0         0
         0         0         0         0         0         0         0         0         0         0
         0         0         0         0         0         0         0         0         0         0
         0         0         0         0         0         0         0         0         0         0
         0         0         0         0         0         0         0         0         0         0
         0         0         0         0         0         0         0         0         0         0
         0         0         0         0         0         0         0         0         0         0
         0         0         0         0         0         0         0         0         0         0
         0         0         0         0         0         0         0         0         0         0
         0         0         0         0         0         0         0         0         0         0
         0         0         0         0         0         0         0         0         0         0
         0         0         0         0         0         0         0         0         0         0
         0         0         0         0         0         0         0         0         0         0
         0         0         0         0         0         0         0         0         0         0
         0         0         0         0         0         0         0         0         0         0
         0         0         0         0         0         0         0         0         0         0
         0         0         0         0         0         0         0         0         0         0
         0         0         0         0         0         0         0         0         0         0
         0         0         0         0         0         0         0         0         0         0
         0         0         0         0         0         0         0         0         0         0
         0         0         0         0         0         0         0         0         0         0
         0         0         0         0         0         0         0         0         0         0
         0         0         0         0         0         0         0         0         0         0
         0         0         0         0         0         0         0         0         0         0
         0         0         0         0         0         0         0         0         0         0
         0         0         0         0         0         0         0         0         0         0
         0         0         0         0         0         0         0         0         0         0
         0         0         0         0         0         0         0         0         0         0
         0         0         0         0         0         0         0         0         0         0
         0         0         0         0         0         0         0         0         0         0
         0         0         0         0         0         0         0         0         0         0
         0         0         0         0         0         0         0         0         0         0
         0         0         0         0         0         0         0         0         0         0
         0         0         0         0         0         0         0         0         0         0
       nan   80.1073   61.7701   48.4272   43.9777   44.3373   40.5728   42.4644   42.9665   45.5918
       nan   26.8745   58.8986   51.5200   42.6109   40.3744   40.2921   36.9402   36.1508   35.6430
       nan   18.2700   28.9282   25.2971   23.8709   24.7479   23.5960   24.9268   26.7622   28.3938
       nan   34.9899   28.8921   25.5908   30.8891   31.0496   31.5758   30.2494   30.8124   29.3935
       nan   24.3954   23.2965   21.9984   27.2101   30.7706   30.7186   28.4241   27.2484   25.7359
       nan   18.1530   29.7136   25.3660   35.8247   37.3767   35.6928   34.0364   33.8070   34.2851
       nan   12.0229   18.7200   32.2210   32.0064   32.5825   30.2085   32.6940   31.3384   30.0913
       nan   17.4825   29.9265   25.7048   24.8287   22.8651   25.4007   24.3351   23.1799   22.6744
       nan   13.9115   13.4818   18.2112   19.4247   22.2934   25.0366   30.3316   28.3603   27.5028
       nan   19.7566   21.5889   25.1571   23.2264   24.0864   22.7523   22.9695   23.9225   24.4236
       nan   18.7001   17.3918   23.5570   22.4175   23.1865   23.4606   22.8606   22.3021   22.5625
       nan   19.2413   18.6522   20.6380   34.8498   35.3994   32.7062   32.2917   30.0653   29.4419
       nan   18.3911   23.2339   24.0646   25.2804   24.3772   24.6563   22.9152   24.2813   23.5103
       nan    9.2267   18.2252   19.6743   18.6953   22.0609   20.8729   20.1698   20.1131   19.5795
       nan   15.1658   19.1333   18.6149   19.9462   20.9652   19.9434   20.0034   21.6316   21.6897
       nan   16.9212   17.2459   17.2265   19.4027   19.6292   18.5328   19.0029   19.5496   20.3296
       nan   13.8001   20.5059   19.9192   19.2557   18.3181   19.3707   18.7010   18.2375   20.4780
       nan   23.2846   22.1291   21.5204   21.4472   21.3599   20.5842   20.3149   20.6530   19.6809
       nan   25.0335   21.7180   18.8589   18.6116   17.6773   18.0815   17.3931   17.4268   18.7180
       nan   17.1821   16.6670   16.7884   18.6508   19.2958   18.8915   19.6596   19.2682   19.2096
       nan   21.3779   21.3750   17.8670   19.2420   19.9431   19.7018   18.7709   19.2118   18.3343
       nan   16.6982   17.7866   15.8177   13.9428   16.1662   17.4908   18.0480   17.9504   18.6563
       nan   20.5424   18.4439   16.7361   16.7017   16.4966   17.2757   17.1959   18.3547   18.5597
       nan    8.5287   14.1534   16.6742   16.0452   14.7710   15.3757   15.7542   16.6267   16.1269
       nan   14.0089   14.2678   18.4412   19.4610   18.1006   17.4266   16.7810   16.5156   15.9909
       nan   14.5886   14.6433   12.9017   13.2435   13.8153   13.6833   13.6037   13.8600   13.7628
       nan   20.4222   16.6088   16.4828   18.2091   17.2176   16.1991   15.3927   14.6207   14.4960
       nan   10.5460   12.7366   12.8621   13.0361   14.2046   13.2283   13.2730   13.4840   13.9570
       nan   16.8310   13.1396   12.0328   12.0389   12.0872   12.4909   12.7734   13.3196   13.5399
       nan   11.2812   11.5254   14.4947   14.0242   13.9155   13.6634   13.9558   13.4370   12.8880

         0         0         0         0         0         0         0         0         0         0
         0         0         0         0         0         0         0         0         0         0
         0         0         0         0         0         0         0         0         0         0
         0         0         0         0         0         0         0         0         0         0
         0         0         0         0         0         0         0         0         0         0
         0         0         0         0         0         0         0         0         0         0
         0         0         0         0         0         0         0         0         0         0
         0         0         0         0         0         0         0         0         0         0
         0         0         0         0         0         0         0         0         0         0
         0         0         0         0         0         0         0         0         0         0
         0         0         0         0         0         0         0         0         0         0
         0         0         0         0         0         0         0         0         0         0
         0         0         0         0         0         0         0         0         0         0
         0         0         0         0         0         0         0         0         0         0
         0         0         0         0         0         0         0         0         0         0
         0         0         0         0         0         0         0         0         0         0
         0         0         0         0         0         0         0         0         0         0
         0         0         0         0         0         0         0         0         0         0
         0         0         0         0         0         0         0         0         0         0
         0         0         0         0         0         0         0         0         0         0
         0         0         0         0         0         0         0         0         0         0
         0         0         0         0         0         0         0         0         0         0
         0         0         0         0         0         0         0         0         0         0
         0         0         0         0         0         0         0         0         0         0
         0         0         0         0         0         0         0         0         0         0
         0         0         0         0         0         0         0         0         0         0
         0         0         0         0         0         0         0         0         0         0
         0         0         0         0         0         0         0         0         0         0
         0         0         0         0         0         0         0         0         0         0
         0         0         0         0         0         0         0         0         0         0
         0         0         0         0         0         0         0         0         0         0
         0         0         0         0         0         0         0         0         0         0
         0         0         0         0         0         0         0         0         0         0
         0         0         0         0         0         0         0         0         0         0
         0         0         0         0         0         0         0         0         0         0
         0         0         0         0         0         0         0         0         0         0
         0         0         0         0         0         0         0         0         0         0
         0         0         0         0         0         0         0         0         0         0
         0         0         0         0         0         0         0         0         0         0
         0         0         0         0         0         0         0         0         0         0
         0         0         0         0         0         0         0         0         0         0
         0         0         0         0         0         0         0         0         0         0
         0         0         0         0         0         0         0         0         0         0
         0         0         0         0         0         0         0         0         0         0
         0         0         0         0         0         0         0         0         0         0
         0         0         0         0         0         0         0         0         0         0
         0         0         0         0         0         0         0         0         0         0
         0         0         0         0         0         0         0         0         0         0
         0         0         0         0         0         0         0         0         0         0
         0         0         0         0         0         0         0         0         0         0
         0         0         0         0         0         0         0         0         0         0
         0         0         0         0         0         0         0         0         0         0
         0         0         0         0         0         0         0         0         0         0
         0         0         0         0         0         0         0         0         0         0
         0         0         0         0         0         0         0         0         0         0
         0         0         0         0         0         0         0         0         0         0
         0         0         0         0         0         0         0         0         0         0
         0         0         0         0         0         0         0         0         0         0
         0         0         0         0         0         0         0         0         0         0
         0         0         0         0         0         0         0         0         0         0
         0         0         0         0         0         0         0         0         0         0
         0         0         0         0         0         0         0         0         0         0
         0         0         0         0         0         0         0         0         0         0
         0         0         0         0         0         0         0         0         0         0
         0         0         0         0         0         0         0         0         0         0
         0         0         0         0         0         0         0         0         0         0
         0         0         0         0         0         0         0         0         0         0
         0         0         0         0         0         0         0         0         0         0
         0         0         0         0         0         0         0         0         0         0
         0         0         0         0         0         0         0         0         0         0
         0         0         0         0         0         0         0         0         0         0
         0         0         0         0         0         0         0         0         0         0
         0         0         0         0         0         0         0         0         0         0
         0         0         0         0         0         0         0         0         0         0
         0         0         0         0         0         0         0         0         0         0
         0         0         0         0         0         0         0         0         0         0
         0         0         0         0         0         0         0         0         0         0
         0         0         0         0         0         0         0         0         0         0
         0         0         0         0         0         0         0         0         0         0
         0         0         0         0         0         0         0         0         0         0
         0         0         0         0         0         0         0         0         0         0
         0         0         0         0         0         0         0         0         0         0
         0         0         0         0         0         0         0         0         0         0
         0         0         0         0         0         0         0         0         0         0
         0         0         0         0         0         0         0         0         0         0
         0         0         0         0         0         0         0         0         0         0
         0         0         0         0         0         0         0         0         0         0
         0         0         0         0         0         0         0         0         0         0
         0         0         0         0         0         0         0         0         0         0
         0         0         0         0         0         0         0         0         0         0
       nan   24.0207   20.3726   18.2334   16.2480   18.5491   17.0637   17.4247   17.6950   17.6259
       nan   14.5007   15.8375   16.0306   14.8665   15.6223   14.9714   14.2986   13.6590   13.3032
       nan    5.5493   11.4348    9.4733    8.9198    9.4177    9.0415    9.3040   10.4733   11.1267
       nan   12.6800   10.1174   10.0110   11.5145   11.7509   11.7972   11.3406   11.6553   11.1422
       nan    7.9901    7.7378    7.2058    8.6239    9.9829   10.0433    9.5881    8.9740    8.5397
       nan    7.7007   10.4390    9.4055   13.7501   13.7161   13.2458   12.8229   12.1932   12.5389
       nan    5.0598    7.8151   13.0914   12.3400   12.7618   12.1796   12.7098   12.0271   11.4150
       nan    9.8143    9.6455    8.9663    8.3432    7.6973    8.6498    8.5445    8.4310    8.3775
       nan    4.7430    4.6418    6.6728    7.0828    7.7594    9.8056   11.8847   11.2849   10.9207
       nan    7.8889    7.0071    8.0928    7.9913    7.8672    7.9587    8.0187    8.5345    8.8298
       nan    6.0588    5.6541    7.3511    7.4106    8.0061    8.1233    7.8740    7.8925    7.9935
       nan    7.5713    7.3430    7.3509   11.8758   11.9118   11.4256   10.9976   10.3931    9.9827
       nan    8.0975    8.7789    9.6661    9.9504    9.4550    9.5503    8.8944    9.4471    9.1605
       nan    3.5023    7.8864    8.5854    8.0970    9.0522    8.2557    7.9748    7.8849    7.6422
       nan    4.3635    6.8049    6.7532    6.8405    7.3557    7.1659    7.0635    8.3842    8.2716
       nan    5.1327    6.4447    6.3650    7.3052    7.2521    6.7441    6.8524    6.8200    7.0611
       nan    6.3118    6.4585    6.3528    6.3113    6.2217    7.2823    7.0965    7.0201    7.7592
       nan    8.2120    8.3303    8.0319    7.6150    7.3213    7.0407    6.9510    7.0073    6.7582
       nan    8.6033    7.7291    7.2112    7.0387    6.8593    7.0099    6.6444    6.4203    6.8440
       nan   10.5710    8.2536    8.8789    8.3241    8.1735    7.6537    7.9781    7.6475    7.4547
       nan    6.8044    7.2491    6.2841    7.0287    6.8944    6.8341    6.6249    6.6012    6.3724
       nan   10.4950    8.5376    7.0866    6.3205    6.4237    6.4546    6.8050    6.7565    6.9718
       nan    7.3679    6.4395    6.2547    6.0738    5.8759    6.3608    6.2733    6.6380    6.6811
       nan    2.8248    5.5762    6.2626    6.0949    5.5853    6.1806    6.0137    6.2525    6.0926
       nan    4.9324    6.1865    6.8088    7.0333    6.5822    6.3464    6.2145    6.0676    5.9071
       nan    5.3895    5.0590    4.4283    4.5554    4.7287    4.6398    4.6280    4.7828    4.7957
       nan    7.8784    6.1815    6.0575    6.5435    6.2355    5.9074    5.7230    5.6293    5.4711
       nan    3.5440    4.1692    4.3957    4.7090    5.3047    5.0663    5.2956    5.2679    5.4686
       nan    6.2185    4.9120    4.6509    4.6649    4.5303    4.5732    4.7269    4.8172    4.8152
       nan    4.3220    4.6282    4.7910    4.6513    4.5766    4.5163    4.6703    4.4960    4.3780

        0        0        0        0        0        0        0        0        0        0
        0        0        0        0        0        0        0        0        0        0
        0        0        0        0        0        0        0        0        0        0
        0        0        0        0        0        0        0        0        0        0
        0        0        0        0        0        0        0        0        0        0
        0        0        0        0        0        0        0        0        0        0
        0        0        0        0        0        0        0        0        0        0
        0        0        0        0        0        0        0        0        0        0
        0        0        0        0        0        0        0        0        0        0
        0        0        0        0        0        0        0        0        0        0
        0        0        0        0        0        0        0        0        0        0
        0        0        0        0        0        0        0        0        0        0
        0        0        0        0        0        0        0        0        0        0
        0        0        0        0        0        0        0        0        0        0
        0        0        0        0        0        0        0        0        0        0
        0        0        0        0        0        0        0        0        0        0
        0        0        0        0        0        0        0        0        0        0
        0        0        0        0        0        0        0        0        0        0
        0        0        0        0        0        0        0        0        0        0
        0        0        0        0        0        0        0        0        0        0
        0        0        0        0        0        0        0        0        0        0
        0        0        0        0        0        0        0        0        0        0
        0        0        0        0        0        0        0        0        0        0
        0        0        0        0        0        0        0        0        0        0
        0        0        0        0        0        0        0        0        0        0
        0        0        0        0        0        0        0        0        0        0
        0        0        0        0        0        0        0        0        0        0
        0        0        0        0        0        0        0        0        0        0
        0        0        0        0        0        0        0        0        0        0
        0        0        0        0        0        0        0        0        0        0
        0        0        0        0        0        0        0        0        0        0
        0        0        0        0        0        0        0        0        0        0
        0        0        0        0        0        0        0        0        0        0
        0        0        0        0        0        0        0        0        0        0
        0        0        0        0        0        0        0        0        0        0
        0        0        0        0        0        0        0        0        0        0
        0        0        0        0        0        0        0        0        0        0
        0        0        0        0        0        0        0        0        0        0
        0        0        0        0        0        0        0        0        0        0
        0        0        0        0        0        0        0        0        0        0
        0        0        0        0        0        0        0        0        0        0
        0        0        0        0        0        0        0        0        0        0
        0        0        0        0        0        0        0        0        0        0
        0        0        0        0        0        0        0        0        0        0
        0        0        0        0        0        0        0        0        0        0
        0        0        0        0        0        0        0        0        0        0
        0        0        0        0        0        0        0        0        0        0
        0        0        0        0        0        0        0        0        0        0
        0        0        0        0        0        0        0        0        0        0
        0        0        0        0        0        0        0        0        0        0
        0        0        0        0        0        0        0        0        0        0
        0        0        0        0        0        0        0        0        0        0
        0        0        0        0        0        0        0        0        0        0
        0        0        0        0        0        0        0        0        0        0
        0        0        0        0        0        0        0        0        0        0
        0        0        0        0        0        0        0        0        0        0
        0        0        0        0        0        0        0        0        0        0
        0        0        0        0        0        0        0        0        0        0
        0        0        0        0        0        0        0        0        0        0
        0        0        0        0        0        0        0        0        0        0
        0        0        0        0        0        0        0        0        0        0
        0        0        0        0        0        0        0        0        0        0
        0        0        0        0        0        0        0        0        0        0
        0        0        0        0        0        0        0        0        0        0
        0        0        0        0        0        0        0        0        0        0
        0        0        0        0        0        0        0        0        0        0
        0        0        0        0        0        0        0        0        0        0
        0        0        0        0        0        0        0        0        0        0
        0        0        0        0        0        0        0        0        0        0
        0        0        0        0        0        0        0        0        0        0
        0        0        0        0        0        0        0        0        0        0
        0        0        0        0        0        0        0        0        0        0
        0        0        0        0        0        0        0        0        0        0
        0        0        0        0        0        0        0        0        0        0
        0        0        0        0        0        0        0        0        0        0
        0        0        0        0        0        0        0        0        0        0
        0        0        0        0        0        0        0        0        0        0
        0        0        0        0        0        0        0        0        0        0
        0        0        0        0        0        0        0        0        0        0
        0        0        0        0        0        0        0        0        0        0
        0        0        0        0        0        0        0        0        0        0
        0        0        0        0        0        0        0        0        0        0
        0        0        0        0        0        0        0        0        0        0
        0        0        0        0        0        0        0        0        0        0
        0        0        0        0        0        0        0        0        0        0
        0        0        0        0        0        0        0        0        0        0
        0        0        0        0        0        0        0        0        0        0
        0        0        0        0        0        0        0        0        0        0
        0        0        0        0        0        0        0        0        0        0
        0        0        0        0        0        0        0        0        0        0
      inf   0.6010   0.4524   0.4027   0.3778   0.3628   0.3532   0.3460   0.3408   0.3365
      inf   0.6107   0.4575   0.4063   0.3812   0.3663   0.3562   0.3492   0.3439   0.3396
      inf   0.6167   0.4619   0.4101   0.3853   0.3701   0.3601   0.3524   0.3468   0.3426
      inf   0.6160   0.4642   0.4129   0.3868   0.3713   0.3609   0.3534   0.3480   0.3437
      inf   0.6218   0.4671   0.4151   0.3895   0.3735   0.3631   0.3560   0.3506   0.3464
      inf   0.6230   0.4684   0.4175   0.3911   0.3753   0.3652   0.3579   0.3526   0.3482
      inf   0.6285   0.4723   0.4198   0.3938   0.3785   0.3681   0.3606   0.3551   0.3508
      inf   0.6320   0.4748   0.4224   0.3963   0.3812   0.3705   0.3631   0.3576   0.3532
      inf   0.6350   0.4768   0.4239   0.3980   0.3823   0.3716   0.3639   0.3585   0.3541
      inf   0.6429   0.4822   0.4284   0.4014   0.3856   0.3749   0.3672   0.3615   0.3567
      inf   0.6448   0.4844   0.4314   0.4042   0.3881   0.3772   0.3696   0.3637   0.3591
      inf   0.6485   0.4866   0.4324   0.4051   0.3892   0.3786   0.3707   0.3651   0.3608
      inf   0.6507   0.4888   0.4346   0.4079   0.3919   0.3811   0.3735   0.3678   0.3633
      inf   0.6560   0.4924   0.4376   0.4102   0.3938   0.3830   0.3755   0.3697   0.3650
      inf   0.6565   0.4929   0.4388   0.4111   0.3953   0.3843   0.3768   0.3710   0.3666
      inf   0.6636   0.4981   0.4432   0.4157   0.3990   0.3878   0.3799   0.3738   0.3691
      inf   0.6671   0.5003   0.4448   0.4173   0.4007   0.3894   0.3816   0.3757   0.3712
      inf   0.6673   0.5016   0.4462   0.4189   0.4025   0.3915   0.3836   0.3778   0.3732
      inf   0.6712   0.5033   0.4475   0.4202   0.4036   0.3928   0.3852   0.3794   0.3747
      inf   0.6749   0.5071   0.4515   0.4236   0.4066   0.3959   0.3877   0.3818   0.3772
      inf   0.6788   0.5104   0.4547   0.4264   0.4092   0.3977   0.3896   0.3836   0.3791
      inf   0.6834   0.5137   0.4566   0.4283   0.4114   0.4001   0.3918   0.3856   0.3807
      inf   0.6901   0.5179   0.4602   0.4313   0.4141   0.4024   0.3944   0.3881   0.3834
      inf   0.6901   0.5176   0.4600   0.4316   0.4147   0.4033   0.3950   0.3889   0.3843
      inf   0.6945   0.5208   0.4631   0.4345   0.4172   0.4057   0.3976   0.3915   0.3867
      inf   0.6980   0.5237   0.4664   0.4369   0.4196   0.4080   0.3998   0.3935   0.3887
      inf   0.6990   0.5248   0.4669   0.4383   0.4214   0.4095   0.4013   0.3949   0.3901
      inf   0.7042   0.5287   0.4703   0.4411   0.4235   0.4116   0.4031   0.3968   0.3919
      inf   0.7074   0.5309   0.4721   0.4425   0.4249   0.4127   0.4042   0.3979   0.3930
      inf   0.7136   0.5351   0.4753   0.4461   0.4282   0.4163   0.4078   0.4015   0.3964

