   2.0000
   2.0050
   2.0100
   2.0150
   2.0200
   2.0250
   2.0300
   2.0350
   2.0400
   2.0450
   2.0500
   2.0550
   2.0600
   2.0650
   2.0700
   2.0750
   2.0800
   2.0850
   2.0900
   2.0950
   2.1000
   2.1050
   2.1100
   2.1150
   2.1200
   2.1250
   2.1300
   2.1350
   2.1400
   2.1450
   2.1500
   2.1550
   2.1600
   2.1650
   2.1700
   2.1750
   2.1800
   2.1850
   2.1900
   2.1950
   2.2000
   2.2050
   2.2100
   2.2150
   2.2200
   2.2250
   2.2300
   2.2350
   2.2400
   2.2450
   2.2500
   2.2550
   2.2600
   2.2650
   2.2700
   2.2750
   2.2800
   2.2850
   2.2900
   2.2950
   2.3000
   2.3050
   2.3100
   2.3150
   2.3200
   2.3250
   2.3300
   2.3350
   2.3400
   2.3450
   2.3500
   2.3550
   2.3600
   2.3650
   2.3700
   2.3750
   2.3800
   2.3850
   2.3900
   2.3950
   2.4000
   2.4050
   2.4100
   2.4150
   2.4200
   2.4250
   2.4300
   2.4350
   2.4400
   2.4450
   2.4500
   2.4550
   2.4600
   2.4650
   2.4700
   2.4750
   2.4800
   2.4850
   2.4900
   2.4950
   2.5000
   2.5050
   2.5100
   2.5150
   2.5200
   2.5250
   2.5300
   2.5350
   2.5400
   2.5450
   2.5500
   2.5550
   2.5600
   2.5650
   2.5700
   2.5750
   2.5800
   2.5850
   2.5900
   2.5950

        0        0        0        0        0        0        0        0        0        0
        0        0        0        0        0        0        0        0        0        0
        0        0        0        0        0        0        0        0        0        0
        0        0        0        0        0        0        0        0        0        0
        0        0        0        0        0        0        0        0        0        0
        0        0        0        0        0        0        0        0        0        0
        0        0        0        0        0        0        0        0        0        0
        0        0        0        0        0        0        0        0        0        0
        0        0        0        0        0        0        0        0        0        0
        0        0        0        0        0        0        0        0        0        0
        0        0        0        0        0        0        0        0        0        0
        0        0        0        0        0        0        0        0        0        0
        0        0        0        0        0        0        0        0        0        0
        0        0        0        0        0        0        0        0        0        0
        0        0        0        0        0        0        0        0        0        0
        0        0        0        0        0        0        0        0        0        0
        0        0        0        0        0        0        0        0        0        0
        0        0        0        0        0        0        0        0        0        0
        0        0        0        0        0        0        0        0        0        0
        0        0        0        0        0        0        0        0        0        0
        0        0        0        0        0        0        0        0        0        0
        0        0        0        0        0        0        0        0        0        0
        0        0        0        0        0        0        0        0        0        0
        0        0        0        0        0        0        0        0        0        0
        0        0        0        0        0        0        0        0        0        0
        0        0        0        0        0        0        0        0        0        0
        0        0        0        0        0        0        0        0        0        0
        0        0        0        0        0        0        0        0        0        0
        0        0        0        0        0        0        0        0        0        0
        0        0        0        0        0        0        0        0        0        0
        0        0        0        0        0        0        0        0        0        0
        0        0        0        0        0        0        0        0        0        0
        0        0        0        0        0        0        0        0        0        0
        0        0        0        0        0        0        0        0        0        0
        0        0        0        0        0        0        0        0        0        0
        0        0        0        0        0        0        0        0        0        0
        0        0        0        0        0        0        0        0        0        0
        0        0        0        0        0        0        0        0        0        0
        0        0        0        0        0        0        0        0        0        0
        0        0        0        0        0        0        0        0        0        0
        0        0        0        0        0        0        0        0        0        0
        0        0        0        0        0        0        0        0        0        0
        0        0        0        0        0        0        0        0        0        0
        0        0        0        0        0        0        0        0        0        0
        0        0        0        0        0        0        0        0        0        0
        0        0        0        0        0        0        0        0        0        0
        0        0        0        0        0        0        0        0        0        0
        0        0        0        0        0        0        0        0        0        0
        0        0        0        0        0        0        0        0        0        0
        0        0        0        0        0        0        0        0        0        0
        0        0        0        0        0        0        0        0        0        0
        0        0        0        0        0        0        0        0        0        0
        0        0        0        0        0        0        0        0        0        0
        0        0        0        0        0        0        0        0        0        0
        0        0        0        0        0        0        0        0        0        0
        0        0        0        0        0        0        0        0        0        0
        0        0        0        0        0        0        0        0        0        0
        0        0        0        0        0        0        0        0        0        0
        0        0        0        0        0        0        0        0        0        0
        0        0        0        0        0        0        0        0        0        0
     -inf  -2.2000  -2.1000  -2.0664  -2.0495  -2.0393  -2.0326  -2.0277  -2.0240  -2.0211
     -inf  -2.1986  -2.0987  -2.0654  -2.0487  -2.0378  -2.0305  -2.0252  -2.0213  -2.0182
     -inf  -2.2000  -2.1000  -2.0667  -2.0500  -2.0400  -2.0330  -2.0279  -2.0241  -2.0212
     -inf  -2.2000  -2.1000  -2.0667  -2.0500  -2.0400  -2.0333  -2.0285  -2.0248  -2.0218
     -inf  -2.1978  -2.0976  -2.0642  -2.0476  -2.0375  -2.0309  -2.0261  -2.0224  -2.0193
     -inf  -2.1974  -2.0974  -2.0639  -2.0470  -2.0368  -2.0301  -2.0251  -2.0214  -2.0183
     -inf  -2.2000  -2.0995  -2.0659  -2.0491  -2.0391  -2.0323  -2.0273  -2.0236  -2.0206
     -inf  -2.2000  -2.1000  -2.0664  -2.0491  -2.0383  -2.0311  -2.0257  -2.0217  -2.0184
     -inf  -2.2000  -2.1000  -2.0665  -2.0496  -2.0394  -2.0326  -2.0278  -2.0242  -2.0213
     -inf  -2.1986  -2.0987  -2.0654  -2.0487  -2.0387  -2.0321  -2.0273  -2.0237  -2.0210
     -inf  -2.2000  -2.1000  -2.0667  -2.0500  -2.0400  -2.0333  -2.0286  -2.0250  -2.0222
     -inf  -2.2000  -2.0994  -2.0658  -2.0490  -2.0387  -2.0318  -2.0269  -2.0231  -2.0201
     -inf  -2.1989  -2.0988  -2.0655  -2.0488  -2.0388  -2.0321  -2.0273  -2.0238  -2.0210
     -inf  -2.1987  -2.0987  -2.0654  -2.0488  -2.0383  -2.0313  -2.0263  -2.0225  -2.0196
     -inf  -2.2000  -2.1000  -2.0666  -2.0496  -2.0392  -2.0322  -2.0273  -2.0235  -2.0204
     -inf  -2.1986  -2.0981  -2.0640  -2.0467  -2.0364  -2.0295  -2.0245  -2.0206  -2.0176
     -inf  -2.2000  -2.1000  -2.0667  -2.0500  -2.0400  -2.0331  -2.0281  -2.0243  -2.0213
     -inf  -2.1984  -2.0979  -2.0645  -2.0477  -2.0377  -2.0310  -2.0260  -2.0222  -2.0192
     -inf  -2.1986  -2.0987  -2.0654  -2.0485  -2.0383  -2.0315  -2.0266  -2.0228  -2.0199
     -inf  -2.2000  -2.0993  -2.0649  -2.0478  -2.0375  -2.0306  -2.0257  -2.0219  -2.0189
     -inf  -2.2000  -2.1000  -2.0667  -2.0500  -2.0400  -2.0333  -2.0286  -2.0250  -2.0222
     -inf  -2.1972  -2.0974  -2.0641  -2.0474  -2.0372  -2.0304  -2.0255  -2.0219  -2.0190
     -inf  -2.2000  -2.1000  -2.0667  -2.0500  -2.0400  -2.0333  -2.0285  -2.0248  -2.0219
     -inf  -2.1996  -2.0992  -2.0657  -2.0489  -2.0386  -2.0315  -2.0264  -2.0223  -2.0192
     -inf  -2.1972  -2.0974  -2.0640  -2.0470  -2.0366  -2.0295  -2.0244  -2.0206  -2.0176
     -inf  -2.1993  -2.0990  -2.0653  -2.0484  -2.0382  -2.0312  -2.0258  -2.0216  -2.0184
     -inf  -2.2000  -2.1000  -2.0667  -2.0500  -2.0400  -2.0331  -2.0282  -2.0245  -2.0217
     -inf  -2.1990  -2.0989  -2.0655  -2.0488  -2.0387  -2.0318  -2.0269  -2.0232  -2.0202
     -inf  -2.1999  -2.0993  -2.0658  -2.0490  -2.0390  -2.0323  -2.0275  -2.0238  -2.0208
     -inf  -2.1986  -2.0987  -2.0650  -2.0481  -2.0380  -2.0312  -2.0264  -2.0228  -2.0197
        0        0        0        0        0        0        0        0        0        0
        0        0        0        0        0        0        0        0        0        0
        0        0        0        0        0        0        0        0        0        0
        0        0        0        0        0        0        0        0        0        0
        0        0        0        0        0        0        0        0        0        0
        0        0        0        0        0        0        0        0        0        0
        0        0        0        0        0        0        0        0        0        0
        0        0        0        0        0        0        0        0        0        0
        0        0        0        0        0        0        0        0        0        0
        0        0        0        0        0        0        0        0        0        0
        0        0        0        0        0        0        0        0        0        0
        0        0        0        0        0        0        0        0        0        0
        0        0        0        0        0        0        0        0        0        0
        0        0        0        0        0        0        0        0        0        0
        0        0        0        0        0        0        0        0        0        0
        0        0        0        0        0        0        0        0        0        0
        0        0        0        0        0        0        0        0        0        0
        0        0        0        0        0        0        0        0        0        0
        0        0        0        0        0        0        0        0        0        0
        0        0        0        0        0        0        0        0        0        0
        0        0        0        0        0        0        0        0        0        0
        0        0        0        0        0        0        0        0        0        0
        0        0        0        0        0        0        0        0        0        0
        0        0        0        0        0        0        0        0        0        0
        0        0        0        0        0        0        0        0        0        0
        0        0        0        0        0        0        0        0        0        0
        0        0        0        0        0        0        0        0        0        0
        0        0        0        0        0        0        0        0        0        0
        0        0        0        0        0        0        0        0        0        0
        0        0        0        0        0        0        0        0        0        0

        0        0        0        0        0        0        0        0        0        0
        0        0        0        0        0        0        0        0        0        0
        0        0        0        0        0        0        0        0        0        0
        0        0        0        0        0        0        0        0        0        0
        0        0        0        0        0        0        0        0        0        0
        0        0        0        0        0        0        0        0        0        0
        0        0        0        0        0        0        0        0        0        0
        0        0        0        0        0        0        0        0        0        0
        0        0        0        0        0        0        0        0        0        0
        0        0        0        0        0        0        0        0        0        0
        0        0        0        0        0        0        0        0        0        0
        0        0        0        0        0        0        0        0        0        0
        0        0        0        0        0        0        0        0        0        0
        0        0        0        0        0        0        0        0        0        0
        0        0        0        0        0        0        0        0        0        0
        0        0        0        0        0        0        0        0        0        0
        0        0        0        0        0        0        0        0        0        0
        0        0        0        0        0        0        0        0        0        0
        0        0        0        0        0        0        0        0        0        0
        0        0        0        0        0        0        0        0        0        0
        0        0        0        0        0        0        0        0        0        0
        0        0        0        0        0        0        0        0        0        0
        0        0        0        0        0        0        0        0        0        0
        0        0        0        0        0        0        0        0        0        0
        0        0        0        0        0        0        0        0        0        0
        0        0        0        0        0        0        0        0        0        0
        0        0        0        0        0        0        0        0        0        0
        0        0        0        0        0        0        0        0        0        0
        0        0        0        0        0        0        0        0        0        0
        0        0        0        0        0        0        0        0        0        0
        0        0        0        0        0        0        0        0        0        0
        0        0        0        0        0        0        0        0        0        0
        0        0        0        0        0        0        0        0        0        0
        0        0        0        0        0        0        0        0        0        0
        0        0        0        0        0        0        0        0        0        0
        0        0        0        0        0        0        0        0        0        0
        0        0        0        0        0        0        0        0        0        0
        0        0        0        0        0        0        0        0        0        0
        0        0        0        0        0        0        0        0        0        0
        0        0        0        0        0        0        0        0        0        0
        0        0        0        0        0        0        0        0        0        0
        0        0        0        0        0        0        0        0        0        0
        0        0        0        0        0        0        0        0        0        0
        0        0        0        0        0        0        0        0        0        0
        0        0        0        0        0        0        0        0        0        0
        0        0        0        0        0        0        0        0        0        0
        0        0        0        0        0        0        0        0        0        0
        0        0        0        0        0        0        0        0        0        0
        0        0        0        0        0        0        0        0        0        0
        0        0        0        0        0        0        0        0        0        0
        0        0        0        0        0        0        0        0        0        0
        0        0        0        0        0        0        0        0        0        0
        0        0        0        0        0        0        0        0        0        0
        0        0        0        0        0        0        0        0        0        0
        0        0        0        0        0        0        0        0        0        0
        0        0        0        0        0        0        0        0        0        0
        0        0        0        0        0        0        0        0        0        0
        0        0        0        0        0        0        0        0        0        0
        0        0        0        0        0        0        0        0        0        0
        0        0        0        0        0        0        0        0        0        0
      inf   1.1000   1.0500   1.0333   1.0249   1.0198   1.0165   1.0141   1.0123   1.0108
      inf   1.0997   1.0497   1.0330   1.0247   1.0195   1.0160   1.0135   1.0116   1.0101
      inf   1.1000   1.0500   1.0333   1.0250   1.0200   1.0166   1.0141   1.0123   1.0108
      inf   1.1000   1.0500   1.0333   1.0250   1.0200   1.0167   1.0143   1.0124   1.0110
      inf   1.0994   1.0494   1.0327   1.0244   1.0194   1.0161   1.0137   1.0119   1.0104
      inf   1.0993   1.0494   1.0326   1.0242   1.0192   1.0159   1.0134   1.0116   1.0101
      inf   1.1000   1.0499   1.0331   1.0248   1.0198   1.0164   1.0140   1.0121   1.0107
      inf   1.1000   1.0500   1.0333   1.0248   1.0196   1.0161   1.0136   1.0117   1.0102
      inf   1.1000   1.0500   1.0333   1.0249   1.0198   1.0165   1.0141   1.0123   1.0109
      inf   1.0997   1.0497   1.0330   1.0247   1.0197   1.0163   1.0140   1.0122   1.0108
      inf   1.1000   1.0500   1.0333   1.0250   1.0200   1.0167   1.0143   1.0125   1.0111
      inf   1.1000   1.0498   1.0331   1.0248   1.0197   1.0163   1.0139   1.0120   1.0106
      inf   1.0997   1.0497   1.0330   1.0247   1.0197   1.0164   1.0140   1.0122   1.0108
      inf   1.0997   1.0497   1.0330   1.0247   1.0196   1.0162   1.0137   1.0119   1.0105
      inf   1.1000   1.0500   1.0333   1.0249   1.0198   1.0164   1.0140   1.0121   1.0107
      inf   1.0997   1.0495   1.0327   1.0242   1.0191   1.0157   1.0133   1.0114   1.0100
      inf   1.1000   1.0500   1.0333   1.0250   1.0200   1.0166   1.0142   1.0123   1.0109
      inf   1.0996   1.0495   1.0328   1.0244   1.0194   1.0161   1.0136   1.0118   1.0103
      inf   1.0997   1.0497   1.0330   1.0246   1.0196   1.0162   1.0138   1.0120   1.0105
      inf   1.1000   1.0498   1.0329   1.0244   1.0194   1.0160   1.0136   1.0117   1.0103
      inf   1.1000   1.0500   1.0333   1.0250   1.0200   1.0167   1.0143   1.0125   1.0111
      inf   1.0993   1.0493   1.0327   1.0244   1.0193   1.0159   1.0135   1.0117   1.0103
      inf   1.1000   1.0500   1.0333   1.0250   1.0200   1.0167   1.0143   1.0124   1.0110
      inf   1.0999   1.0498   1.0331   1.0247   1.0196   1.0162   1.0137   1.0118   1.0104
      inf   1.0993   1.0493   1.0327   1.0243   1.0192   1.0157   1.0132   1.0114   1.0100
      inf   1.0998   1.0497   1.0330   1.0246   1.0195   1.0161   1.0136   1.0117   1.0102
      inf   1.1000   1.0500   1.0333   1.0250   1.0200   1.0166   1.0142   1.0124   1.0110
      inf   1.0998   1.0497   1.0330   1.0247   1.0197   1.0163   1.0139   1.0120   1.0106
      inf   1.1000   1.0498   1.0331   1.0248   1.0197   1.0164   1.0140   1.0122   1.0108
      inf   1.0997   1.0497   1.0329   1.0245   1.0195   1.0161   1.0137   1.0119   1.0105
        0        0        0        0        0        0        0        0        0        0
        0        0        0        0        0        0        0        0        0        0
        0        0        0        0        0        0        0        0        0        0
        0        0        0        0        0        0        0        0        0        0
        0        0        0        0        0        0        0        0        0        0
        0        0        0        0        0        0        0        0        0        0
        0        0        0        0        0        0        0        0        0        0
        0        0        0        0        0        0        0        0        0        0
        0        0        0        0        0        0        0        0        0        0
        0        0        0        0        0        0        0        0        0        0
        0        0        0        0        0        0        0        0        0        0
        0        0        0        0        0        0        0        0        0        0
        0        0        0        0        0        0        0        0        0        0
        0        0        0        0        0        0        0        0        0        0
        0        0        0        0        0        0        0        0        0        0
        0        0        0        0        0        0        0        0        0        0
        0        0        0        0        0        0        0        0        0        0
        0        0        0        0        0        0        0        0        0        0
        0        0        0        0        0        0        0        0        0        0
        0        0        0        0        0        0        0        0        0        0
        0        0        0        0        0        0        0        0        0        0
        0        0        0        0        0        0        0        0        0        0
        0        0        0        0        0        0        0        0        0        0
        0        0        0        0        0        0        0        0        0        0
        0        0        0        0        0        0        0        0        0        0
        0        0        0        0        0        0        0        0        0        0
        0        0        0        0        0        0        0        0        0        0
        0        0        0        0        0        0        0        0        0        0
        0        0        0        0        0        0        0        0        0        0
        0        0        0        0        0        0        0        0        0        0

        0        0        0        0        0        0        0        0        0        0
        0        0        0        0        0        0        0        0        0        0
        0        0        0        0        0        0        0        0        0        0
        0        0        0        0        0        0        0        0        0        0
        0        0        0        0        0        0        0        0        0        0
        0        0        0        0        0        0        0        0        0        0
        0        0        0        0        0        0        0        0        0        0
        0        0        0        0        0        0        0        0        0        0
        0        0        0        0        0        0        0        0        0        0
        0        0        0        0        0        0        0        0        0        0
        0        0        0        0        0        0        0        0        0        0
        0        0        0        0        0        0        0        0        0        0
        0        0        0        0        0        0        0        0        0        0
        0        0        0        0        0        0        0        0        0        0
        0        0        0        0        0        0        0        0        0        0
        0        0        0        0        0        0        0        0        0        0
        0        0        0        0        0        0        0        0        0        0
        0        0        0        0        0        0        0        0        0        0
        0        0        0        0        0        0        0        0        0        0
        0        0        0        0        0        0        0        0        0        0
        0        0        0        0        0        0        0        0        0        0
        0        0        0        0        0        0        0        0        0        0
        0        0        0        0        0        0        0        0        0        0
        0        0        0        0        0        0        0        0        0        0
        0        0        0        0        0        0        0        0        0        0
        0        0        0        0        0        0        0        0        0        0
        0        0        0        0        0        0        0        0        0        0
        0        0        0        0        0        0        0        0        0        0
        0        0        0        0        0        0        0        0        0        0
        0        0        0        0        0        0        0        0        0        0
        0        0        0        0        0        0        0        0        0        0
        0        0        0        0        0        0        0        0        0        0
        0        0        0        0        0        0        0        0        0        0
        0        0        0        0        0        0        0        0        0        0
        0        0        0        0        0        0        0        0        0        0
        0        0        0        0        0        0        0        0        0        0
        0        0        0        0        0        0        0        0        0        0
        0        0        0        0        0        0        0        0        0        0
        0        0        0        0        0        0        0        0        0        0
        0        0        0        0        0        0        0        0        0        0
        0        0        0        0        0        0        0        0        0        0
        0        0        0        0        0        0        0        0        0        0
        0        0        0        0        0        0        0        0        0        0
        0        0        0        0        0        0        0        0        0        0
        0        0        0        0        0        0        0        0        0        0
        0        0        0        0        0        0        0        0        0        0
        0        0        0        0        0        0        0        0        0        0
        0        0        0        0        0        0        0        0        0        0
        0        0        0        0        0        0        0        0        0        0
        0        0        0        0        0        0        0        0        0        0
        0        0        0        0        0        0        0        0        0        0
        0        0        0        0        0        0        0        0        0        0
        0        0        0        0        0        0        0        0        0        0
        0        0        0        0        0        0        0        0        0        0
        0        0        0        0        0        0        0        0        0        0
        0        0        0        0        0        0        0        0        0        0
        0        0        0        0        0        0        0        0        0        0
        0        0        0        0        0        0        0        0        0        0
        0        0        0        0        0        0        0        0        0        0
        0        0        0        0        0        0        0        0        0        0
      inf   1.1000   1.0500   1.0333   1.0249   1.0198   1.0165   1.0141   1.0123   1.0108
      inf   1.0997   1.0497   1.0330   1.0247   1.0195   1.0160   1.0135   1.0116   1.0101
      inf   1.1000   1.0500   1.0333   1.0250   1.0200   1.0166   1.0141   1.0123   1.0108
      inf   1.1000   1.0500   1.0333   1.0250   1.0200   1.0167   1.0143   1.0124   1.0110
      inf   1.0994   1.0494   1.0327   1.0244   1.0194   1.0161   1.0137   1.0119   1.0104
      inf   1.0993   1.0494   1.0326   1.0242   1.0192   1.0159   1.0134   1.0116   1.0101
      inf   1.1000   1.0499   1.0331   1.0248   1.0198   1.0164   1.0140   1.0121   1.0107
      inf   1.1000   1.0500   1.0333   1.0248   1.0196   1.0161   1.0136   1.0117   1.0102
      inf   1.1000   1.0500   1.0333   1.0249   1.0198   1.0165   1.0141   1.0123   1.0109
      inf   1.0997   1.0497   1.0330   1.0247   1.0197   1.0163   1.0140   1.0122   1.0108
      inf   1.1000   1.0500   1.0333   1.0250   1.0200   1.0167   1.0143   1.0125   1.0111
      inf   1.1000   1.0498   1.0331   1.0248   1.0197   1.0163   1.0139   1.0120   1.0106
      inf   1.0997   1.0497   1.0330   1.0247   1.0197   1.0164   1.0140   1.0122   1.0108
      inf   1.0997   1.0497   1.0330   1.0247   1.0196   1.0162   1.0137   1.0119   1.0105
      inf   1.1000   1.0500   1.0333   1.0249   1.0198   1.0164   1.0140   1.0121   1.0107
      inf   1.0997   1.0495   1.0327   1.0242   1.0191   1.0157   1.0133   1.0114   1.0100
      inf   1.1000   1.0500   1.0333   1.0250   1.0200   1.0166   1.0142   1.0123   1.0109
      inf   1.0996   1.0495   1.0328   1.0244   1.0194   1.0161   1.0136   1.0118   1.0103
      inf   1.0997   1.0497   1.0330   1.0246   1.0196   1.0162   1.0138   1.0120   1.0105
      inf   1.1000   1.0498   1.0329   1.0244   1.0194   1.0160   1.0136   1.0117   1.0103
      inf   1.1000   1.0500   1.0333   1.0250   1.0200   1.0167   1.0143   1.0125   1.0111
      inf   1.0993   1.0493   1.0327   1.0244   1.0193   1.0159   1.0135   1.0117   1.0103
      inf   1.1000   1.0500   1.0333   1.0250   1.0200   1.0167   1.0143   1.0124   1.0110
      inf   1.0999   1.0498   1.0331   1.0247   1.0196   1.0162   1.0137   1.0118   1.0104
      inf   1.0993   1.0493   1.0327   1.0243   1.0192   1.0157   1.0132   1.0114   1.0100
      inf   1.0998   1.0497   1.0330   1.0246   1.0195   1.0161   1.0136   1.0117   1.0102
      inf   1.1000   1.0500   1.0333   1.0250   1.0200   1.0166   1.0142   1.0124   1.0110
      inf   1.0998   1.0497   1.0330   1.0247   1.0197   1.0163   1.0139   1.0120   1.0106
      inf   1.1000   1.0498   1.0331   1.0248   1.0197   1.0164   1.0140   1.0122   1.0108
      inf   1.0997   1.0497   1.0329   1.0245   1.0195   1.0161   1.0137   1.0119   1.0105
        0        0        0        0        0        0        0        0        0        0
        0        0        0        0        0        0        0        0        0        0
        0        0        0        0        0        0        0        0        0        0
        0        0        0        0        0        0        0        0        0        0
        0        0        0        0        0        0        0        0        0        0
        0        0        0        0        0        0        0        0        0        0
        0        0        0        0        0        0        0        0        0        0
        0        0        0        0        0        0        0        0        0        0
        0        0        0        0        0        0        0        0        0        0
        0        0        0        0        0        0        0        0        0        0
        0        0        0        0        0        0        0        0        0        0
        0        0        0        0        0        0        0        0        0        0
        0        0        0        0        0        0        0        0        0        0
        0        0        0        0        0        0        0        0        0        0
        0        0        0        0        0        0        0        0        0        0
        0        0        0        0        0        0        0        0        0        0
        0        0        0        0        0        0        0        0        0        0
        0        0        0        0        0        0        0        0        0        0
        0        0        0        0        0        0        0        0        0        0
        0        0        0        0        0        0        0        0        0        0
        0        0        0        0        0        0        0        0        0        0
        0        0        0        0        0        0        0        0        0        0
        0        0        0        0        0        0        0        0        0        0
        0        0        0        0        0        0        0        0        0        0
        0        0        0        0        0        0        0        0        0        0
        0        0        0        0        0        0        0        0        0        0
        0        0        0        0        0        0        0        0        0        0
        0        0        0        0        0        0        0        0        0        0
        0        0        0        0        0        0        0        0        0        0
        0        0        0        0        0        0        0        0        0        0

            0            0            0            0            0            0            0            0            0            0
            0            0            0            0            0            0            0            0            0            0
            0            0            0            0            0            0            0            0            0            0
            0            0            0            0            0            0            0            0            0            0
            0            0            0            0            0            0            0            0            0            0
            0            0            0            0            0            0            0            0            0            0
            0            0            0            0            0            0            0            0            0            0
            0            0            0            0            0            0            0            0            0            0
            0            0            0            0            0            0            0            0            0            0
            0            0            0            0            0            0            0            0            0            0
            0            0            0            0            0            0            0            0            0            0
            0            0            0            0            0            0            0            0            0            0
            0            0            0            0            0            0            0            0            0            0
            0            0            0            0            0            0            0            0            0            0
            0            0            0            0            0            0            0            0            0            0
            0            0            0            0            0            0            0            0            0            0
            0            0            0            0            0            0            0            0            0            0
            0            0            0            0            0            0            0            0            0            0
            0            0            0            0            0            0            0            0            0            0
            0            0            0            0            0            0            0            0            0            0
            0            0            0            0            0            0            0            0            0            0
            0            0            0            0            0            0            0            0            0            0
            0            0            0            0            0            0            0            0            0            0
            0            0            0            0            0            0            0            0            0            0
            0            0            0            0            0            0            0            0            0            0
            0            0            0            0            0            0            0            0            0            0
            0            0            0            0            0            0            0            0            0            0
            0            0            0            0            0            0            0            0            0            0
            0            0            0            0            0            0            0            0            0            0
            0            0            0            0            0            0            0            0            0            0
            0            0            0            0            0            0            0            0            0            0
            0            0            0            0            0            0            0            0            0            0
            0            0            0            0            0            0            0            0            0            0
            0            0            0            0            0            0            0            0            0            0
            0            0            0            0            0            0            0            0            0            0
            0            0            0            0            0            0            0            0            0            0
            0            0            0            0            0            0            0            0            0            0
            0            0            0            0            0            0            0            0            0            0
            0            0            0            0            0            0            0            0            0            0
            0            0            0            0            0            0            0            0            0            0
            0            0            0            0            0            0            0            0            0            0
            0            0            0            0            0            0            0            0            0            0
            0            0            0            0            0            0            0            0            0            0
            0            0            0            0            0            0            0            0            0            0
            0            0            0            0            0            0            0            0            0            0
            0            0            0            0            0            0            0            0            0            0
            0            0            0            0            0            0            0            0            0            0
            0            0            0            0            0            0            0            0            0            0
            0            0            0            0            0            0            0            0            0            0
            0            0            0            0            0            0            0            0            0            0
            0            0            0            0            0            0            0            0            0            0
            0            0            0            0            0            0            0            0            0            0
            0            0            0            0            0            0            0            0            0            0
            0            0            0            0            0            0            0            0            0            0
            0            0            0            0            0            0            0            0            0            0
            0            0            0            0            0            0            0            0            0            0
            0            0            0            0            0            0            0            0            0            0
            0            0            0            0            0            0            0            0            0            0
            0            0            0            0            0            0            0            0            0            0
            0            0            0            0            0            0            0            0            0            0
          nan  -5.3233e+02  -2.5406e+02  -1.6664e+02  -1.2394e+02  -9.8656e+01  -8.1937e+01  -7.0062e+01  -6.1187e+01  -5.4305e+01
          nan  -5.2936e+02  -2.5265e+02  -1.6576e+02  -1.2331e+02  -9.8081e+01  -8.1409e+01  -6.9580e+01  -6.0752e+01  -5.3912e+01
          nan  -5.2773e+02  -2.5187e+02  -1.6525e+02  -1.2294e+02  -9.7869e+01  -8.1262e+01  -6.9468e+01  -6.0663e+01  -5.3839e+01
          nan  -5.2545e+02  -2.5078e+02  -1.6453e+02  -1.2241e+02  -9.7447e+01  -8.0940e+01  -6.9211e+01  -6.0444e+01  -5.3642e+01
          nan  -5.2212e+02  -2.4914e+02  -1.6344e+02  -1.2159e+02  -9.6794e+01  -8.0397e+01  -6.8750e+01  -6.0044e+01  -5.3279e+01
          nan  -5.1970e+02  -2.4802e+02  -1.6269e+02  -1.2100e+02  -9.6312e+01  -7.9989e+01  -6.8387e+01  -5.9721e+01  -5.2994e+01
          nan  -5.1871e+02  -2.4745e+02  -1.6230e+02  -1.2073e+02  -9.6106e+01  -7.9818e+01  -6.8241e+01  -5.9596e+01  -5.2888e+01
          nan  -5.1649e+02  -2.4650e+02  -1.6168e+02  -1.2021e+02  -9.5618e+01  -7.9377e+01  -6.7838e+01  -5.9223e+01  -5.2544e+01
          nan  -5.1428e+02  -2.4545e+02  -1.6101e+02  -1.1975e+02  -9.5319e+01  -7.9164e+01  -6.7691e+01  -5.9122e+01  -5.2478e+01
          nan  -5.1145e+02  -2.4410e+02  -1.6015e+02  -1.1914e+02  -9.4851e+01  -7.8784e+01  -6.7371e+01  -5.8846e+01  -5.2236e+01
          nan  -5.0991e+02  -2.4337e+02  -1.5967e+02  -1.1879e+02  -9.4566e+01  -7.8547e+01  -6.7169e+01  -5.8669e+01  -5.2076e+01
          nan  -5.0775e+02  -2.4219e+02  -1.5886e+02  -1.1817e+02  -9.4044e+01  -7.8098e+01  -6.6774e+01  -5.8311e+01  -5.1749e+01
          nan  -5.0508e+02  -2.4104e+02  -1.5813e+02  -1.1764e+02  -9.3654e+01  -7.7789e+01  -6.6520e+01  -5.8102e+01  -5.1575e+01
          nan  -5.0289e+02  -2.4000e+02  -1.5746e+02  -1.1714e+02  -9.3211e+01  -7.7395e+01  -6.6167e+01  -5.7783e+01  -5.1285e+01
          nan  -5.0134e+02  -2.3928e+02  -1.5697e+02  -1.1675e+02  -9.2903e+01  -7.7144e+01  -6.5955e+01  -5.7593e+01  -5.1111e+01
          nan  -4.9861e+02  -2.3783e+02  -1.5591e+02  -1.1592e+02  -9.2254e+01  -7.6609e+01  -6.5493e+01  -5.7189e+01  -5.0754e+01
          nan  -4.9714e+02  -2.3727e+02  -1.5567e+02  -1.1581e+02  -9.2192e+01  -7.6561e+01  -6.5453e+01  -5.7156e+01  -5.0725e+01
          nan  -4.9433e+02  -2.3581e+02  -1.5469e+02  -1.1507e+02  -9.1601e+01  -7.6082e+01  -6.5047e+01  -5.6801e+01  -5.0407e+01
          nan  -4.9237e+02  -2.3500e+02  -1.5418e+02  -1.1468e+02  -9.1274e+01  -7.5803e+01  -6.4815e+01  -5.6600e+01  -5.0233e+01
          nan  -4.9093e+02  -2.3414e+02  -1.5346e+02  -1.1411e+02  -9.0815e+01  -7.5416e+01  -6.4481e+01  -5.6309e+01  -4.9971e+01
          nan  -4.8889e+02  -2.3333e+02  -1.5309e+02  -1.1389e+02  -9.0667e+01  -7.5309e+01  -6.4399e+01  -5.6250e+01  -4.9931e+01
          nan  -4.8564e+02  -2.3178e+02  -1.5207e+02  -1.1313e+02  -9.0047e+01  -7.4780e+01  -6.3939e+01  -5.5843e+01  -4.9567e+01
          nan  -4.8484e+02  -2.3140e+02  -1.5182e+02  -1.1295e+02  -8.9916e+01  -7.4685e+01  -6.3860e+01  -5.5771e+01  -4.9501e+01
          nan  -4.8267e+02  -2.3027e+02  -1.5105e+02  -1.1235e+02  -8.9420e+01  -7.4244e+01  -6.3463e+01  -5.5402e+01  -4.9162e+01
          nan  -4.7964e+02  -2.2892e+02  -1.5017e+02  -1.1169e+02  -8.8880e+01  -7.3788e+01  -6.3076e+01  -5.5079e+01  -4.8881e+01
          nan  -4.7853e+02  -2.2833e+02  -1.4975e+02  -1.1138e+02  -8.8649e+01  -7.3605e+01  -6.2902e+01  -5.4907e+01  -4.8715e+01
          nan  -4.7689e+02  -2.2761e+02  -1.4933e+02  -1.1109e+02  -8.8442e+01  -7.3447e+01  -6.2797e+01  -5.4845e+01  -4.8680e+01
          nan  -4.7450e+02  -2.2643e+02  -1.4855e+02  -1.1051e+02  -8.7967e+01  -7.3051e+01  -6.2459e+01  -5.4546e+01  -4.8408e+01
          nan  -4.7294e+02  -2.2560e+02  -1.4798e+02  -1.1008e+02  -8.7630e+01  -7.2783e+01  -6.2238e+01  -5.4354e+01  -4.8239e+01
          nan  -4.7047e+02  -2.2454e+02  -1.4727e+02  -1.0953e+02  -8.7188e+01  -7.2413e+01  -6.1919e+01  -5.4078e+01  -4.7990e+01
            0            0            0            0            0            0            0            0            0            0
            0            0            0            0            0            0            0            0            0            0
            0            0            0            0            0            0            0            0            0            0
            0            0            0            0            0            0            0            0            0            0
            0            0            0            0            0            0            0            0            0            0
            0            0            0            0            0            0            0            0            0            0
            0            0            0            0            0            0            0            0            0            0
            0            0            0            0            0            0            0            0            0            0
            0            0            0            0            0            0            0            0            0            0
            0            0            0            0            0            0            0            0            0            0
            0            0            0            0            0            0            0            0            0            0
            0            0            0            0            0            0            0            0            0            0
            0            0            0            0            0            0            0            0            0            0
            0            0            0            0            0            0            0            0            0            0
            0            0            0            0            0            0            0            0            0            0
            0            0            0            0            0            0            0            0            0            0
            0            0            0            0            0            0            0            0            0            0
            0            0            0            0            0            0            0            0            0            0
            0            0            0            0            0            0            0            0            0            0
            0            0            0            0            0            0            0            0            0            0
            0            0            0            0            0            0            0            0            0            0
            0            0            0            0            0            0            0            0            0            0
            0            0            0            0            0            0            0            0            0            0
            0            0            0            0            0            0            0            0            0            0
            0            0            0            0            0            0            0            0            0            0
            0            0            0            0            0            0            0            0            0            0
            0            0            0            0            0            0            0            0            0            0
            0            0            0            0            0            0            0            0            0            0
            0            0            0            0            0            0            0            0            0            0
            0            0            0            0            0            0            0            0            0            0

            0            0            0            0            0            0            0            0            0            0
            0            0            0            0            0            0            0            0            0            0
            0            0            0            0            0            0            0            0            0            0
            0            0            0            0            0            0            0            0            0            0
            0            0            0            0            0            0            0            0            0            0
            0            0            0            0            0            0            0            0            0            0
            0            0            0            0            0            0            0            0            0            0
            0            0            0            0            0            0            0            0            0            0
            0            0            0            0            0            0            0            0            0            0
            0            0            0            0            0            0            0            0            0            0
            0            0            0            0            0            0            0            0            0            0
            0            0            0            0            0            0            0            0            0            0
            0            0            0            0            0            0            0            0            0            0
            0            0            0            0            0            0            0            0            0            0
            0            0            0            0            0            0            0            0            0            0
            0            0            0            0            0            0            0            0            0            0
            0            0            0            0            0            0            0            0            0            0
            0            0            0            0            0            0            0            0            0            0
            0            0            0            0            0            0            0            0            0            0
            0            0            0            0            0            0            0            0            0            0
            0            0            0            0            0            0            0            0            0            0
            0            0            0            0            0            0            0            0            0            0
            0            0            0            0            0            0            0            0            0            0
            0            0            0            0            0            0            0            0            0            0
            0            0            0            0            0            0            0            0            0            0
            0            0            0            0            0            0            0            0            0            0
            0            0            0            0            0            0            0            0            0            0
            0            0            0            0            0            0            0            0            0            0
            0            0            0            0            0            0            0            0            0            0
            0            0            0            0            0            0            0            0            0            0
            0            0            0            0            0            0            0            0            0            0
            0            0            0            0            0            0            0            0            0            0
            0            0            0            0            0            0            0            0            0            0
            0            0            0            0            0            0            0            0            0            0
            0            0            0            0            0            0            0            0            0            0
            0            0            0            0            0            0            0            0            0            0
            0            0            0            0            0            0            0            0            0            0
            0            0            0            0            0            0            0            0            0            0
            0            0            0            0            0            0            0            0            0            0
            0            0            0            0            0            0            0            0            0            0
            0            0            0            0            0            0            0            0            0            0
            0            0            0            0            0            0            0            0            0            0
            0            0            0            0            0            0            0            0            0            0
            0            0            0            0            0            0            0            0            0            0
            0            0            0            0            0            0            0            0            0            0
            0            0            0            0            0            0            0            0            0            0
            0            0            0            0            0            0            0            0            0            0
            0            0            0            0            0            0            0            0            0            0
            0            0            0            0            0            0            0            0            0            0
            0            0            0            0            0            0            0            0            0            0
            0            0            0            0            0            0            0            0            0            0
            0            0            0            0            0            0            0            0            0            0
            0            0            0            0            0            0            0            0            0            0
            0            0            0            0            0            0            0            0            0            0
            0            0            0            0            0            0            0            0            0            0
            0            0            0            0            0            0            0            0            0            0
            0            0            0            0            0            0            0            0            0            0
            0            0            0            0            0            0            0            0            0            0
            0            0            0            0            0            0            0            0            0            0
            0            0            0            0            0            0            0            0            0            0
          nan  -3.0609e+02  -1.4609e+02  -9.5832e+01  -7.1286e+01  -5.6746e+01  -4.7132e+01  -4.0303e+01  -3.5200e+01  -3.1243e+01
          nan  -3.0523e+02  -1.4568e+02  -9.5578e+01  -7.1103e+01  -5.6581e+01  -4.6981e+01  -4.0165e+01  -3.5076e+01  -3.1131e+01
          nan  -3.0476e+02  -1.4545e+02  -9.5430e+01  -7.0996e+01  -5.6519e+01  -4.6937e+01  -4.0132e+01  -3.5049e+01  -3.1109e+01
          nan  -3.0410e+02  -1.4514e+02  -9.5224e+01  -7.0842e+01  -5.6397e+01  -4.6844e+01  -4.0057e+01  -3.4986e+01  -3.1052e+01
          nan  -3.0314e+02  -1.4466e+02  -9.4908e+01  -7.0606e+01  -5.6208e+01  -4.6687e+01  -3.9923e+01  -3.4870e+01  -3.0947e+01
          nan  -3.0243e+02  -1.4434e+02  -9.4689e+01  -7.0434e+01  -5.6068e+01  -4.6568e+01  -3.9818e+01  -3.4776e+01  -3.0864e+01
          nan  -3.0215e+02  -1.4417e+02  -9.4577e+01  -7.0356e+01  -5.6008e+01  -4.6518e+01  -3.9775e+01  -3.4739e+01  -3.0833e+01
          nan  -3.0150e+02  -1.4390e+02  -9.4395e+01  -7.0204e+01  -5.5866e+01  -4.6390e+01  -3.9659e+01  -3.4632e+01  -3.0734e+01
          nan  -3.0085e+02  -1.4359e+02  -9.4199e+01  -7.0070e+01  -5.5778e+01  -4.6328e+01  -3.9615e+01  -3.4601e+01  -3.0713e+01
          nan  -3.0003e+02  -1.4319e+02  -9.3947e+01  -6.9892e+01  -5.5641e+01  -4.6216e+01  -3.9521e+01  -3.4520e+01  -3.0642e+01
          nan  -2.9957e+02  -1.4298e+02  -9.3806e+01  -6.9787e+01  -5.5557e+01  -4.6147e+01  -3.9462e+01  -3.4468e+01  -3.0595e+01
          nan  -2.9894e+02  -1.4263e+02  -9.3569e+01  -6.9605e+01  -5.5404e+01  -4.6014e+01  -3.9346e+01  -3.4363e+01  -3.0500e+01
          nan  -2.9815e+02  -1.4229e+02  -9.3354e+01  -6.9450e+01  -5.5289e+01  -4.5923e+01  -3.9270e+01  -3.4301e+01  -3.0448e+01
          nan  -2.9751e+02  -1.4199e+02  -9.3155e+01  -6.9302e+01  -5.5158e+01  -4.5807e+01  -3.9167e+01  -3.4207e+01  -3.0362e+01
          nan  -2.9705e+02  -1.4177e+02  -9.3011e+01  -6.9186e+01  -5.5067e+01  -4.5733e+01  -3.9104e+01  -3.4151e+01  -3.0311e+01
          nan  -2.9624e+02  -1.4134e+02  -9.2697e+01  -6.8942e+01  -5.4875e+01  -4.5574e+01  -3.8967e+01  -3.4031e+01  -3.0205e+01
          nan  -2.9580e+02  -1.4118e+02  -9.2624e+01  -6.8908e+01  -5.4856e+01  -4.5559e+01  -3.8954e+01  -3.4021e+01  -3.0196e+01
          nan  -2.9496e+02  -1.4074e+02  -9.2331e+01  -6.8687e+01  -5.4680e+01  -4.5417e+01  -3.8833e+01  -3.3915e+01  -3.0102e+01
          nan  -2.9438e+02  -1.4050e+02  -9.2179e+01  -6.8569e+01  -5.4582e+01  -4.5333e+01  -3.8764e+01  -3.3855e+01  -3.0049e+01
          nan  -2.9395e+02  -1.4024e+02  -9.1965e+01  -6.8400e+01  -5.4445e+01  -4.5218e+01  -3.8665e+01  -3.3768e+01  -2.9971e+01
          nan  -2.9333e+02  -1.4000e+02  -9.1852e+01  -6.8333e+01  -5.4400e+01  -4.5185e+01  -3.8639e+01  -3.3750e+01  -2.9959e+01
          nan  -2.9236e+02  -1.3953e+02  -9.1546e+01  -6.8106e+01  -5.4214e+01  -4.5027e+01  -3.8501e+01  -3.3628e+01  -2.9849e+01
          nan  -2.9212e+02  -1.3942e+02  -9.1471e+01  -6.8050e+01  -5.4174e+01  -4.4998e+01  -3.8477e+01  -3.3606e+01  -2.9829e+01
          nan  -2.9146e+02  -1.3908e+02  -9.1239e+01  -6.7872e+01  -5.4025e+01  -4.4865e+01  -3.8358e+01  -3.3495e+01  -2.9728e+01
          nan  -2.9055e+02  -1.3867e+02  -9.0973e+01  -6.7670e+01  -5.3862e+01  -4.4727e+01  -3.8241e+01  -3.3397e+01  -2.9643e+01
          nan  -2.9021e+02  -1.3849e+02  -9.0846e+01  -6.7575e+01  -5.3792e+01  -4.4671e+01  -3.8188e+01  -3.3346e+01  -2.9593e+01
          nan  -2.8971e+02  -1.3827e+02  -9.0718e+01  -6.7490e+01  -5.3728e+01  -4.4623e+01  -3.8156e+01  -3.3326e+01  -2.9581e+01
          nan  -2.8899e+02  -1.3791e+02  -9.0480e+01  -6.7312e+01  -5.3584e+01  -4.4503e+01  -3.8053e+01  -3.3235e+01  -2.9498e+01
          nan  -2.8851e+02  -1.3766e+02  -9.0308e+01  -6.7181e+01  -5.3481e+01  -4.4421e+01  -3.7986e+01  -3.3176e+01  -2.9447e+01
          nan  -2.8775e+02  -1.3734e+02  -9.0089e+01  -6.7014e+01  -5.3346e+01  -4.4308e+01  -3.7888e+01  -3.3092e+01  -2.9371e+01
            0            0            0            0            0            0            0            0            0            0
            0            0            0            0            0            0            0            0            0            0
            0            0            0            0            0            0            0            0            0            0
            0            0            0            0            0            0            0            0            0            0
            0            0            0            0            0            0            0            0            0            0
            0            0            0            0            0            0            0            0            0            0
            0            0            0            0            0            0            0            0            0            0
            0            0            0            0            0            0            0            0            0            0
            0            0            0            0            0            0            0            0            0            0
            0            0            0            0            0            0            0            0            0            0
            0            0            0            0            0            0            0            0            0            0
            0            0            0            0            0            0            0            0            0            0
            0            0            0            0            0            0            0            0            0            0
            0            0            0            0            0            0            0            0            0            0
            0            0            0            0            0            0            0            0            0            0
            0            0            0            0            0            0            0            0            0            0
            0            0            0            0            0            0            0            0            0            0
            0            0            0            0            0            0            0            0            0            0
            0            0            0            0            0            0            0            0            0            0
            0            0            0            0            0            0            0            0            0            0
            0            0            0            0            0            0            0            0            0            0
            0            0            0            0            0            0            0            0            0            0
            0            0            0            0            0            0            0            0            0            0
            0            0            0            0            0            0            0            0            0            0
            0            0            0            0            0            0            0            0            0            0
            0            0            0            0            0            0            0            0            0            0
            0            0            0            0            0            0            0            0            0            0
            0            0            0            0            0            0            0            0            0            0
            0            0            0            0            0            0            0            0            0            0
            0            0            0            0            0            0            0            0            0            0

            0            0            0            0            0            0            0            0            0            0
            0            0            0            0            0            0            0            0            0            0
            0            0            0            0            0            0            0            0            0            0
            0            0            0            0            0            0            0            0            0            0
            0            0            0            0            0            0            0            0            0            0
            0            0            0            0            0            0            0            0            0            0
            0            0            0            0            0            0            0            0            0            0
            0            0            0            0            0            0            0            0            0            0
            0            0            0            0            0            0            0            0            0            0
            0            0            0            0            0            0            0            0            0            0
            0            0            0            0            0            0            0            0            0            0
            0            0            0            0            0            0            0            0            0            0
            0            0            0            0            0            0            0            0            0            0
            0            0            0            0            0            0            0            0            0            0
            0            0            0            0            0            0            0            0            0            0
            0            0            0            0            0            0            0            0            0            0
            0            0            0            0            0            0            0            0            0            0
            0            0            0            0            0            0            0            0            0            0
            0            0            0            0            0            0            0            0            0            0
            0            0            0            0            0            0            0            0            0            0
            0            0            0            0            0            0            0            0            0            0
            0            0            0            0            0            0            0            0            0            0
            0            0            0            0            0            0            0            0            0            0
            0            0            0            0            0            0            0            0            0            0
            0            0            0            0            0            0            0            0            0            0
            0            0            0            0            0            0            0            0            0            0
            0            0            0            0            0            0            0            0            0            0
            0            0            0            0            0            0            0            0            0            0
            0            0            0            0            0            0            0            0            0            0
            0            0            0            0            0            0            0            0            0            0
            0            0            0            0            0            0            0            0            0            0
            0            0            0            0            0            0            0            0            0            0
            0            0            0            0            0            0            0            0            0            0
            0            0            0            0            0            0            0            0            0            0
            0            0            0            0            0            0            0            0            0            0
            0            0            0            0            0            0            0            0            0            0
            0            0            0            0            0            0            0            0            0            0
            0            0            0            0            0            0            0            0            0            0
            0            0            0            0            0            0            0            0            0            0
            0            0            0            0            0            0            0            0            0            0
            0            0            0            0            0            0            0            0            0            0
            0            0            0            0            0            0            0            0            0            0
            0            0            0            0            0            0            0            0            0            0
            0            0            0            0            0            0            0            0            0            0
            0            0            0            0            0            0            0            0            0            0
            0            0            0            0            0            0            0            0            0            0
            0            0            0            0            0            0            0            0            0            0
            0            0            0            0            0            0            0            0            0            0
            0            0            0            0            0            0            0            0            0            0
            0            0            0            0            0            0            0            0            0            0
            0            0            0            0            0            0            0            0            0            0
            0            0            0            0            0            0            0            0            0            0
            0            0            0            0            0            0            0            0            0            0
            0            0            0            0            0            0            0            0            0            0
            0            0            0            0            0            0            0            0            0            0
            0            0            0            0            0            0            0            0            0            0
            0            0            0            0            0            0            0            0            0            0
            0            0            0            0            0            0            0            0            0            0
            0            0            0            0            0            0            0            0            0            0
            0            0            0            0            0            0            0            0            0            0
          nan  -3.0609e+02  -1.4609e+02  -9.5832e+01  -7.1286e+01  -5.6746e+01  -4.7132e+01  -4.0303e+01  -3.5200e+01  -3.1243e+01
          nan  -3.0523e+02  -1.4568e+02  -9.5578e+01  -7.1103e+01  -5.6581e+01  -4.6981e+01  -4.0165e+01  -3.5076e+01  -3.1131e+01
          nan  -3.0476e+02  -1.4545e+02  -9.5430e+01  -7.0996e+01  -5.6519e+01  -4.6937e+01  -4.0132e+01  -3.5049e+01  -3.1109e+01
          nan  -3.0410e+02  -1.4514e+02  -9.5224e+01  -7.0842e+01  -5.6397e+01  -4.6844e+01  -4.0057e+01  -3.4986e+01  -3.1052e+01
          nan  -3.0314e+02  -1.4466e+02  -9.4908e+01  -7.0606e+01  -5.6208e+01  -4.6687e+01  -3.9923e+01  -3.4870e+01  -3.0947e+01
          nan  -3.0243e+02  -1.4434e+02  -9.4689e+01  -7.0434e+01  -5.6068e+01  -4.6568e+01  -3.9818e+01  -3.4776e+01  -3.0864e+01
          nan  -3.0215e+02  -1.4417e+02  -9.4577e+01  -7.0356e+01  -5.6008e+01  -4.6518e+01  -3.9775e+01  -3.4739e+01  -3.0833e+01
          nan  -3.0150e+02  -1.4390e+02  -9.4395e+01  -7.0204e+01  -5.5866e+01  -4.6390e+01  -3.9659e+01  -3.4632e+01  -3.0734e+01
          nan  -3.0085e+02  -1.4359e+02  -9.4199e+01  -7.0070e+01  -5.5778e+01  -4.6328e+01  -3.9615e+01  -3.4601e+01  -3.0713e+01
          nan  -3.0003e+02  -1.4319e+02  -9.3947e+01  -6.9892e+01  -5.5641e+01  -4.6216e+01  -3.9521e+01  -3.4520e+01  -3.0642e+01
          nan  -2.9957e+02  -1.4298e+02  -9.3806e+01  -6.9787e+01  -5.5557e+01  -4.6147e+01  -3.9462e+01  -3.4468e+01  -3.0595e+01
          nan  -2.9894e+02  -1.4263e+02  -9.3569e+01  -6.9605e+01  -5.5404e+01  -4.6014e+01  -3.9346e+01  -3.4363e+01  -3.0500e+01
          nan  -2.9815e+02  -1.4229e+02  -9.3354e+01  -6.9450e+01  -5.5289e+01  -4.5923e+01  -3.9270e+01  -3.4301e+01  -3.0448e+01
          nan  -2.9751e+02  -1.4199e+02  -9.3155e+01  -6.9302e+01  -5.5158e+01  -4.5807e+01  -3.9167e+01  -3.4207e+01  -3.0362e+01
          nan  -2.9705e+02  -1.4177e+02  -9.3011e+01  -6.9186e+01  -5.5067e+01  -4.5733e+01  -3.9104e+01  -3.4151e+01  -3.0311e+01
          nan  -2.9624e+02  -1.4134e+02  -9.2697e+01  -6.8942e+01  -5.4875e+01  -4.5574e+01  -3.8967e+01  -3.4031e+01  -3.0205e+01
          nan  -2.9580e+02  -1.4118e+02  -9.2624e+01  -6.8908e+01  -5.4856e+01  -4.5559e+01  -3.8954e+01  -3.4021e+01  -3.0196e+01
          nan  -2.9496e+02  -1.4074e+02  -9.2331e+01  -6.8687e+01  -5.4680e+01  -4.5417e+01  -3.8833e+01  -3.3915e+01  -3.0102e+01
          nan  -2.9438e+02  -1.4050e+02  -9.2179e+01  -6.8569e+01  -5.4582e+01  -4.5333e+01  -3.8764e+01  -3.3855e+01  -3.0049e+01
          nan  -2.9395e+02  -1.4024e+02  -9.1965e+01  -6.8400e+01  -5.4445e+01  -4.5218e+01  -3.8665e+01  -3.3768e+01  -2.9971e+01
          nan  -2.9333e+02  -1.4000e+02  -9.1852e+01  -6.8333e+01  -5.4400e+01  -4.5185e+01  -3.8639e+01  -3.3750e+01  -2.9959e+01
          nan  -2.9236e+02  -1.3953e+02  -9.1546e+01  -6.8106e+01  -5.4214e+01  -4.5027e+01  -3.8501e+01  -3.3628e+01  -2.9849e+01
          nan  -2.9212e+02  -1.3942e+02  -9.1471e+01  -6.8050e+01  -5.4174e+01  -4.4998e+01  -3.8477e+01  -3.3606e+01  -2.9829e+01
          nan  -2.9146e+02  -1.3908e+02  -9.1239e+01  -6.7872e+01  -5.4025e+01  -4.4865e+01  -3.8358e+01  -3.3495e+01  -2.9728e+01
          nan  -2.9055e+02  -1.3867e+02  -9.0973e+01  -6.7670e+01  -5.3862e+01  -4.4727e+01  -3.8241e+01  -3.3397e+01  -2.9643e+01
          nan  -2.9021e+02  -1.3849e+02  -9.0846e+01  -6.7575e+01  -5.3792e+01  -4.4671e+01  -3.8188e+01  -3.3346e+01  -2.9593e+01
          nan  -2.8971e+02  -1.3827e+02  -9.0718e+01  -6.7490e+01  -5.3728e+01  -4.4623e+01  -3.8156e+01  -3.3326e+01  -2.9581e+01
          nan  -2.8899e+02  -1.3791e+02  -9.0480e+01  -6.7312e+01  -5.3584e+01  -4.4503e+01  -3.8053e+01  -3.3235e+01  -2.9498e+01
          nan  -2.8851e+02  -1.3766e+02  -9.0308e+01  -6.7181e+01  -5.3481e+01  -4.4421e+01  -3.7986e+01  -3.3176e+01  -2.9447e+01
          nan  -2.8775e+02  -1.3734e+02  -9.0089e+01  -6.7014e+01  -5.3346e+01  -4.4308e+01  -3.7888e+01  -3.3092e+01  -2.9371e+01
            0            0            0            0            0            0            0            0            0            0
            0            0            0            0            0            0            0            0            0            0
            0            0            0            0            0            0            0            0            0            0
            0            0            0            0            0            0            0            0            0            0
            0            0            0            0            0            0            0            0            0            0
            0            0            0            0            0            0            0            0            0            0
            0            0            0            0            0            0            0            0            0            0
            0            0            0            0            0            0            0            0            0            0
            0            0            0            0            0            0            0            0            0            0
            0            0            0            0            0            0            0            0            0            0
            0            0            0            0            0            0            0            0            0            0
            0            0            0            0            0            0            0            0            0            0
            0            0            0            0            0            0            0            0            0            0
            0            0            0            0            0            0            0            0            0            0
            0            0            0            0            0            0            0            0            0            0
            0            0            0            0            0            0            0            0            0            0
            0            0            0            0            0            0            0            0            0            0
            0            0            0            0            0            0            0            0            0            0
            0            0            0            0            0            0            0            0            0            0
            0            0            0            0            0            0            0            0            0            0
            0            0            0            0            0            0            0            0            0            0
            0            0            0            0            0            0            0            0            0            0
            0            0            0            0            0            0            0            0            0            0
            0            0            0            0            0            0            0            0            0            0
            0            0            0            0            0            0            0            0            0            0
            0            0            0            0            0            0            0            0            0            0
            0            0            0            0            0            0            0            0            0            0
            0            0            0            0            0            0            0            0            0            0
            0            0            0            0            0            0            0            0            0            0
            0            0            0            0            0            0            0            0            0            0

        0        0        0        0        0        0        0        0        0        0
        0        0        0        0        0        0        0        0        0        0
        0        0        0        0        0        0        0        0        0        0
        0        0        0        0        0        0        0        0        0        0
        0        0        0        0        0        0        0        0        0        0
        0        0        0        0        0        0        0        0        0        0
        0        0        0        0        0        0        0        0        0        0
        0        0        0        0        0        0        0        0        0        0
        0        0        0        0        0        0        0        0        0        0
        0        0        0        0        0        0        0        0        0        0
        0        0        0        0        0        0        0        0        0        0
        0        0        0        0        0        0        0        0        0        0
        0        0        0        0        0        0        0        0        0        0
        0        0        0        0        0        0        0        0        0        0
        0        0        0        0        0        0        0        0        0        0
        0        0        0        0        0        0        0        0        0        0
        0        0        0        0        0        0        0        0        0        0
        0        0        0        0        0        0        0        0        0        0
        0        0        0        0        0        0        0        0        0        0
        0        0        0        0        0        0        0        0        0        0
        0        0        0        0        0        0        0        0        0        0
        0        0        0        0        0        0        0        0        0        0
        0        0        0        0        0        0        0        0        0        0
        0        0        0        0        0        0        0        0        0        0
        0        0        0        0        0        0        0        0        0        0
        0        0        0        0        0        0        0        0        0        0
        0        0        0        0        0        0        0        0        0        0
        0        0        0        0        0        0        0        0        0        0
        0        0        0        0        0        0        0        0        0        0
        0        0        0        0        0        0        0        0        0        0
        0        0        0        0        0        0        0        0        0        0
        0        0        0        0        0        0        0        0        0        0
        0        0        0        0        0        0        0        0        0        0
        0        0        0        0        0        0        0        0        0        0
        0        0        0        0        0        0        0        0        0        0
        0        0        0        0        0        0        0        0        0        0
        0        0        0        0        0        0        0        0        0        0
        0        0        0        0        0        0        0        0        0        0
        0        0        0        0        0        0        0        0        0        0
        0        0        0        0        0        0        0        0        0        0
        0        0        0        0        0        0        0        0        0        0
        0        0        0        0        0        0        0        0        0        0
        0        0        0        0        0        0        0        0        0        0
        0        0        0        0        0        0        0        0        0        0
        0        0        0        0        0        0        0        0        0        0
        0        0        0        0        0        0        0        0        0        0
        0        0        0        0        0        0        0        0        0        0
        0        0        0        0        0        0        0        0        0        0
        0        0        0        0        0        0        0        0        0        0
        0        0        0        0        0        0        0        0        0        0
        0        0        0        0        0        0        0        0        0        0
        0        0        0        0        0        0        0        0        0        0
        0        0        0        0        0        0        0        0        0        0
        0        0        0        0        0        0        0        0        0        0
        0        0        0        0        0        0        0        0        0        0
        0        0        0        0        0        0        0        0        0        0
        0        0        0        0        0        0        0        0        0        0
        0        0        0        0        0        0        0        0        0        0
        0        0        0        0        0        0        0        0        0        0
        0        0        0        0        0        0        0        0        0        0
      nan        0        0   0.0333   0.0250   0.0200   0.0167   0.0143   0.0250   0.0222
      inf   0.1000   0.0500   0.0333   0.0500   0.1000   0.0833   0.0714   0.0625   0.0556
      nan        0        0        0        0        0   0.0333   0.0286   0.0250   0.0222
      nan        0        0        0        0        0        0   0.0143   0.0125   0.0222
      inf   0.2000   0.1000   0.0667   0.0500   0.0400   0.0333   0.0286   0.0375   0.0667
      inf   0.2000   0.1000   0.1000   0.0750   0.0600   0.0500   0.0571   0.0500   0.0667
      nan        0   0.0500   0.0333   0.0250   0.0200   0.0333   0.0286   0.0250   0.0333
      nan        0        0   0.0667   0.0750   0.0800   0.0667   0.0714   0.0750   0.0667
      nan        0        0   0.0333   0.0250   0.0200   0.0167   0.0143   0.0125   0.0111
      inf   0.1000   0.0500   0.0333   0.0250   0.0200   0.0167   0.0143   0.0125   0.0111
      nan        0        0        0        0        0        0        0        0   0.0111
      nan        0   0.0500   0.0333   0.0500   0.0400   0.0333   0.0286   0.0375   0.0333
      nan   0.1000   0.0500   0.0333   0.0250   0.0200   0.0167   0.0143   0.0125   0.0111
      nan   0.1000   0.0500   0.0333   0.0250   0.0600   0.0500   0.0429   0.0375   0.0333
      nan        0        0   0.0333   0.0250   0.0400   0.0333   0.0286   0.0375   0.0333
      inf   0.1000   0.1000   0.1333   0.1000   0.0800   0.0667   0.0714   0.0625   0.0556
      nan        0        0        0        0   0.0200   0.0167   0.0286   0.0250   0.0222
      nan   0.2000   0.1000   0.0667   0.0500   0.0400   0.0333   0.0429   0.0500   0.0444
      inf   0.1000   0.0500   0.0333   0.0500   0.0400   0.0333   0.0286   0.0375   0.0333
      nan        0   0.1500   0.1000   0.0750   0.0600   0.0500   0.0429   0.0500   0.0556
      nan        0        0        0        0        0        0        0        0        0
      inf   0.2000   0.1000   0.0667   0.0500   0.0600   0.0500   0.0429   0.0375   0.0333
      nan        0        0        0        0        0        0   0.0143   0.0125   0.0111
      nan   0.1000   0.0500   0.0333   0.0500   0.0400   0.0500   0.0714   0.0625   0.0667
      inf   0.2000   0.1000   0.1000   0.0750   0.1000   0.0833   0.0714   0.0625   0.0556
      nan   0.1000   0.0500   0.0667   0.0500   0.0400   0.0667   0.0857   0.0750   0.0667
      nan        0        0        0        0        0   0.0167   0.0143   0.0125   0.0111
      nan   0.1000   0.0500   0.0333   0.0250   0.0400   0.0333   0.0286   0.0375   0.0333
      nan   0.1000   0.0500   0.0333   0.0250   0.0200   0.0167   0.0143   0.0250   0.0333
      inf   0.1000   0.0500   0.0667   0.0500   0.0400   0.0333   0.0286   0.0375   0.0444
        0        0        0        0        0        0        0        0        0        0
        0        0        0        0        0        0        0        0        0        0
        0        0        0        0        0        0        0        0        0        0
        0        0        0        0        0        0        0        0        0        0
        0        0        0        0        0        0        0        0        0        0
        0        0        0        0        0        0        0        0        0        0
        0        0        0        0        0        0        0        0        0        0
        0        0        0        0        0        0        0        0        0        0
        0        0        0        0        0        0        0        0        0        0
        0        0        0        0        0        0        0        0        0        0
        0        0        0        0        0        0        0        0        0        0
        0        0        0        0        0        0        0        0        0        0
        0        0        0        0        0        0        0        0        0        0
        0        0        0        0        0        0        0        0        0        0
        0        0        0        0        0        0        0        0        0        0
        0        0        0        0        0        0        0        0        0        0
        0        0        0        0        0        0        0        0        0        0
        0        0        0        0        0        0        0        0        0        0
        0        0        0        0        0        0        0        0        0        0
        0        0        0        0        0        0        0        0        0        0
        0        0        0        0        0        0        0        0        0        0
        0        0        0        0        0        0        0        0        0        0
        0        0        0        0        0        0        0        0        0        0
        0        0        0        0        0        0        0        0        0        0
        0        0        0        0        0        0        0        0        0        0
        0        0        0        0        0        0        0        0        0        0
        0        0        0        0        0        0        0        0        0        0
        0        0        0        0        0        0        0        0        0        0
        0        0        0        0        0        0        0        0        0        0
        0        0        0        0        0        0        0        0        0        0

