   2.0000
   2.0050
   2.0100
   2.0150
   2.0200
   2.0250
   2.0300
   2.0350
   2.0400
   2.0450
   2.0500
   2.0550
   2.0600
   2.0650
   2.0700
   2.0750
   2.0800
   2.0850
   2.0900
   2.0950
   2.1000
   2.1050
   2.1100
   2.1150
   2.1200
   2.1250
   2.1300
   2.1350
   2.1400
   2.1450
   2.1500
   2.1550
   2.1600
   2.1650
   2.1700
   2.1750
   2.1800
   2.1850
   2.1900
   2.1950
   2.2000
   2.2050
   2.2100
   2.2150
   2.2200
   2.2250
   2.2300
   2.2350
   2.2400
   2.2450
   2.2500
   2.2550
   2.2600
   2.2650
   2.2700
   2.2750
   2.2800
   2.2850
   2.2900
   2.2950
   2.3000
   2.3050
   2.3100
   2.3150
   2.3200
   2.3250
   2.3300
   2.3350
   2.3400
   2.3450
   2.3500
   2.3550
   2.3600
   2.3650
   2.3700
   2.3750
   2.3800
   2.3850
   2.3900
   2.3950
   2.4000
   2.4050
   2.4100
   2.4150
   2.4200
   2.4250
   2.4300
   2.4350
   2.4400
   2.4450
   2.4500
   2.4550
   2.4600
   2.4650
   2.4700
   2.4750
   2.4800
   2.4850
   2.4900
   2.4950
   2.5000
   2.5050
   2.5100
   2.5150
   2.5200
   2.5250
   2.5300
   2.5350
   2.5400
   2.5450
   2.5500
   2.5550
   2.5600
   2.5650
   2.5700
   2.5750
   2.5800
   2.5850
   2.5900
   2.5950

        0        0        0        0        0        0        0        0        0        0
        0        0        0        0        0        0        0        0        0        0
        0        0        0        0        0        0        0        0        0        0
        0        0        0        0        0        0        0        0        0        0
        0        0        0        0        0        0        0        0        0        0
        0        0        0        0        0        0        0        0        0        0
        0        0        0        0        0        0        0        0        0        0
        0        0        0        0        0        0        0        0        0        0
        0        0        0        0        0        0        0        0        0        0
        0        0        0        0        0        0        0        0        0        0
        0        0        0        0        0        0        0        0        0        0
        0        0        0        0        0        0        0        0        0        0
        0        0        0        0        0        0        0        0        0        0
        0        0        0        0        0        0        0        0        0        0
        0        0        0        0        0        0        0        0        0        0
        0        0        0        0        0        0        0        0        0        0
        0        0        0        0        0        0        0        0        0        0
        0        0        0        0        0        0        0        0        0        0
        0        0        0        0        0        0        0        0        0        0
        0        0        0        0        0        0        0        0        0        0
        0        0        0        0        0        0        0        0        0        0
        0        0        0        0        0        0        0        0        0        0
        0        0        0        0        0        0        0        0        0        0
        0        0        0        0        0        0        0        0        0        0
        0        0        0        0        0        0        0        0        0        0
        0        0        0        0        0        0        0        0        0        0
        0        0        0        0        0        0        0        0        0        0
        0        0        0        0        0        0        0        0        0        0
        0        0        0        0        0        0        0        0        0        0
        0        0        0        0        0        0        0        0        0        0
        0        0        0        0        0        0        0        0        0        0
        0        0        0        0        0        0        0        0        0        0
        0        0        0        0        0        0        0        0        0        0
        0        0        0        0        0        0        0        0        0        0
        0        0        0        0        0        0        0        0        0        0
        0        0        0        0        0        0        0        0        0        0
        0        0        0        0        0        0        0        0        0        0
        0        0        0        0        0        0        0        0        0        0
        0        0        0        0        0        0        0        0        0        0
        0        0        0        0        0        0        0        0        0        0
        0        0        0        0        0        0        0        0        0        0
        0        0        0        0        0        0        0        0        0        0
        0        0        0        0        0        0        0        0        0        0
        0        0        0        0        0        0        0        0        0        0
        0        0        0        0        0        0        0        0        0        0
        0        0        0        0        0        0        0        0        0        0
        0        0        0        0        0        0        0        0        0        0
        0        0        0        0        0        0        0        0        0        0
        0        0        0        0        0        0        0        0        0        0
        0        0        0        0        0        0        0        0        0        0
        0        0        0        0        0        0        0        0        0        0
        0        0        0        0        0        0        0        0        0        0
        0        0        0        0        0        0        0        0        0        0
        0        0        0        0        0        0        0        0        0        0
        0        0        0        0        0        0        0        0        0        0
        0        0        0        0        0        0        0        0        0        0
        0        0        0        0        0        0        0        0        0        0
        0        0        0        0        0        0        0        0        0        0
        0        0        0        0        0        0        0        0        0        0
        0        0        0        0        0        0        0        0        0        0
     -inf  -1.4038  -1.4121  -1.4090  -1.4148  -1.4116  -1.4106  -1.4118  -1.4211  -1.4246
     -inf  -1.3976  -1.3860  -1.3867  -1.3972  -1.3934  -1.3928  -1.3874  -1.3855  -1.3830
     -inf  -1.4224  -1.4202  -1.4306  -1.4252  -1.4212  -1.4119  -1.4063  -1.3995  -1.3865
     -inf  -1.4279  -1.4060  -1.4020  -1.3901  -1.3907  -1.3808  -1.3696  -1.3559  -1.3453
     -inf  -1.4213  -1.3995  -1.3863  -1.3706  -1.3511  -1.3388  -1.3319  -1.3346  -1.3332
     -inf  -1.4430  -1.4192  -1.3991  -1.3808  -1.3776  -1.3774  -1.3729  -1.3702  -1.3651
     -inf  -1.3935  -1.3678  -1.3572  -1.3633  -1.3716  -1.3776  -1.3816  -1.3838  -1.3839
     -inf  -1.4184  -1.3989  -1.3965  -1.3799  -1.3853  -1.3774  -1.3733  -1.3665  -1.3583
     -inf  -1.3948  -1.3738  -1.3707  -1.3672  -1.3640  -1.3605  -1.3544  -1.3526  -1.3531
     -inf  -1.3507  -1.3371  -1.3271  -1.3204  -1.3121  -1.3132  -1.3083  -1.3077  -1.3071
     -inf  -1.2660  -1.2893  -1.2607  -1.2508  -1.2427  -1.2382  -1.2419  -1.2445  -1.2499
     -inf  -1.3558  -1.3545  -1.3542  -1.3515  -1.3498  -1.3403  -1.3267  -1.3212  -1.3162
     -inf  -1.3766  -1.3564  -1.3385  -1.3259  -1.3210  -1.3185  -1.3118  -1.3081  -1.3027
     -inf  -1.3492  -1.3225  -1.3053  -1.2967  -1.2966  -1.2929  -1.2895  -1.2873  -1.2855
     -inf  -1.3786  -1.3575  -1.3416  -1.3366  -1.3285  -1.3201  -1.3117  -1.3027  -1.2976
     -inf  -1.3977  -1.3858  -1.3714  -1.3440  -1.3276  -1.3217  -1.3224  -1.3201  -1.3187
     -inf  -1.3489  -1.3214  -1.3114  -1.3026  -1.2940  -1.2898  -1.2825  -1.2781  -1.2723
     -inf  -1.3439  -1.3445  -1.3517  -1.3576  -1.3478  -1.3402  -1.3410  -1.3368  -1.3313
     -inf  -1.3502  -1.3087  -1.2941  -1.2906  -1.2898  -1.2920  -1.2903  -1.2826  -1.2786
     -inf  -1.3313  -1.3054  -1.2861  -1.2708  -1.2607  -1.2578  -1.2532  -1.2521  -1.2513
     -inf  -1.2451  -1.2628  -1.2600  -1.2579  -1.2603  -1.2698  -1.2703  -1.2702  -1.2640
     -inf  -1.3038  -1.2934  -1.2861  -1.2773  -1.2604  -1.2519  -1.2443  -1.2355  -1.2325
     -inf  -1.3383  -1.3150  -1.2981  -1.2742  -1.2666  -1.2667  -1.2679  -1.2616  -1.2565
     -inf  -1.2698  -1.2610  -1.2445  -1.2325  -1.2179  -1.2110  -1.2053  -1.2044  -1.2062
     -inf  -1.2597  -1.2799  -1.2782  -1.2735  -1.2685  -1.2572  -1.2399  -1.2317  -1.2255
     -inf  -1.2982  -1.2708  -1.2472  -1.2383  -1.2320  -1.2246  -1.2171  -1.2133  -1.2120
     -inf  -1.3073  -1.2835  -1.2600  -1.2462  -1.2339  -1.2164  -1.2105  -1.2020  -1.1977
     -inf  -1.2674  -1.2495  -1.2267  -1.2152  -1.2031  -1.1967  -1.1943  -1.1900  -1.1846
     -inf  -1.2241  -1.1824  -1.1647  -1.1673  -1.1712  -1.1662  -1.1663  -1.1641  -1.1645
        0        0        0        0        0        0        0        0        0        0
        0        0        0        0        0        0        0        0        0        0
        0        0        0        0        0        0        0        0        0        0
        0        0        0        0        0        0        0        0        0        0
        0        0        0        0        0        0        0        0        0        0
        0        0        0        0        0        0        0        0        0        0
        0        0        0        0        0        0        0        0        0        0
        0        0        0        0        0        0        0        0        0        0
        0        0        0        0        0        0        0        0        0        0
        0        0        0        0        0        0        0        0        0        0
        0        0        0        0        0        0        0        0        0        0
        0        0        0        0        0        0        0        0        0        0
        0        0        0        0        0        0        0        0        0        0
        0        0        0        0        0        0        0        0        0        0
        0        0        0        0        0        0        0        0        0        0
        0        0        0        0        0        0        0        0        0        0
        0        0        0        0        0        0        0        0        0        0
        0        0        0        0        0        0        0        0        0        0
        0        0        0        0        0        0        0        0        0        0
        0        0        0        0        0        0        0        0        0        0
        0        0        0        0        0        0        0        0        0        0
        0        0        0        0        0        0        0        0        0        0
        0        0        0        0        0        0        0        0        0        0
        0        0        0        0        0        0        0        0        0        0
        0        0        0        0        0        0        0        0        0        0
        0        0        0        0        0        0        0        0        0        0
        0        0        0        0        0        0        0        0        0        0
        0        0        0        0        0        0        0        0        0        0
        0        0        0        0        0        0        0        0        0        0
        0        0        0        0        0        0        0        0        0        0
        0        0        0        0        0        0        0        0        0        0

        0        0        0        0        0        0        0        0        0        0
        0        0        0        0        0        0        0        0        0        0
        0        0        0        0        0        0        0        0        0        0
        0        0        0        0        0        0        0        0        0        0
        0        0        0        0        0        0        0        0        0        0
        0        0        0        0        0        0        0        0        0        0
        0        0        0        0        0        0        0        0        0        0
        0        0        0        0        0        0        0        0        0        0
        0        0        0        0        0        0        0        0        0        0
        0        0        0        0        0        0        0        0        0        0
        0        0        0        0        0        0        0        0        0        0
        0        0        0        0        0        0        0        0        0        0
        0        0        0        0        0        0        0        0        0        0
        0        0        0        0        0        0        0        0        0        0
        0        0        0        0        0        0        0        0        0        0
        0        0        0        0        0        0        0        0        0        0
        0        0        0        0        0        0        0        0        0        0
        0        0        0        0        0        0        0        0        0        0
        0        0        0        0        0        0        0        0        0        0
        0        0        0        0        0        0        0        0        0        0
        0        0        0        0        0        0        0        0        0        0
        0        0        0        0        0        0        0        0        0        0
        0        0        0        0        0        0        0        0        0        0
        0        0        0        0        0        0        0        0        0        0
        0        0        0        0        0        0        0        0        0        0
        0        0        0        0        0        0        0        0        0        0
        0        0        0        0        0        0        0        0        0        0
        0        0        0        0        0        0        0        0        0        0
        0        0        0        0        0        0        0        0        0        0
        0        0        0        0        0        0        0        0        0        0
        0        0        0        0        0        0        0        0        0        0
        0        0        0        0        0        0        0        0        0        0
        0        0        0        0        0        0        0        0        0        0
        0        0        0        0        0        0        0        0        0        0
        0        0        0        0        0        0        0        0        0        0
        0        0        0        0        0        0        0        0        0        0
        0        0        0        0        0        0        0        0        0        0
        0        0        0        0        0        0        0        0        0        0
        0        0        0        0        0        0        0        0        0        0
        0        0        0        0        0        0        0        0        0        0
        0        0        0        0        0        0        0        0        0        0
        0        0        0        0        0        0        0        0        0        0
        0        0        0        0        0        0        0        0        0        0
        0        0        0        0        0        0        0        0        0        0
        0        0        0        0        0        0        0        0        0        0
        0        0        0        0        0        0        0        0        0        0
        0        0        0        0        0        0        0        0        0        0
        0        0        0        0        0        0        0        0        0        0
        0        0        0        0        0        0        0        0        0        0
        0        0        0        0        0        0        0        0        0        0
        0        0        0        0        0        0        0        0        0        0
        0        0        0        0        0        0        0        0        0        0
        0        0        0        0        0        0        0        0        0        0
        0        0        0        0        0        0        0        0        0        0
        0        0        0        0        0        0        0        0        0        0
        0        0        0        0        0        0        0        0        0        0
        0        0        0        0        0        0        0        0        0        0
        0        0        0        0        0        0        0        0        0        0
        0        0        0        0        0        0        0        0        0        0
        0        0        0        0        0        0        0        0        0        0
      inf   0.6977   0.6975   0.6975   0.6981   0.6909   0.6896   0.6942   0.7027   0.7088
      inf   0.6857   0.6683   0.6682   0.6797   0.6791   0.6746   0.6611   0.6514   0.6445
      inf   0.7062   0.7076   0.7201   0.7117   0.6936   0.6723   0.6455   0.6269   0.6010
      inf   0.7324   0.6995   0.6831   0.6704   0.6620   0.6353   0.6050   0.5690   0.5432
      inf   0.7172   0.6834   0.6500   0.6277   0.5969   0.5711   0.5520   0.5422   0.5317
      inf   0.7557   0.6917   0.6638   0.6389   0.6299   0.6327   0.6278   0.6194   0.6059
      inf   0.6882   0.6603   0.6532   0.6513   0.6490   0.6593   0.6634   0.6685   0.6667
      inf   0.7248   0.7065   0.7087   0.6865   0.6848   0.6742   0.6619   0.6498   0.6360
      inf   0.6844   0.6495   0.6411   0.6339   0.6299   0.6231   0.6092   0.6045   0.6060
      inf   0.5763   0.5364   0.5098   0.4927   0.4599   0.4444   0.4333   0.4376   0.4401
      inf   0.5374   0.5294   0.4267   0.3669   0.3430   0.3248   0.3085   0.2912   0.2767
      inf   0.6734   0.6477   0.6561   0.6537   0.6461   0.6262   0.5911   0.5515   0.5260
      inf   0.6693   0.6496   0.6225   0.6058   0.5958   0.5743   0.5518   0.5328   0.5144
      inf   0.6482   0.6107   0.5561   0.5156   0.4975   0.4788   0.4516   0.4402   0.4385
      inf   0.6911   0.6632   0.6412   0.6192   0.5986   0.5809   0.5498   0.5198   0.4928
      inf   0.7178   0.6942   0.6775   0.6349   0.5963   0.5920   0.5986   0.5921   0.5890
      inf   0.6486   0.5966   0.5586   0.5466   0.5405   0.5191   0.4946   0.4740   0.4597
      inf   0.6850   0.6770   0.6760   0.6777   0.6632   0.6537   0.6530   0.6449   0.6383
      inf   0.6721   0.6092   0.5645   0.5412   0.5412   0.5417   0.5366   0.5181   0.5014
      inf   0.6704   0.6117   0.5627   0.5203   0.4846   0.4589   0.4407   0.4429   0.4340
      inf   0.5108   0.5207   0.5132   0.5070   0.4983   0.5119   0.5100   0.5035   0.4992
      inf   0.6051   0.5892   0.5807   0.5564   0.5086   0.4777   0.4400   0.4106   0.3957
      inf   0.6829   0.6188   0.5464   0.5003   0.4781   0.4642   0.4581   0.4489   0.4396
      inf   0.5500   0.5324   0.4971   0.4500   0.4121   0.3826   0.3549   0.3312   0.3125
      inf   0.5688   0.5908   0.5842   0.5759   0.5627   0.5437   0.5103   0.4761   0.4443
      inf   0.6129   0.5841   0.5362   0.5096   0.4977   0.4838   0.4636   0.4438   0.4230
      inf   0.6415   0.5622   0.5182   0.4995   0.4846   0.4559   0.4309   0.4034   0.3788
      inf   0.5066   0.4753   0.4351   0.3800   0.3379   0.3033   0.2670   0.2312   0.1958
      inf   0.4647   0.3322   0.2690   0.2462   0.2408   0.2343   0.2359   0.2333   0.2295
        0        0        0        0        0        0        0        0        0        0
        0        0        0        0        0        0        0        0        0        0
        0        0        0        0        0        0        0        0        0        0
        0        0        0        0        0        0        0        0        0        0
        0        0        0        0        0        0        0        0        0        0
        0        0        0        0        0        0        0        0        0        0
        0        0        0        0        0        0        0        0        0        0
        0        0        0        0        0        0        0        0        0        0
        0        0        0        0        0        0        0        0        0        0
        0        0        0        0        0        0        0        0        0        0
        0        0        0        0        0        0        0        0        0        0
        0        0        0        0        0        0        0        0        0        0
        0        0        0        0        0        0        0        0        0        0
        0        0        0        0        0        0        0        0        0        0
        0        0        0        0        0        0        0        0        0        0
        0        0        0        0        0        0        0        0        0        0
        0        0        0        0        0        0        0        0        0        0
        0        0        0        0        0        0        0        0        0        0
        0        0        0        0        0        0        0        0        0        0
        0        0        0        0        0        0        0        0        0        0
        0        0        0        0        0        0        0        0        0        0
        0        0        0        0        0        0        0        0        0        0
        0        0        0        0        0        0        0        0        0        0
        0        0        0        0        0        0        0        0        0        0
        0        0        0        0        0        0        0        0        0        0
        0        0        0        0        0        0        0        0        0        0
        0        0        0        0        0        0        0        0        0        0
        0        0        0        0        0        0        0        0        0        0
        0        0        0        0        0        0        0        0        0        0
        0        0        0        0        0        0        0        0        0        0
        0        0        0        0        0        0        0        0        0        0

        0        0        0        0        0        0        0        0        0        0
        0        0        0        0        0        0        0        0        0        0
        0        0        0        0        0        0        0        0        0        0
        0        0        0        0        0        0        0        0        0        0
        0        0        0        0        0        0        0        0        0        0
        0        0        0        0        0        0        0        0        0        0
        0        0        0        0        0        0        0        0        0        0
        0        0        0        0        0        0        0        0        0        0
        0        0        0        0        0        0        0        0        0        0
        0        0        0        0        0        0        0        0        0        0
        0        0        0        0        0        0        0        0        0        0
        0        0        0        0        0        0        0        0        0        0
        0        0        0        0        0        0        0        0        0        0
        0        0        0        0        0        0        0        0        0        0
        0        0        0        0        0        0        0        0        0        0
        0        0        0        0        0        0        0        0        0        0
        0        0        0        0        0        0        0        0        0        0
        0        0        0        0        0        0        0        0        0        0
        0        0        0        0        0        0        0        0        0        0
        0        0        0        0        0        0        0        0        0        0
        0        0        0        0        0        0        0        0        0        0
        0        0        0        0        0        0        0        0        0        0
        0        0        0        0        0        0        0        0        0        0
        0        0        0        0        0        0        0        0        0        0
        0        0        0        0        0        0        0        0        0        0
        0        0        0        0        0        0        0        0        0        0
        0        0        0        0        0        0        0        0        0        0
        0        0        0        0        0        0        0        0        0        0
        0        0        0        0        0        0        0        0        0        0
        0        0        0        0        0        0        0        0        0        0
        0        0        0        0        0        0        0        0        0        0
        0        0        0        0        0        0        0        0        0        0
        0        0        0        0        0        0        0        0        0        0
        0        0        0        0        0        0        0        0        0        0
        0        0        0        0        0        0        0        0        0        0
        0        0        0        0        0        0        0        0        0        0
        0        0        0        0        0        0        0        0        0        0
        0        0        0        0        0        0        0        0        0        0
        0        0        0        0        0        0        0        0        0        0
        0        0        0        0        0        0        0        0        0        0
        0        0        0        0        0        0        0        0        0        0
        0        0        0        0        0        0        0        0        0        0
        0        0        0        0        0        0        0        0        0        0
        0        0        0        0        0        0        0        0        0        0
        0        0        0        0        0        0        0        0        0        0
        0        0        0        0        0        0        0        0        0        0
        0        0        0        0        0        0        0        0        0        0
        0        0        0        0        0        0        0        0        0        0
        0        0        0        0        0        0        0        0        0        0
        0        0        0        0        0        0        0        0        0        0
        0        0        0        0        0        0        0        0        0        0
        0        0        0        0        0        0        0        0        0        0
        0        0        0        0        0        0        0        0        0        0
        0        0        0        0        0        0        0        0        0        0
        0        0        0        0        0        0        0        0        0        0
        0        0        0        0        0        0        0        0        0        0
        0        0        0        0        0        0        0        0        0        0
        0        0        0        0        0        0        0        0        0        0
        0        0        0        0        0        0        0        0        0        0
        0        0        0        0        0        0        0        0        0        0
      inf   0.6977   0.6975   0.6975   0.6981   0.6909   0.6896   0.6942   0.7027   0.7088
      inf   0.6857   0.6683   0.6682   0.6797   0.6791   0.6746   0.6611   0.6514   0.6445
      inf   0.7062   0.7076   0.7201   0.7117   0.6936   0.6723   0.6455   0.6269   0.6010
      inf   0.7324   0.6995   0.6831   0.6704   0.6620   0.6353   0.6050   0.5690   0.5432
      inf   0.7172   0.6834   0.6500   0.6277   0.5969   0.5711   0.5520   0.5422   0.5317
      inf   0.7557   0.6917   0.6638   0.6389   0.6299   0.6327   0.6278   0.6194   0.6059
      inf   0.6882   0.6603   0.6532   0.6513   0.6490   0.6593   0.6634   0.6685   0.6667
      inf   0.7248   0.7065   0.7087   0.6865   0.6848   0.6742   0.6619   0.6498   0.6360
      inf   0.6844   0.6495   0.6411   0.6339   0.6299   0.6231   0.6092   0.6045   0.6060
      inf   0.5763   0.5364   0.5098   0.4927   0.4599   0.4444   0.4333   0.4376   0.4401
      inf   0.5374   0.5294   0.4267   0.3669   0.3430   0.3248   0.3085   0.2912   0.2767
      inf   0.6734   0.6477   0.6561   0.6537   0.6461   0.6262   0.5911   0.5515   0.5260
      inf   0.6693   0.6496   0.6225   0.6058   0.5958   0.5743   0.5518   0.5328   0.5144
      inf   0.6482   0.6107   0.5561   0.5156   0.4975   0.4788   0.4516   0.4402   0.4385
      inf   0.6911   0.6632   0.6412   0.6192   0.5986   0.5809   0.5498   0.5198   0.4928
      inf   0.7178   0.6942   0.6775   0.6349   0.5963   0.5920   0.5986   0.5921   0.5890
      inf   0.6486   0.5966   0.5586   0.5466   0.5405   0.5191   0.4946   0.4740   0.4597
      inf   0.6850   0.6770   0.6760   0.6777   0.6632   0.6537   0.6530   0.6449   0.6383
      inf   0.6721   0.6092   0.5645   0.5412   0.5412   0.5417   0.5366   0.5181   0.5014
      inf   0.6704   0.6117   0.5627   0.5203   0.4846   0.4589   0.4407   0.4429   0.4340
      inf   0.5108   0.5207   0.5132   0.5070   0.4983   0.5119   0.5100   0.5035   0.4992
      inf   0.6051   0.5892   0.5807   0.5564   0.5086   0.4777   0.4400   0.4106   0.3957
      inf   0.6829   0.6188   0.5464   0.5003   0.4781   0.4642   0.4581   0.4489   0.4396
      inf   0.5500   0.5324   0.4971   0.4500   0.4121   0.3826   0.3549   0.3312   0.3125
      inf   0.5688   0.5908   0.5842   0.5759   0.5627   0.5437   0.5103   0.4761   0.4443
      inf   0.6129   0.5841   0.5362   0.5096   0.4977   0.4838   0.4636   0.4438   0.4230
      inf   0.6415   0.5622   0.5182   0.4995   0.4846   0.4559   0.4309   0.4034   0.3788
      inf   0.5066   0.4753   0.4351   0.3800   0.3379   0.3033   0.2689   0.2388   0.2221
      inf   0.4647   0.3322   0.2690   0.2462   0.2408   0.2343   0.2359   0.2333   0.2295
        0        0        0        0        0        0        0        0        0        0
        0        0        0        0        0        0        0        0        0        0
        0        0        0        0        0        0        0        0        0        0
        0        0        0        0        0        0        0        0        0        0
        0        0        0        0        0        0        0        0        0        0
        0        0        0        0        0        0        0        0        0        0
        0        0        0        0        0        0        0        0        0        0
        0        0        0        0        0        0        0        0        0        0
        0        0        0        0        0        0        0        0        0        0
        0        0        0        0        0        0        0        0        0        0
        0        0        0        0        0        0        0        0        0        0
        0        0        0        0        0        0        0        0        0        0
        0        0        0        0        0        0        0        0        0        0
        0        0        0        0        0        0        0        0        0        0
        0        0        0        0        0        0        0        0        0        0
        0        0        0        0        0        0        0        0        0        0
        0        0        0        0        0        0        0        0        0        0
        0        0        0        0        0        0        0        0        0        0
        0        0        0        0        0        0        0        0        0        0
        0        0        0        0        0        0        0        0        0        0
        0        0        0        0        0        0        0        0        0        0
        0        0        0        0        0        0        0        0        0        0
        0        0        0        0        0        0        0        0        0        0
        0        0        0        0        0        0        0        0        0        0
        0        0        0        0        0        0        0        0        0        0
        0        0        0        0        0        0        0        0        0        0
        0        0        0        0        0        0        0        0        0        0
        0        0        0        0        0        0        0        0        0        0
        0        0        0        0        0        0        0        0        0        0
        0        0        0        0        0        0        0        0        0        0
        0        0        0        0        0        0        0        0        0        0

        0        0        0        0        0        0        0        0        0        0
        0        0        0        0        0        0        0        0        0        0
        0        0        0        0        0        0        0        0        0        0
        0        0        0        0        0        0        0        0        0        0
        0        0        0        0        0        0        0        0        0        0
        0        0        0        0        0        0        0        0        0        0
        0        0        0        0        0        0        0        0        0        0
        0        0        0        0        0        0        0        0        0        0
        0        0        0        0        0        0        0        0        0        0
        0        0        0        0        0        0        0        0        0        0
        0        0        0        0        0        0        0        0        0        0
        0        0        0        0        0        0        0        0        0        0
        0        0        0        0        0        0        0        0        0        0
        0        0        0        0        0        0        0        0        0        0
        0        0        0        0        0        0        0        0        0        0
        0        0        0        0        0        0        0        0        0        0
        0        0        0        0        0        0        0        0        0        0
        0        0        0        0        0        0        0        0        0        0
        0        0        0        0        0        0        0        0        0        0
        0        0        0        0        0        0        0        0        0        0
        0        0        0        0        0        0        0        0        0        0
        0        0        0        0        0        0        0        0        0        0
        0        0        0        0        0        0        0        0        0        0
        0        0        0        0        0        0        0        0        0        0
        0        0        0        0        0        0        0        0        0        0
        0        0        0        0        0        0        0        0        0        0
        0        0        0        0        0        0        0        0        0        0
        0        0        0        0        0        0        0        0        0        0
        0        0        0        0        0        0        0        0        0        0
        0        0        0        0        0        0        0        0        0        0
        0        0        0        0        0        0        0        0        0        0
        0        0        0        0        0        0        0        0        0        0
        0        0        0        0        0        0        0        0        0        0
        0        0        0        0        0        0        0        0        0        0
        0        0        0        0        0        0        0        0        0        0
        0        0        0        0        0        0        0        0        0        0
        0        0        0        0        0        0        0        0        0        0
        0        0        0        0        0        0        0        0        0        0
        0        0        0        0        0        0        0        0        0        0
        0        0        0        0        0        0        0        0        0        0
        0        0        0        0        0        0        0        0        0        0
        0        0        0        0        0        0        0        0        0        0
        0        0        0        0        0        0        0        0        0        0
        0        0        0        0        0        0        0        0        0        0
        0        0        0        0        0        0        0        0        0        0
        0        0        0        0        0        0        0        0        0        0
        0        0        0        0        0        0        0        0        0        0
        0        0        0        0        0        0        0        0        0        0
        0        0        0        0        0        0        0        0        0        0
        0        0        0        0        0        0        0        0        0        0
        0        0        0        0        0        0        0        0        0        0
        0        0        0        0        0        0        0        0        0        0
        0        0        0        0        0        0        0        0        0        0
        0        0        0        0        0        0        0        0        0        0
        0        0        0        0        0        0        0        0        0        0
        0        0        0        0        0        0        0        0        0        0
        0        0        0        0        0        0        0        0        0        0
        0        0        0        0        0        0        0        0        0        0
        0        0        0        0        0        0        0        0        0        0
        0        0        0        0        0        0        0        0        0        0
      nan   1.3037   0.9098   0.7147   0.7599   0.7831   0.8279   0.7956   1.2173   1.2633
      nan   1.7204   1.3454   1.1610   1.2338   1.1248   1.1554   1.2054   1.1147   1.1168
      nan   0.4722   0.7678   0.7866   0.9844   0.9231   1.1514   1.2253   1.5041   2.3747
      nan   0.8303   1.2160   1.2981   1.3816   1.3691   1.5648   1.9152   2.6609   3.0447
      nan   0.4104   1.0018   1.3908   1.6743   2.6240   2.7641   2.6157   2.3746   2.2318
      nan   0.5855   0.9411   1.4117   1.8796   1.6332   1.4176   1.3791   1.2952   1.4213
      nan   0.3592   0.9690   1.0818   1.0948   1.3195   1.3747   1.3345   1.2848   1.2938
      nan   0.3737   0.8281   0.8742   1.3544   1.3239   1.4342   1.4423   1.7055   1.9471
      nan   0.3926   0.9295   0.7879   0.8025   0.7546   0.7143   0.8604   0.8730   0.8627
      nan   0.8226   0.7479   0.7542   0.8950   1.0252   0.9872   1.0815   1.0222   0.9814
      nan   0.9097   1.6321   2.7829   2.3575   2.1756   2.0181   1.9109   1.7764   1.8271
      nan   1.0021   0.7607   0.7009   0.6263   0.5882   0.8500   1.5579   1.5715   1.6158
      nan   0.5011   0.6993   1.1405   1.2389   1.1391   1.0563   1.1593   1.1363   1.2055
      nan   1.0462   1.1179   1.5921   1.4783   1.3046   1.2034   1.1042   1.0822   1.0569
      nan   1.0835   1.0425   1.2052   1.0985   1.1854   1.2774   1.4407   1.6846   1.6855
      nan   1.3598   1.1955   1.3118   2.5457   2.8669   2.7660   2.5522   2.3350   2.1753
      nan   1.0487   1.4258   1.3680   1.2993   1.3674   1.2572   1.3632   1.3541   1.4605
      nan   0.9572   0.9507   0.8842   1.0444   1.1582   1.2710   1.2530   1.3137   1.3955
      nan   1.1825   1.7966   1.7112   1.5961   1.4162   1.3957   1.4813   1.6423   1.6341
      nan   0.8561   1.2325   1.5497   1.6924   1.8027   1.6341   1.6341   1.5510   1.4577
      nan   0.4387   0.5610   0.6751   0.7270   0.7717   1.0386   1.0443   1.0297   1.3641
      nan   1.0437   0.8661   0.8399   0.9210   1.5624   1.6266   1.7015   1.8912   1.7763
      nan   1.1033   1.1345   1.4083   2.2668   2.0081   1.7262   1.5652   1.6094   1.5995
      nan   0.4701   0.7919   1.0707   1.2278   1.6058   1.6723   1.6482   1.5213   1.4275
      nan   0.7028   0.8851   0.7193   0.7858   0.8902   1.2604   2.2285   2.2955   2.2729
      nan   0.4893   1.1026   1.5508   1.4607   1.3178   1.4358   1.4818   1.4126   1.3400
      nan   0.5848   1.0582   1.6919   1.8258   2.2945   2.9019   2.6918   2.7194   2.5567
      nan   1.0571   1.1559   1.7050   1.6341   1.7864   1.6902   1.5714   1.5215   1.5589
      nan   1.9414   2.1786   1.9819   1.7671   1.5142   1.4184   1.3697   1.2452   1.1871
        0        0        0        0        0        0        0        0        0        0
        0        0        0        0        0        0        0        0        0        0
        0        0        0        0        0        0        0        0        0        0
        0        0        0        0        0        0        0        0        0        0
        0        0        0        0        0        0        0        0        0        0
        0        0        0        0        0        0        0        0        0        0
        0        0        0        0        0        0        0        0        0        0
        0        0        0        0        0        0        0        0        0        0
        0        0        0        0        0        0        0        0        0        0
        0        0        0        0        0        0        0        0        0        0
        0        0        0        0        0        0        0        0        0        0
        0        0        0        0        0        0        0        0        0        0
        0        0        0        0        0        0        0        0        0        0
        0        0        0        0        0        0        0        0        0        0
        0        0        0        0        0        0        0        0        0        0
        0        0        0        0        0        0        0        0        0        0
        0        0        0        0        0        0        0        0        0        0
        0        0        0        0        0        0        0        0        0        0
        0        0        0        0        0        0        0        0        0        0
        0        0        0        0        0        0        0        0        0        0
        0        0        0        0        0        0        0        0        0        0
        0        0        0        0        0        0        0        0        0        0
        0        0        0        0        0        0        0        0        0        0
        0        0        0        0        0        0        0        0        0        0
        0        0        0        0        0        0        0        0        0        0
        0        0        0        0        0        0        0        0        0        0
        0        0        0        0        0        0        0        0        0        0
        0        0        0        0        0        0        0        0        0        0
        0        0        0        0        0        0        0        0        0        0
        0        0        0        0        0        0        0        0        0        0
        0        0        0        0        0        0        0        0        0        0

         0         0         0         0         0         0         0         0         0         0
         0         0         0         0         0         0         0         0         0         0
         0         0         0         0         0         0         0         0         0         0
         0         0         0         0         0         0         0         0         0         0
         0         0         0         0         0         0         0         0         0         0
         0         0         0         0         0         0         0         0         0         0
         0         0         0         0         0         0         0         0         0         0
         0         0         0         0         0         0         0         0         0         0
         0         0         0         0         0         0         0         0         0         0
         0         0         0         0         0         0         0         0         0         0
         0         0         0         0         0         0         0         0         0         0
         0         0         0         0         0         0         0         0         0         0
         0         0         0         0         0         0         0         0         0         0
         0         0         0         0         0         0         0         0         0         0
         0         0         0         0         0         0         0         0         0         0
         0         0         0         0         0         0         0         0         0         0
         0         0         0         0         0         0         0         0         0         0
         0         0         0         0         0         0         0         0         0         0
         0         0         0         0         0         0         0         0         0         0
         0         0         0         0         0         0         0         0         0         0
         0         0         0         0         0         0         0         0         0         0
         0         0         0         0         0         0         0         0         0         0
         0         0         0         0         0         0         0         0         0         0
         0         0         0         0         0         0         0         0         0         0
         0         0         0         0         0         0         0         0         0         0
         0         0         0         0         0         0         0         0         0         0
         0         0         0         0         0         0         0         0         0         0
         0         0         0         0         0         0         0         0         0         0
         0         0         0         0         0         0         0         0         0         0
         0         0         0         0         0         0         0         0         0         0
         0         0         0         0         0         0         0         0         0         0
         0         0         0         0         0         0         0         0         0         0
         0         0         0         0         0         0         0         0         0         0
         0         0         0         0         0         0         0         0         0         0
         0         0         0         0         0         0         0         0         0         0
         0         0         0         0         0         0         0         0         0         0
         0         0         0         0         0         0         0         0         0         0
         0         0         0         0         0         0         0         0         0         0
         0         0         0         0         0         0         0         0         0         0
         0         0         0         0         0         0         0         0         0         0
         0         0         0         0         0         0         0         0         0         0
         0         0         0         0         0         0         0         0         0         0
         0         0         0         0         0         0         0         0         0         0
         0         0         0         0         0         0         0         0         0         0
         0         0         0         0         0         0         0         0         0         0
         0         0         0         0         0         0         0         0         0         0
         0         0         0         0         0         0         0         0         0         0
         0         0         0         0         0         0         0         0         0         0
         0         0         0         0         0         0         0         0         0         0
         0         0         0         0         0         0         0         0         0         0
         0         0         0         0         0         0         0         0         0         0
         0         0         0         0         0         0         0         0         0         0
         0         0         0         0         0         0         0         0         0         0
         0         0         0         0         0         0         0         0         0         0
         0         0         0         0         0         0         0         0         0         0
         0         0         0         0         0         0         0         0         0         0
         0         0         0         0         0         0         0         0         0         0
         0         0         0         0         0         0         0         0         0         0
         0         0         0         0         0         0         0         0         0         0
         0         0         0         0         0         0         0         0         0         0
       nan    0.5954    0.5529    0.5099    0.6446    0.9460    1.0397    1.1289    1.8548    2.2473
       nan    3.6884    2.9437    2.2204    2.4984    2.2003    2.2688    3.7307    4.3122    4.5162
       nan    0.6222    1.0132    1.2831    1.8369    3.6449    6.7459   12.6500   15.0866   22.0541
       nan    1.0020    2.5596    2.8543    2.9978    3.2278    8.4544   16.1676   28.4719   33.8574
       nan    0.6926    3.2066    5.9855    6.9133   12.8874   16.0039   17.2897   16.2770   16.3037
       nan    0.6741    8.3198    8.0580    9.4671    8.1494    6.9860    6.3005    6.3109    8.1708
       nan    1.7294    3.0535    2.7187    2.2769    2.2748    2.9354    2.8663    2.8463    2.7914
       nan    1.4581    2.1361    1.8362    3.9500    3.3032    3.8373    4.9571    6.5200    8.2239
       nan    0.6903    2.7968    2.1863    1.9355    1.6899    1.9280    3.5536    3.3861    3.3465
       nan    4.5902    5.5091    5.9716    6.3739   11.9357   12.0635   11.8517   10.7982    9.8630
       nan    3.4310    6.6021   39.9566   46.6645   41.8012   37.4891   34.8025   33.7655   32.9390
       nan    0.8041    1.9836    1.6770    1.4271    1.6164    4.5683   15.9094   30.8048   35.6153
       nan    1.6705    1.8897    3.8352    4.4105    4.3119    7.2237   10.8648   13.5342   16.2934
       nan    1.3076    3.3060   11.7853   16.4827   15.5246   15.7677   20.8189   19.7329   17.6822
       nan    1.4857    2.3182    3.3620    5.0748    6.8933    8.1908   16.4539   24.0519   30.5052
       nan    1.5680    2.3466    3.1207   11.5236   18.4015   16.7060   15.0899   13.7498   12.4062
       nan    1.6327    5.9075    8.8537    7.7534    6.8009   10.3659   14.5903   17.3968   18.0386
       nan    0.3526    1.2926    1.0956    1.1513    2.3432    2.8043    2.5748    3.3349    3.6918
       nan    2.1997    7.5667   11.3006   11.0000    8.9349    7.6790    7.4213   10.1691   12.5415
       nan    0.8413    6.9467   12.3806   17.8947   22.3308   23.7662   23.4668   20.7169   19.8168
       nan    1.0796    1.1902    1.3348    1.8109    2.1127    3.3569    2.9891    3.3509    3.7312
       nan    1.0498    1.3503    1.4307    4.9789   18.0755   22.2928   32.1467   37.6405   36.2222
       nan    1.1573    8.5309   22.0047   26.1252   24.0915   21.6125   18.9123   17.7532   17.1109
       nan    0.7068    3.5550    6.8406   15.3932   21.0218   24.0536   28.0597   30.5994   32.1343
       nan    0.5066    1.8180    1.5976    1.7600    3.2290    5.7212   15.6668   25.9916   35.2796
       nan    0.3120    2.3202    8.6784    9.7758    8.7638    9.2954   11.6881   14.7395   18.3900
       nan    1.0513   11.3002   13.8522   12.6797   13.8211   17.8491   21.0202   26.3663   30.9148
       nan   10.5657    7.4964   10.9877   21.9291   28.1477   32.4268   40.2853   48.6402   58.2839
       nan   14.3912   35.5649   35.9484   30.4365   24.6710   21.1668   18.4875   16.3810   14.8892
         0         0         0         0         0         0         0         0         0         0
         0         0         0         0         0         0         0         0         0         0
         0         0         0         0         0         0         0         0         0         0
         0         0         0         0         0         0         0         0         0         0
         0         0         0         0         0         0         0         0         0         0
         0         0         0         0         0         0         0         0         0         0
         0         0         0         0         0         0         0         0         0         0
         0         0         0         0         0         0         0         0         0         0
         0         0         0         0         0         0         0         0         0         0
         0         0         0         0         0         0         0         0         0         0
         0         0         0         0         0         0         0         0         0         0
         0         0         0         0         0         0         0         0         0         0
         0         0         0         0         0         0         0         0         0         0
         0         0         0         0         0         0         0         0         0         0
         0         0         0         0         0         0         0         0         0         0
         0         0         0         0         0         0         0         0         0         0
         0         0         0         0         0         0         0         0         0         0
         0         0         0         0         0         0         0         0         0         0
         0         0         0         0         0         0         0         0         0         0
         0         0         0         0         0         0         0         0         0         0
         0         0         0         0         0         0         0         0         0         0
         0         0         0         0         0         0         0         0         0         0
         0         0         0         0         0         0         0         0         0         0
         0         0         0         0         0         0         0         0         0         0
         0         0         0         0         0         0         0         0         0         0
         0         0         0         0         0         0         0         0         0         0
         0         0         0         0         0         0         0         0         0         0
         0         0         0         0         0         0         0         0         0         0
         0         0         0         0         0         0         0         0         0         0
         0         0         0         0         0         0         0         0         0         0
         0         0         0         0         0         0         0         0         0         0

         0         0         0         0         0         0         0         0         0         0
         0         0         0         0         0         0         0         0         0         0
         0         0         0         0         0         0         0         0         0         0
         0         0         0         0         0         0         0         0         0         0
         0         0         0         0         0         0         0         0         0         0
         0         0         0         0         0         0         0         0         0         0
         0         0         0         0         0         0         0         0         0         0
         0         0         0         0         0         0         0         0         0         0
         0         0         0         0         0         0         0         0         0         0
         0         0         0         0         0         0         0         0         0         0
         0         0         0         0         0         0         0         0         0         0
         0         0         0         0         0         0         0         0         0         0
         0         0         0         0         0         0         0         0         0         0
         0         0         0         0         0         0         0         0         0         0
         0         0         0         0         0         0         0         0         0         0
         0         0         0         0         0         0         0         0         0         0
         0         0         0         0         0         0         0         0         0         0
         0         0         0         0         0         0         0         0         0         0
         0         0         0         0         0         0         0         0         0         0
         0         0         0         0         0         0         0         0         0         0
         0         0         0         0         0         0         0         0         0         0
         0         0         0         0         0         0         0         0         0         0
         0         0         0         0         0         0         0         0         0         0
         0         0         0         0         0         0         0         0         0         0
         0         0         0         0         0         0         0         0         0         0
         0         0         0         0         0         0         0         0         0         0
         0         0         0         0         0         0         0         0         0         0
         0         0         0         0         0         0         0         0         0         0
         0         0         0         0         0         0         0         0         0         0
         0         0         0         0         0         0         0         0         0         0
         0         0         0         0         0         0         0         0         0         0
         0         0         0         0         0         0         0         0         0         0
         0         0         0         0         0         0         0         0         0         0
         0         0         0         0         0         0         0         0         0         0
         0         0         0         0         0         0         0         0         0         0
         0         0         0         0         0         0         0         0         0         0
         0         0         0         0         0         0         0         0         0         0
         0         0         0         0         0         0         0         0         0         0
         0         0         0         0         0         0         0         0         0         0
         0         0         0         0         0         0         0         0         0         0
         0         0         0         0         0         0         0         0         0         0
         0         0         0         0         0         0         0         0         0         0
         0         0         0         0         0         0         0         0         0         0
         0         0         0         0         0         0         0         0         0         0
         0         0         0         0         0         0         0         0         0         0
         0         0         0         0         0         0         0         0         0         0
         0         0         0         0         0         0         0         0         0         0
         0         0         0         0         0         0         0         0         0         0
         0         0         0         0         0         0         0         0         0         0
         0         0         0         0         0         0         0         0         0         0
         0         0         0         0         0         0         0         0         0         0
         0         0         0         0         0         0         0         0         0         0
         0         0         0         0         0         0         0         0         0         0
         0         0         0         0         0         0         0         0         0         0
         0         0         0         0         0         0         0         0         0         0
         0         0         0         0         0         0         0         0         0         0
         0         0         0         0         0         0         0         0         0         0
         0         0         0         0         0         0         0         0         0         0
         0         0         0         0         0         0         0         0         0         0
         0         0         0         0         0         0         0         0         0         0
       nan    0.5954    0.5529    0.5099    0.6446    0.9460    1.0397    1.1289    1.8548    2.2473
       nan    3.6884    2.9437    2.2204    2.4984    2.2003    2.2688    3.7307    4.3122    4.5162
       nan    0.6222    1.0132    1.2831    1.8369    3.6449    6.7459   12.6500   15.0866   22.0541
       nan    1.0020    2.5596    2.8543    2.9978    3.2278    8.4544   16.1676   28.4719   33.8574
       nan    0.6926    3.2066    5.9855    6.9133   12.8874   16.0039   17.2897   16.2770   16.3037
       nan    0.6741    8.3198    8.0580    9.4671    8.1494    6.9860    6.3005    6.3109    8.1708
       nan    1.7294    3.0535    2.7187    2.2769    2.2748    2.9354    2.8663    2.8463    2.7914
       nan    1.4581    2.1361    1.8362    3.9500    3.3032    3.8373    4.9571    6.5200    8.2239
       nan    0.6903    2.7968    2.1863    1.9355    1.6899    1.9280    3.5536    3.3861    3.3465
       nan    4.5902    5.5091    5.9716    6.3739   11.9357   12.0635   11.8517   10.7982    9.8630
       nan    3.4310    6.6021   39.9566   46.6645   41.8012   37.4891   34.8025   33.7655   32.9390
       nan    0.8041    1.9836    1.6770    1.4271    1.6164    4.5683   15.9094   30.8048   35.6153
       nan    1.6705    1.8897    3.8352    4.4105    4.3119    7.2237   10.8648   13.5342   16.2934
       nan    1.3076    3.3060   11.7853   16.4827   15.5246   15.7677   20.8189   19.7329   17.6822
       nan    1.4857    2.3182    3.3620    5.0748    6.8933    8.1908   16.4539   24.0519   30.5052
       nan    1.5680    2.3466    3.1207   11.5236   18.4015   16.7060   15.0899   13.7498   12.4062
       nan    1.6327    5.9075    8.8537    7.7534    6.8009   10.3659   14.5903   17.3968   18.0386
       nan    0.3526    1.2926    1.0956    1.1513    2.3432    2.8043    2.5748    3.3349    3.6918
       nan    2.1997    7.5667   11.3006   11.0000    8.9349    7.6790    7.4213   10.1691   12.5415
       nan    0.8413    6.9467   12.3806   17.8947   22.3308   23.7662   23.4668   20.7169   19.8168
       nan    1.0796    1.1902    1.3348    1.8109    2.1127    3.3569    2.9891    3.3509    3.7312
       nan    1.0498    1.3503    1.4307    4.9789   18.0755   22.2928   32.1467   37.6405   36.2222
       nan    1.1573    8.5309   22.0047   26.1252   24.0915   21.6125   18.9123   17.7532   17.1109
       nan    0.7068    3.5550    6.8406   15.3932   21.0218   24.0536   28.0597   30.5994   32.1343
       nan    0.5066    1.8180    1.5976    1.7600    3.2290    5.7212   15.6668   25.9916   35.2796
       nan    0.3120    2.3202    8.6784    9.7758    8.7638    9.2954   11.6881   14.7395   18.3900
       nan    1.0513   11.3002   13.8522   12.6797   13.8211   17.8491   21.0202   26.3663   30.9148
       nan   10.5657    7.4964   10.9877   21.9291   28.1477   32.4268   38.7563   43.3272   42.0401
       nan   14.3912   35.5649   35.9484   30.4365   24.6710   21.1668   18.4875   16.3810   14.8892
         0         0         0         0         0         0         0         0         0         0
         0         0         0         0         0         0         0         0         0         0
         0         0         0         0         0         0         0         0         0         0
         0         0         0         0         0         0         0         0         0         0
         0         0         0         0         0         0         0         0         0         0
         0         0         0         0         0         0         0         0         0         0
         0         0         0         0         0         0         0         0         0         0
         0         0         0         0         0         0         0         0         0         0
         0         0         0         0         0         0         0         0         0         0
         0         0         0         0         0         0         0         0         0         0
         0         0         0         0         0         0         0         0         0         0
         0         0         0         0         0         0         0         0         0         0
         0         0         0         0         0         0         0         0         0         0
         0         0         0         0         0         0         0         0         0         0
         0         0         0         0         0         0         0         0         0         0
         0         0         0         0         0         0         0         0         0         0
         0         0         0         0         0         0         0         0         0         0
         0         0         0         0         0         0         0         0         0         0
         0         0         0         0         0         0         0         0         0         0
         0         0         0         0         0         0         0         0         0         0
         0         0         0         0         0         0         0         0         0         0
         0         0         0         0         0         0         0         0         0         0
         0         0         0         0         0         0         0         0         0         0
         0         0         0         0         0         0         0         0         0         0
         0         0         0         0         0         0         0         0         0         0
         0         0         0         0         0         0         0         0         0         0
         0         0         0         0         0         0         0         0         0         0
         0         0         0         0         0         0         0         0         0         0
         0         0         0         0         0         0         0         0         0         0
         0         0         0         0         0         0         0         0         0         0
         0         0         0         0         0         0         0         0         0         0

        0        0        0        0        0        0        0        0        0        0
        0        0        0        0        0        0        0        0        0        0
        0        0        0        0        0        0        0        0        0        0
        0        0        0        0        0        0        0        0        0        0
        0        0        0        0        0        0        0        0        0        0
        0        0        0        0        0        0        0        0        0        0
        0        0        0        0        0        0        0        0        0        0
        0        0        0        0        0        0        0        0        0        0
        0        0        0        0        0        0        0        0        0        0
        0        0        0        0        0        0        0        0        0        0
        0        0        0        0        0        0        0        0        0        0
        0        0        0        0        0        0        0        0        0        0
        0        0        0        0        0        0        0        0        0        0
        0        0        0        0        0        0        0        0        0        0
        0        0        0        0        0        0        0        0        0        0
        0        0        0        0        0        0        0        0        0        0
        0        0        0        0        0        0        0        0        0        0
        0        0        0        0        0        0        0        0        0        0
        0        0        0        0        0        0        0        0        0        0
        0        0        0        0        0        0        0        0        0        0
        0        0        0        0        0        0        0        0        0        0
        0        0        0        0        0        0        0        0        0        0
        0        0        0        0        0        0        0        0        0        0
        0        0        0        0        0        0        0        0        0        0
        0        0        0        0        0        0        0        0        0        0
        0        0        0        0        0        0        0        0        0        0
        0        0        0        0        0        0        0        0        0        0
        0        0        0        0        0        0        0        0        0        0
        0        0        0        0        0        0        0        0        0        0
        0        0        0        0        0        0        0        0        0        0
        0        0        0        0        0        0        0        0        0        0
        0        0        0        0        0        0        0        0        0        0
        0        0        0        0        0        0        0        0        0        0
        0        0        0        0        0        0        0        0        0        0
        0        0        0        0        0        0        0        0        0        0
        0        0        0        0        0        0        0        0        0        0
        0        0        0        0        0        0        0        0        0        0
        0        0        0        0        0        0        0        0        0        0
        0        0        0        0        0        0        0        0        0        0
        0        0        0        0        0        0        0        0        0        0
        0        0        0        0        0        0        0        0        0        0
        0        0        0        0        0        0        0        0        0        0
        0        0        0        0        0        0        0        0        0        0
        0        0        0        0        0        0        0        0        0        0
        0        0        0        0        0        0        0        0        0        0
        0        0        0        0        0        0        0        0        0        0
        0        0        0        0        0        0        0        0        0        0
        0        0        0        0        0        0        0        0        0        0
        0        0        0        0        0        0        0        0        0        0
        0        0        0        0        0        0        0        0        0        0
        0        0        0        0        0        0        0        0        0        0
        0        0        0        0        0        0        0        0        0        0
        0        0        0        0        0        0        0        0        0        0
        0        0        0        0        0        0        0        0        0        0
        0        0        0        0        0        0        0        0        0        0
        0        0        0        0        0        0        0        0        0        0
        0        0        0        0        0        0        0        0        0        0
        0        0        0        0        0        0        0        0        0        0
        0        0        0        0        0        0        0        0        0        0
        0        0        0        0        0        0        0        0        0        0
      inf   0.3607   0.2793   0.2544   0.2394   0.2324   0.2273   0.2229   0.2170   0.2134
      inf   0.3551   0.2847   0.2593   0.2434   0.2370   0.2319   0.2304   0.2285   0.2274
      inf   0.3575   0.2772   0.2477   0.2358   0.2290   0.2271   0.2256   0.2254   0.2282
      inf   0.3489   0.2800   0.2562   0.2477   0.2400   0.2387   0.2392   0.2415   0.2432
      inf   0.3547   0.2836   0.2629   0.2559   0.2554   0.2546   0.2536   0.2499   0.2483
      inf   0.3558   0.2830   0.2625   0.2552   0.2483   0.2427   0.2403   0.2379   0.2373
      inf   0.3693   0.2987   0.2755   0.2599   0.2487   0.2408   0.2358   0.2321   0.2300
      inf   0.3779   0.2961   0.2666   0.2575   0.2471   0.2442   0.2419   0.2411   0.2413
      inf   0.3902   0.3075   0.2791   0.2657   0.2572   0.2521   0.2501   0.2472   0.2446
      inf   0.3966   0.3166   0.2917   0.2802   0.2746   0.2688   0.2664   0.2636   0.2614
      inf   0.4335   0.3366   0.3174   0.3060   0.3000   0.2958   0.2907   0.2864   0.2821
      inf   0.4065   0.3159   0.2847   0.2702   0.2621   0.2599   0.2603   0.2590   0.2583
      inf   0.3829   0.3064   0.2860   0.2759   0.2692   0.2647   0.2630   0.2612   0.2607
      inf   0.4170   0.3312   0.3062   0.2936   0.2843   0.2790   0.2758   0.2733   0.2714
      inf   0.4018   0.3165   0.2909   0.2774   0.2712   0.2682   0.2670   0.2669   0.2663
      inf   0.3905   0.3041   0.2790   0.2740   0.2707   0.2667   0.2620   0.2593   0.2575
      inf   0.4098   0.3289   0.3026   0.2911   0.2843   0.2793   0.2782   0.2763   0.2756
      inf   0.4019   0.3145   0.2834   0.2670   0.2622   0.2596   0.2551   0.2536   0.2532
      inf   0.4080   0.3327   0.3077   0.2932   0.2845   0.2778   0.2738   0.2737   0.2725
      inf   0.4253   0.3407   0.3155   0.3054   0.2989   0.2936   0.2907   0.2875   0.2853
      inf   0.4656   0.3602   0.3277   0.3116   0.3006   0.2907   0.2856   0.2823   0.2817
      inf   0.4476   0.3503   0.3192   0.3050   0.3013   0.2979   0.2959   0.2955   0.2940
      inf   0.4241   0.3367   0.3109   0.3039   0.2966   0.2904   0.2854   0.2843   0.2837
      inf   0.4660   0.3642   0.3354   0.3228   0.3174   0.3134   0.3106   0.3075   0.3039
      inf   0.4713   0.3579   0.3232   0.3082   0.2997   0.2970   0.2983   0.2977   0.2970
      inf   0.4532   0.3589   0.3345   0.3206   0.3133   0.3087   0.3066   0.3042   0.3018
      inf   0.4452   0.3535   0.3285   0.3169   0.3113   0.3115   0.3092   0.3088   0.3078
      inf   0.4691   0.3718   0.3452   0.3322   0.3261   0.3218   0.3177   0.3156   0.3147
      inf   0.4944   0.3997   0.3707   0.3517   0.3389   0.3338   0.3284   0.3254   0.3221
        0        0        0        0        0        0        0        0        0        0
        0        0        0        0        0        0        0        0        0        0
        0        0        0        0        0        0        0        0        0        0
        0        0        0        0        0        0        0        0        0        0
        0        0        0        0        0        0        0        0        0        0
        0        0        0        0        0        0        0        0        0        0
        0        0        0        0        0        0        0        0        0        0
        0        0        0        0        0        0        0        0        0        0
        0        0        0        0        0        0        0        0        0        0
        0        0        0        0        0        0        0        0        0        0
        0        0        0        0        0        0        0        0        0        0
        0        0        0        0        0        0        0        0        0        0
        0        0        0        0        0        0        0        0        0        0
        0        0        0        0        0        0        0        0        0        0
        0        0        0        0        0        0        0        0        0        0
        0        0        0        0        0        0        0        0        0        0
        0        0        0        0        0        0        0        0        0        0
        0        0        0        0        0        0        0        0        0        0
        0        0        0        0        0        0        0        0        0        0
        0        0        0        0        0        0        0        0        0        0
        0        0        0        0        0        0        0        0        0        0
        0        0        0        0        0        0        0        0        0        0
        0        0        0        0        0        0        0        0        0        0
        0        0        0        0        0        0        0        0        0        0
        0        0        0        0        0        0        0        0        0        0
        0        0        0        0        0        0        0        0        0        0
        0        0        0        0        0        0        0        0        0        0
        0        0        0        0        0        0        0        0        0        0
        0        0        0        0        0        0        0        0        0        0
        0        0        0        0        0        0        0        0        0        0
        0        0        0        0        0        0        0        0        0        0

