   2.0000
   2.0050
   2.0100
   2.0150
   2.0200
   2.0250
   2.0300
   2.0350
   2.0400
   2.0450
   2.0500
   2.0550
   2.0600
   2.0650
   2.0700
   2.0750
   2.0800
   2.0850
   2.0900
   2.0950
   2.1000
   2.1050
   2.1100
   2.1150
   2.1200
   2.1250
   2.1300
   2.1350
   2.1400
   2.1450
   2.1500
   2.1550
   2.1600
   2.1650
   2.1700
   2.1750
   2.1800
   2.1850
   2.1900
   2.1950
   2.2000
   2.2050
   2.2100
   2.2150
   2.2200
   2.2250
   2.2300
   2.2350
   2.2400
   2.2450
   2.2500
   2.2550
   2.2600
   2.2650
   2.2700
   2.2750
   2.2800
   2.2850
   2.2900
   2.2950
   2.3000
   2.3050
   2.3100
   2.3150
   2.3200
   2.3250
   2.3300
   2.3350
   2.3400
   2.3450
   2.3500
   2.3550
   2.3600
   2.3650
   2.3700
   2.3750
   2.3800
   2.3850
   2.3900
   2.3950
   2.4000
   2.4050
   2.4100
   2.4150
   2.4200
   2.4250
   2.4300
   2.4350
   2.4400
   2.4450
   2.4500
   2.4550
   2.4600
   2.4650
   2.4700
   2.4750
   2.4800
   2.4850
   2.4900
   2.4950
   2.5000
   2.5050
   2.5100
   2.5150
   2.5200
   2.5250
   2.5300
   2.5350
   2.5400
   2.5450
   2.5500
   2.5550
   2.5600
   2.5650
   2.5700
   2.5750
   2.5800
   2.5850
   2.5900
   2.5950

        0        0        0        0        0        0        0        0        0        0
        0        0        0        0        0        0        0        0        0        0
        0        0        0        0        0        0        0        0        0        0
        0        0        0        0        0        0        0        0        0        0
        0        0        0        0        0        0        0        0        0        0
        0        0        0        0        0        0        0        0        0        0
        0        0        0        0        0        0        0        0        0        0
        0        0        0        0        0        0        0        0        0        0
        0        0        0        0        0        0        0        0        0        0
        0        0        0        0        0        0        0        0        0        0
        0        0        0        0        0        0        0        0        0        0
        0        0        0        0        0        0        0        0        0        0
        0        0        0        0        0        0        0        0        0        0
        0        0        0        0        0        0        0        0        0        0
        0        0        0        0        0        0        0        0        0        0
        0        0        0        0        0        0        0        0        0        0
        0        0        0        0        0        0        0        0        0        0
        0        0        0        0        0        0        0        0        0        0
        0        0        0        0        0        0        0        0        0        0
        0        0        0        0        0        0        0        0        0        0
        0        0        0        0        0        0        0        0        0        0
        0        0        0        0        0        0        0        0        0        0
        0        0        0        0        0        0        0        0        0        0
        0        0        0        0        0        0        0        0        0        0
        0        0        0        0        0        0        0        0        0        0
        0        0        0        0        0        0        0        0        0        0
        0        0        0        0        0        0        0        0        0        0
        0        0        0        0        0        0        0        0        0        0
        0        0        0        0        0        0        0        0        0        0
        0        0        0        0        0        0        0        0        0        0
        0        0        0        0        0        0        0        0        0        0
        0        0        0        0        0        0        0        0        0        0
        0        0        0        0        0        0        0        0        0        0
        0        0        0        0        0        0        0        0        0        0
        0        0        0        0        0        0        0        0        0        0
        0        0        0        0        0        0        0        0        0        0
        0        0        0        0        0        0        0        0        0        0
        0        0        0        0        0        0        0        0        0        0
        0        0        0        0        0        0        0        0        0        0
        0        0        0        0        0        0        0        0        0        0
        0        0        0        0        0        0        0        0        0        0
        0        0        0        0        0        0        0        0        0        0
        0        0        0        0        0        0        0        0        0        0
        0        0        0        0        0        0        0        0        0        0
        0        0        0        0        0        0        0        0        0        0
        0        0        0        0        0        0        0        0        0        0
        0        0        0        0        0        0        0        0        0        0
        0        0        0        0        0        0        0        0        0        0
        0        0        0        0        0        0        0        0        0        0
        0        0        0        0        0        0        0        0        0        0
        0        0        0        0        0        0        0        0        0        0
        0        0        0        0        0        0        0        0        0        0
        0        0        0        0        0        0        0        0        0        0
        0        0        0        0        0        0        0        0        0        0
        0        0        0        0        0        0        0        0        0        0
        0        0        0        0        0        0        0        0        0        0
        0        0        0        0        0        0        0        0        0        0
        0        0        0        0        0        0        0        0        0        0
        0        0        0        0        0        0        0        0        0        0
        0        0        0        0        0        0        0        0        0        0
     -inf  -1.3504  -1.3520  -1.3548  -1.3529  -1.3538  -1.3539  -1.3536  -1.3545  -1.3539
     -inf  -1.3495  -1.3459  -1.3465  -1.3462  -1.3441  -1.3455  -1.3448  -1.3454  -1.3451
     -inf  -1.3301  -1.3314  -1.3327  -1.3331  -1.3344  -1.3339  -1.3336  -1.3338  -1.3337
     -inf  -1.3298  -1.3272  -1.3258  -1.3269  -1.3273  -1.3260  -1.3262  -1.3262  -1.3266
     -inf  -1.3129  -1.3120  -1.3149  -1.3160  -1.3147  -1.3149  -1.3143  -1.3144  -1.3141
     -inf  -1.3064  -1.3072  -1.3070  -1.3074  -1.3074  -1.3084  -1.3081  -1.3071  -1.3075
     -inf  -1.2995  -1.3044  -1.3021  -1.3024  -1.3021  -1.3015  -1.3025  -1.3018  -1.3020
     -inf  -1.2892  -1.2926  -1.2923  -1.2922  -1.2928  -1.2922  -1.2918  -1.2910  -1.2914
     -inf  -1.2873  -1.2849  -1.2869  -1.2867  -1.2852  -1.2850  -1.2852  -1.2851  -1.2847
     -inf  -1.2738  -1.2741  -1.2740  -1.2743  -1.2746  -1.2747  -1.2749  -1.2747  -1.2749
     -inf  -1.2637  -1.2660  -1.2657  -1.2658  -1.2663  -1.2665  -1.2674  -1.2679  -1.2682
     -inf  -1.2608  -1.2631  -1.2626  -1.2632  -1.2631  -1.2637  -1.2630  -1.2625  -1.2619
     -inf  -1.2587  -1.2570  -1.2559  -1.2550  -1.2546  -1.2552  -1.2549  -1.2550  -1.2547
     -inf  -1.2460  -1.2454  -1.2458  -1.2459  -1.2469  -1.2478  -1.2480  -1.2483  -1.2481
     -inf  -1.2416  -1.2432  -1.2431  -1.2420  -1.2423  -1.2421  -1.2422  -1.2420  -1.2415
     -inf  -1.2356  -1.2348  -1.2353  -1.2350  -1.2347  -1.2352  -1.2351  -1.2352  -1.2349
     -inf  -1.2281  -1.2288  -1.2287  -1.2281  -1.2285  -1.2282  -1.2284  -1.2280  -1.2277
     -inf  -1.2214  -1.2214  -1.2231  -1.2227  -1.2228  -1.2224  -1.2226  -1.2227  -1.2225
     -inf  -1.2174  -1.2150  -1.2160  -1.2153  -1.2151  -1.2154  -1.2154  -1.2155  -1.2155
     -inf  -1.2091  -1.2075  -1.2077  -1.2088  -1.2092  -1.2092  -1.2093  -1.2092  -1.2095
     -inf  -1.2021  -1.2045  -1.2041  -1.2041  -1.2039  -1.2041  -1.2038  -1.2036  -1.2039
     -inf  -1.1987  -1.1992  -1.1994  -1.1990  -1.1989  -1.1987  -1.1987  -1.1987  -1.1988
     -inf  -1.1922  -1.1933  -1.1926  -1.1932  -1.1930  -1.1932  -1.1935  -1.1932  -1.1933
     -inf  -1.1872  -1.1878  -1.1877  -1.1880  -1.1881  -1.1880  -1.1878  -1.1875  -1.1877
     -inf  -1.1836  -1.1834  -1.1823  -1.1819  -1.1821  -1.1820  -1.1822  -1.1822  -1.1823
     -inf  -1.1742  -1.1763  -1.1764  -1.1761  -1.1767  -1.1769  -1.1769  -1.1768  -1.1767
     -inf  -1.1720  -1.1728  -1.1726  -1.1725  -1.1726  -1.1725  -1.1726  -1.1723  -1.1722
     -inf  -1.1667  -1.1668  -1.1669  -1.1672  -1.1673  -1.1671  -1.1671  -1.1671  -1.1670
     -inf  -1.1613  -1.1618  -1.1617  -1.1610  -1.1615  -1.1616  -1.1614  -1.1613  -1.1613
     -inf  -1.1561  -1.1559  -1.1565  -1.1563  -1.1565  -1.1564  -1.1564  -1.1565  -1.1565
        0        0        0        0        0        0        0        0        0        0
        0        0        0        0        0        0        0        0        0        0
        0        0        0        0        0        0        0        0        0        0
        0        0        0        0        0        0        0        0        0        0
        0        0        0        0        0        0        0        0        0        0
        0        0        0        0        0        0        0        0        0        0
        0        0        0        0        0        0        0        0        0        0
        0        0        0        0        0        0        0        0        0        0
        0        0        0        0        0        0        0        0        0        0
        0        0        0        0        0        0        0        0        0        0
        0        0        0        0        0        0        0        0        0        0
        0        0        0        0        0        0        0        0        0        0
        0        0        0        0        0        0        0        0        0        0
        0        0        0        0        0        0        0        0        0        0
        0        0        0        0        0        0        0        0        0        0
        0        0        0        0        0        0        0        0        0        0
        0        0        0        0        0        0        0        0        0        0
        0        0        0        0        0        0        0        0        0        0
        0        0        0        0        0        0        0        0        0        0
        0        0        0        0        0        0        0        0        0        0
        0        0        0        0        0        0        0        0        0        0
        0        0        0        0        0        0        0        0        0        0
        0        0        0        0        0        0        0        0        0        0
        0        0        0        0        0        0        0        0        0        0
        0        0        0        0        0        0        0        0        0        0
        0        0        0        0        0        0        0        0        0        0
        0        0        0        0        0        0        0        0        0        0
        0        0        0        0        0        0        0        0        0        0
        0        0        0        0        0        0        0        0        0        0
        0        0        0        0        0        0        0        0        0        0

            0            0            0            0            0            0            0            0            0            0
            0            0            0            0            0            0            0            0            0            0
            0            0            0            0            0            0            0            0            0            0
            0            0            0            0            0            0            0            0            0            0
            0            0            0            0            0            0            0            0            0            0
            0            0            0            0            0            0            0            0            0            0
            0            0            0            0            0            0            0            0            0            0
            0            0            0            0            0            0            0            0            0            0
            0            0            0            0            0            0            0            0            0            0
            0            0            0            0            0            0            0            0            0            0
            0            0            0            0            0            0            0            0            0            0
            0            0            0            0            0            0            0            0            0            0
            0            0            0            0            0            0            0            0            0            0
            0            0            0            0            0            0            0            0            0            0
            0            0            0            0            0            0            0            0            0            0
            0            0            0            0            0            0            0            0            0            0
            0            0            0            0            0            0            0            0            0            0
            0            0            0            0            0            0            0            0            0            0
            0            0            0            0            0            0            0            0            0            0
            0            0            0            0            0            0            0            0            0            0
            0            0            0            0            0            0            0            0            0            0
            0            0            0            0            0            0            0            0            0            0
            0            0            0            0            0            0            0            0            0            0
            0            0            0            0            0            0            0            0            0            0
            0            0            0            0            0            0            0            0            0            0
            0            0            0            0            0            0            0            0            0            0
            0            0            0            0            0            0            0            0            0            0
            0            0            0            0            0            0            0            0            0            0
            0            0            0            0            0            0            0            0            0            0
            0            0            0            0            0            0            0            0            0            0
            0            0            0            0            0            0            0            0            0            0
            0            0            0            0            0            0            0            0            0            0
            0            0            0            0            0            0            0            0            0            0
            0            0            0            0            0            0            0            0            0            0
            0            0            0            0            0            0            0            0            0            0
            0            0            0            0            0            0            0            0            0            0
            0            0            0            0            0            0            0            0            0            0
            0            0            0            0            0            0            0            0            0            0
            0            0            0            0            0            0            0            0            0            0
            0            0            0            0            0            0            0            0            0            0
            0            0            0            0            0            0            0            0            0            0
            0            0            0            0            0            0            0            0            0            0
            0            0            0            0            0            0            0            0            0            0
            0            0            0            0            0            0            0            0            0            0
            0            0            0            0            0            0            0            0            0            0
            0            0            0            0            0            0            0            0            0            0
            0            0            0            0            0            0            0            0            0            0
            0            0            0            0            0            0            0            0            0            0
            0            0            0            0            0            0            0            0            0            0
            0            0            0            0            0            0            0            0            0            0
            0            0            0            0            0            0            0            0            0            0
            0            0            0            0            0            0            0            0            0            0
            0            0            0            0            0            0            0            0            0            0
            0            0            0            0            0            0            0            0            0            0
            0            0            0            0            0            0            0            0            0            0
            0            0            0            0            0            0            0            0            0            0
            0            0            0            0            0            0            0            0            0            0
            0            0            0            0            0            0            0            0            0            0
            0            0            0            0            0            0            0            0            0            0
            0            0            0            0            0            0            0            0            0            0
         -inf  -1.6060e-01  -1.4822e-01  -2.1800e-01  -1.3572e-01  -1.5748e-01  -1.6565e-01  -1.5583e-01  -1.8585e-01  -1.5116e-01
          inf   2.6215e-01   7.0557e-02   1.0133e-01   1.1712e-01   6.3036e-02   9.3338e-02   6.5373e-02   7.4284e-02   8.1546e-02
         -inf   6.6843e-02   1.7618e-02  -7.4570e-02  -1.1139e-01  -8.3731e-02  -6.4020e-02  -4.4291e-02  -1.3668e-02   1.2315e-02
         -inf   2.5909e-01   1.7947e-01   2.2108e-01   2.2872e-01   1.5308e-01   1.2625e-01   8.4662e-02   4.7278e-02   2.5265e-02
         -inf   1.3646e-01   2.5861e-02  -3.7006e-02  -3.1173e-02  -1.2954e-02  -2.5184e-02  -2.3776e-02  -1.0856e-02  -2.2883e-02
          inf  -4.1029e-02   2.0996e-02   4.3042e-02   6.2995e-03   1.0544e-02  -1.2702e-02  -1.7524e-02  -2.0058e-02  -4.1291e-02
         -inf  -1.5304e-01  -1.9764e-01  -1.0761e-01  -8.5288e-02  -4.5496e-02  -3.9326e-02  -6.3249e-02  -5.2023e-02  -4.2937e-02
         -inf   3.4756e-02   8.7062e-02   8.7840e-02   7.4233e-02   2.6292e-02   2.9605e-02   3.6733e-02   2.2549e-02   1.8923e-02
          inf   1.3981e-01   8.9116e-02   4.7333e-02   6.0108e-02   5.5307e-02   5.3979e-02   4.6612e-02   6.0752e-02   5.3285e-02
          inf   3.2491e-02   8.0445e-02   2.7845e-02  -8.4234e-03  -4.1717e-03  -2.9307e-02  -1.2390e-02  -2.7506e-03   1.6415e-02
          inf  -2.2170e-02  -2.6161e-02  -5.9186e-03  -2.8734e-02  -2.7729e-02  -3.4892e-02  -2.8053e-02  -3.7611e-02  -1.9593e-02
         -inf  -2.9544e-02  -4.4037e-02   2.5314e-02   3.6397e-02   2.1685e-02   5.3432e-02   6.0016e-02   4.8689e-02   3.4608e-02
         -inf  -1.7472e-03   2.2529e-02  -1.7890e-02  -1.3404e-02  -7.2875e-03  -2.9933e-03  -7.6042e-03  -4.2863e-03  -3.9920e-03
          inf   5.2314e-02   3.9867e-02   4.3535e-02   4.2654e-02   3.5824e-02   2.1786e-02   2.0817e-02   1.5288e-02   1.1850e-02
          inf   1.1517e-01   7.7120e-02   4.7623e-02   4.9819e-02   3.8231e-02   3.7373e-02   3.3774e-02   2.9308e-02   2.7874e-02
          inf   4.4903e-02  -9.1073e-04   1.1250e-02   1.4646e-02   8.4261e-03   7.6997e-03   6.0683e-03  -5.6770e-03  -2.9306e-03
          inf  -1.3465e-03   2.2148e-03  -4.4485e-03  -1.2866e-03  -1.2036e-02  -7.4944e-03  -4.4119e-04   3.1907e-03   2.0487e-03
         -inf   2.8534e-02   9.0292e-03  -1.9528e-03  -9.0008e-04  -9.1978e-03  -1.5460e-02  -8.5922e-03  -6.7306e-03  -8.2678e-03
          inf   2.0266e-02   2.2739e-02   1.5624e-02   7.4330e-03   9.9970e-04   1.3355e-02   9.2023e-03   4.4844e-03  -2.3276e-03
          inf  -1.9825e-02  -1.9968e-02  -1.0716e-02  -6.8249e-03  -7.3757e-05  -1.5652e-03   2.4876e-04  -1.8637e-03   7.1520e-04
         -inf  -7.0925e-03  -3.3449e-02  -1.3581e-02  -1.8369e-02  -1.1275e-02  -1.6644e-02  -1.5899e-02  -1.1475e-02  -8.2162e-03
          inf   1.4652e-02   2.4102e-02   2.2374e-02   2.1446e-02   1.8399e-02   8.9118e-03   9.9531e-03   4.2869e-03   7.6116e-03
          inf  -4.8224e-02  -3.3739e-02  -2.4351e-02  -6.5279e-03  -2.9053e-03  -3.2123e-03   5.0238e-04   4.8563e-04  -1.9179e-03
          inf  -3.0821e-02  -2.1900e-02  -7.9807e-03  -1.8359e-02  -1.4129e-02  -7.5784e-03  -9.2782e-03  -1.1352e-02  -8.9404e-03
         -inf   1.2314e-02  -5.0405e-03   5.7621e-03   7.7213e-03   6.0314e-03   4.9222e-03   1.0498e-02   1.0241e-02   6.2774e-03
         -inf  -4.8669e-03  -1.2587e-02  -6.1011e-03   1.7977e-03  -2.1223e-03  -5.0787e-03  -2.5834e-03  -2.3273e-03  -4.6722e-03
         -inf   1.4850e-02  -1.3813e-04   2.6837e-03   5.8381e-03   7.2397e-03   5.7993e-03   3.6302e-03   4.1002e-03   3.6552e-03
          inf   7.0280e-03  -6.3238e-03   4.8369e-03   1.2658e-03  -2.1393e-03  -4.0769e-03  -7.9965e-03  -4.1590e-03  -5.3418e-03
          inf   2.7191e-03   8.5816e-03   7.7711e-03   6.4535e-03   4.5741e-03  -2.4752e-03  -6.0951e-04  -1.2398e-03  -2.9106e-04
         -inf  -3.0975e-03   9.9716e-04   1.0865e-02   6.9082e-03   6.9343e-03   8.2667e-03   1.0482e-02   8.2421e-03   7.4257e-03
            0            0            0            0            0            0            0            0            0            0
            0            0            0            0            0            0            0            0            0            0
            0            0            0            0            0            0            0            0            0            0
            0            0            0            0            0            0            0            0            0            0
            0            0            0            0            0            0            0            0            0            0
            0            0            0            0            0            0            0            0            0            0
            0            0            0            0            0            0            0            0            0            0
            0            0            0            0            0            0            0            0            0            0
            0            0            0            0            0            0            0            0            0            0
            0            0            0            0            0            0            0            0            0            0
            0            0            0            0            0            0            0            0            0            0
            0            0            0            0            0            0            0            0            0            0
            0            0            0            0            0            0            0            0            0            0
            0            0            0            0            0            0            0            0            0            0
            0            0            0            0            0            0            0            0            0            0
            0            0            0            0            0            0            0            0            0            0
            0            0            0            0            0            0            0            0            0            0
            0            0            0            0            0            0            0            0            0            0
            0            0            0            0            0            0            0            0            0            0
            0            0            0            0            0            0            0            0            0            0
            0            0            0            0            0            0            0            0            0            0
            0            0            0            0            0            0            0            0            0            0
            0            0            0            0            0            0            0            0            0            0
            0            0            0            0            0            0            0            0            0            0
            0            0            0            0            0            0            0            0            0            0
            0            0            0            0            0            0            0            0            0            0
            0            0            0            0            0            0            0            0            0            0
            0            0            0            0            0            0            0            0            0            0
            0            0            0            0            0            0            0            0            0            0
            0            0            0            0            0            0            0            0            0            0

        0        0        0        0        0        0        0        0        0        0
        0        0        0        0        0        0        0        0        0        0
        0        0        0        0        0        0        0        0        0        0
        0        0        0        0        0        0        0        0        0        0
        0        0        0        0        0        0        0        0        0        0
        0        0        0        0        0        0        0        0        0        0
        0        0        0        0        0        0        0        0        0        0
        0        0        0        0        0        0        0        0        0        0
        0        0        0        0        0        0        0        0        0        0
        0        0        0        0        0        0        0        0        0        0
        0        0        0        0        0        0        0        0        0        0
        0        0        0        0        0        0        0        0        0        0
        0        0        0        0        0        0        0        0        0        0
        0        0        0        0        0        0        0        0        0        0
        0        0        0        0        0        0        0        0        0        0
        0        0        0        0        0        0        0        0        0        0
        0        0        0        0        0        0        0        0        0        0
        0        0        0        0        0        0        0        0        0        0
        0        0        0        0        0        0        0        0        0        0
        0        0        0        0        0        0        0        0        0        0
        0        0        0        0        0        0        0        0        0        0
        0        0        0        0        0        0        0        0        0        0
        0        0        0        0        0        0        0        0        0        0
        0        0        0        0        0        0        0        0        0        0
        0        0        0        0        0        0        0        0        0        0
        0        0        0        0        0        0        0        0        0        0
        0        0        0        0        0        0        0        0        0        0
        0        0        0        0        0        0        0        0        0        0
        0        0        0        0        0        0        0        0        0        0
        0        0        0        0        0        0        0        0        0        0
        0        0        0        0        0        0        0        0        0        0
        0        0        0        0        0        0        0        0        0        0
        0        0        0        0        0        0        0        0        0        0
        0        0        0        0        0        0        0        0        0        0
        0        0        0        0        0        0        0        0        0        0
        0        0        0        0        0        0        0        0        0        0
        0        0        0        0        0        0        0        0        0        0
        0        0        0        0        0        0        0        0        0        0
        0        0        0        0        0        0        0        0        0        0
        0        0        0        0        0        0        0        0        0        0
        0        0        0        0        0        0        0        0        0        0
        0        0        0        0        0        0        0        0        0        0
        0        0        0        0        0        0        0        0        0        0
        0        0        0        0        0        0        0        0        0        0
        0        0        0        0        0        0        0        0        0        0
        0        0        0        0        0        0        0        0        0        0
        0        0        0        0        0        0        0        0        0        0
        0        0        0        0        0        0        0        0        0        0
        0        0        0        0        0        0        0        0        0        0
        0        0        0        0        0        0        0        0        0        0
        0        0        0        0        0        0        0        0        0        0
        0        0        0        0        0        0        0        0        0        0
        0        0        0        0        0        0        0        0        0        0
        0        0        0        0        0        0        0        0        0        0
        0        0        0        0        0        0        0        0        0        0
        0        0        0        0        0        0        0        0        0        0
        0        0        0        0        0        0        0        0        0        0
        0        0        0        0        0        0        0        0        0        0
        0        0        0        0        0        0        0        0        0        0
        0        0        0        0        0        0        0        0        0        0
      inf   0.4129   0.4221   0.4379   0.4260   0.4326   0.4325   0.4306   0.4359   0.4327
      inf   0.4444   0.4239   0.4229   0.4197   0.4068   0.4167   0.4128   0.4153   0.4126
      inf   0.3457   0.3683   0.3786   0.3804   0.3898   0.3875   0.3868   0.3880   0.3875
      inf   0.3998   0.3803   0.3756   0.3822   0.3840   0.3770   0.3776   0.3749   0.3771
      inf   0.3231   0.3131   0.3292   0.3361   0.3300   0.3328   0.3316   0.3312   0.3301
      inf   0.3245   0.3279   0.3247   0.3271   0.3257   0.3331   0.3314   0.3257   0.3278
      inf   0.3166   0.3416   0.3287   0.3317   0.3297   0.3261   0.3315   0.3274   0.3297
      inf   0.2753   0.3073   0.3033   0.3055   0.3082   0.3027   0.3033   0.2980   0.3007
      inf   0.3132   0.2931   0.3131   0.3107   0.2944   0.2945   0.2972   0.2981   0.2953
      inf   0.2541   0.2480   0.2500   0.2559   0.2595   0.2623   0.2624   0.2618   0.2621
      inf   0.2202   0.2343   0.2338   0.2298   0.2311   0.2363   0.2429   0.2460   0.2503
      inf   0.2282   0.2508   0.2495   0.2541   0.2519   0.2568   0.2506   0.2459   0.2421
      inf   0.2468   0.2409   0.2362   0.2309   0.2299   0.2370   0.2348   0.2365   0.2317
      inf   0.2153   0.2107   0.2145   0.2153   0.2209   0.2270   0.2274   0.2270   0.2266
      inf   0.2167   0.2166   0.2167   0.2104   0.2145   0.2126   0.2127   0.2116   0.2108
      inf   0.2133   0.2081   0.2122   0.2117   0.2118   0.2126   0.2120   0.2114   0.2099
      inf   0.1903   0.2085   0.2049   0.2021   0.2052   0.2004   0.1996   0.1980   0.1957
      inf   0.1744   0.1831   0.1972   0.1940   0.1929   0.1901   0.1907   0.1898   0.1896
      inf   0.1835   0.1720   0.1829   0.1837   0.1812   0.1822   0.1811   0.1814   0.1813
      inf   0.1697   0.1590   0.1619   0.1646   0.1682   0.1677   0.1702   0.1701   0.1723
      inf   0.1651   0.1787   0.1751   0.1727   0.1698   0.1708   0.1685   0.1653   0.1658
      inf   0.1671   0.1661   0.1662   0.1643   0.1642   0.1654   0.1642   0.1645   0.1654
      inf   0.1658   0.1597   0.1548   0.1560   0.1587   0.1593   0.1612   0.1597   0.1592
      inf   0.1549   0.1548   0.1569   0.1557   0.1577   0.1580   0.1570   0.1555   0.1552
      inf   0.1566   0.1550   0.1510   0.1478   0.1493   0.1497   0.1495   0.1486   0.1499
      inf   0.1416   0.1444   0.1446   0.1443   0.1459   0.1448   0.1443   0.1435   0.1428
      inf   0.1431   0.1479   0.1480   0.1464   0.1468   0.1460   0.1444   0.1421   0.1414
      inf   0.1330   0.1357   0.1366   0.1369   0.1377   0.1391   0.1397   0.1403   0.1403
      inf   0.1325   0.1399   0.1352   0.1348   0.1343   0.1356   0.1358   0.1344   0.1343
      inf   0.1290   0.1281   0.1278   0.1308   0.1306   0.1316   0.1319   0.1306   0.1301
        0        0        0        0        0        0        0        0        0        0
        0        0        0        0        0        0        0        0        0        0
        0        0        0        0        0        0        0        0        0        0
        0        0        0        0        0        0        0        0        0        0
        0        0        0        0        0        0        0        0        0        0
        0        0        0        0        0        0        0        0        0        0
        0        0        0        0        0        0        0        0        0        0
        0        0        0        0        0        0        0        0        0        0
        0        0        0        0        0        0        0        0        0        0
        0        0        0        0        0        0        0        0        0        0
        0        0        0        0        0        0        0        0        0        0
        0        0        0        0        0        0        0        0        0        0
        0        0        0        0        0        0        0        0        0        0
        0        0        0        0        0        0        0        0        0        0
        0        0        0        0        0        0        0        0        0        0
        0        0        0        0        0        0        0        0        0        0
        0        0        0        0        0        0        0        0        0        0
        0        0        0        0        0        0        0        0        0        0
        0        0        0        0        0        0        0        0        0        0
        0        0        0        0        0        0        0        0        0        0
        0        0        0        0        0        0        0        0        0        0
        0        0        0        0        0        0        0        0        0        0
        0        0        0        0        0        0        0        0        0        0
        0        0        0        0        0        0        0        0        0        0
        0        0        0        0        0        0        0        0        0        0
        0        0        0        0        0        0        0        0        0        0
        0        0        0        0        0        0        0        0        0        0
        0        0        0        0        0        0        0        0        0        0
        0        0        0        0        0        0        0        0        0        0
        0        0        0        0        0        0        0        0        0        0

        0        0        0        0        0        0        0        0        0        0
        0        0        0        0        0        0        0        0        0        0
        0        0        0        0        0        0        0        0        0        0
        0        0        0        0        0        0        0        0        0        0
        0        0        0        0        0        0        0        0        0        0
        0        0        0        0        0        0        0        0        0        0
        0        0        0        0        0        0        0        0        0        0
        0        0        0        0        0        0        0        0        0        0
        0        0        0        0        0        0        0        0        0        0
        0        0        0        0        0        0        0        0        0        0
        0        0        0        0        0        0        0        0        0        0
        0        0        0        0        0        0        0        0        0        0
        0        0        0        0        0        0        0        0        0        0
        0        0        0        0        0        0        0        0        0        0
        0        0        0        0        0        0        0        0        0        0
        0        0        0        0        0        0        0        0        0        0
        0        0        0        0        0        0        0        0        0        0
        0        0        0        0        0        0        0        0        0        0
        0        0        0        0        0        0        0        0        0        0
        0        0        0        0        0        0        0        0        0        0
        0        0        0        0        0        0        0        0        0        0
        0        0        0        0        0        0        0        0        0        0
        0        0        0        0        0        0        0        0        0        0
        0        0        0        0        0        0        0        0        0        0
        0        0        0        0        0        0        0        0        0        0
        0        0        0        0        0        0        0        0        0        0
        0        0        0        0        0        0        0        0        0        0
        0        0        0        0        0        0        0        0        0        0
        0        0        0        0        0        0        0        0        0        0
        0        0        0        0        0        0        0        0        0        0
        0        0        0        0        0        0        0        0        0        0
        0        0        0        0        0        0        0        0        0        0
        0        0        0        0        0        0        0        0        0        0
        0        0        0        0        0        0        0        0        0        0
        0        0        0        0        0        0        0        0        0        0
        0        0        0        0        0        0        0        0        0        0
        0        0        0        0        0        0        0        0        0        0
        0        0        0        0        0        0        0        0        0        0
        0        0        0        0        0        0        0        0        0        0
        0        0        0        0        0        0        0        0        0        0
        0        0        0        0        0        0        0        0        0        0
        0        0        0        0        0        0        0        0        0        0
        0        0        0        0        0        0        0        0        0        0
        0        0        0        0        0        0        0        0        0        0
        0        0        0        0        0        0        0        0        0        0
        0        0        0        0        0        0        0        0        0        0
        0        0        0        0        0        0        0        0        0        0
        0        0        0        0        0        0        0        0        0        0
        0        0        0        0        0        0        0        0        0        0
        0        0        0        0        0        0        0        0        0        0
        0        0        0        0        0        0        0        0        0        0
        0        0        0        0        0        0        0        0        0        0
        0        0        0        0        0        0        0        0        0        0
        0        0        0        0        0        0        0        0        0        0
        0        0        0        0        0        0        0        0        0        0
        0        0        0        0        0        0        0        0        0        0
        0        0        0        0        0        0        0        0        0        0
        0        0        0        0        0        0        0        0        0        0
        0        0        0        0        0        0        0        0        0        0
        0        0        0        0        0        0        0        0        0        0
      nan   2.0456   2.0256   2.1116   2.1529   2.1225   2.1144   2.1067   2.1258   2.1428
      nan   1.9963   2.0487   2.0904   2.0339   2.0377   2.0317   2.0444   2.0560   2.0365
      nan   1.9154   1.9529   2.0123   2.0076   2.0234   1.9947   1.9934   2.0112   2.0026
      nan   1.9578   1.9119   1.8735   1.8674   1.8699   1.8540   1.8681   1.8716   1.8851
      nan   1.9228   1.8358   1.8512   1.8320   1.7904   1.7863   1.7821   1.7863   1.7849
      nan   1.7752   1.7113   1.6484   1.6782   1.6903   1.7275   1.7482   1.7288   1.7406
      nan   1.6009   1.7269   1.6556   1.6822   1.7001   1.6888   1.7056   1.6869   1.6935
      nan   1.5777   1.6495   1.6117   1.5792   1.6158   1.6025   1.6209   1.6086   1.6159
      nan   1.7006   1.6381   1.6771   1.6792   1.6339   1.6438   1.6319   1.6181   1.6048
      nan   1.4208   1.4421   1.4594   1.4781   1.4889   1.5054   1.4934   1.4928   1.5063
      nan   1.4337   1.4454   1.4548   1.4349   1.4191   1.4178   1.4243   1.4325   1.4391
      nan   1.3745   1.4941   1.4938   1.4891   1.4606   1.4624   1.4651   1.4571   1.4372
      nan   1.4056   1.4634   1.4630   1.4190   1.3942   1.4093   1.4010   1.4029   1.3916
      nan   1.3038   1.3319   1.3285   1.3270   1.3312   1.3536   1.3489   1.3560   1.3627
      nan   1.3185   1.3224   1.3189   1.3055   1.3064   1.2980   1.3093   1.3126   1.3047
      nan   1.3037   1.3199   1.2844   1.2871   1.2910   1.2839   1.2746   1.2754   1.2760
      nan   1.1865   1.2494   1.2589   1.2392   1.2550   1.2521   1.2516   1.2508   1.2479
      nan   1.1572   1.2017   1.2156   1.2091   1.2163   1.2058   1.2046   1.2099   1.2119
      nan   1.1178   1.1006   1.1570   1.1670   1.1619   1.1645   1.1597   1.1651   1.1675
      nan   1.1378   1.1189   1.1406   1.1528   1.1579   1.1575   1.1539   1.1529   1.1572
      nan   1.1510   1.1671   1.1731   1.1612   1.1580   1.1516   1.1392   1.1360   1.1377
      nan   1.0990   1.1092   1.1187   1.1023   1.1092   1.1141   1.1142   1.1185   1.1206
      nan   1.1502   1.1113   1.1013   1.1096   1.1060   1.0991   1.1016   1.0978   1.0950
      nan   1.0806   1.0651   1.0768   1.0848   1.0921   1.0955   1.0938   1.0839   1.0851
      nan   1.0246   1.0454   1.0334   1.0379   1.0347   1.0397   1.0419   1.0452   1.0484
      nan   1.0087   1.0437   1.0397   1.0286   1.0307   1.0363   1.0341   1.0344   1.0305
      nan   1.0118   1.0319   1.0207   1.0212   1.0292   1.0333   1.0295   1.0281   1.0273
      nan   1.0067   1.0153   1.0078   1.0012   1.0149   1.0138   1.0180   1.0162   1.0114
      nan   1.0131   1.0113   0.9945   0.9932   0.9922   0.9904   0.9911   0.9905   0.9912
      nan   0.9789   0.9909   0.9950   0.9979   0.9917   0.9943   0.9958   0.9933   0.9920
        0        0        0        0        0        0        0        0        0        0
        0        0        0        0        0        0        0        0        0        0
        0        0        0        0        0        0        0        0        0        0
        0        0        0        0        0        0        0        0        0        0
        0        0        0        0        0        0        0        0        0        0
        0        0        0        0        0        0        0        0        0        0
        0        0        0        0        0        0        0        0        0        0
        0        0        0        0        0        0        0        0        0        0
        0        0        0        0        0        0        0        0        0        0
        0        0        0        0        0        0        0        0        0        0
        0        0        0        0        0        0        0        0        0        0
        0        0        0        0        0        0        0        0        0        0
        0        0        0        0        0        0        0        0        0        0
        0        0        0        0        0        0        0        0        0        0
        0        0        0        0        0        0        0        0        0        0
        0        0        0        0        0        0        0        0        0        0
        0        0        0        0        0        0        0        0        0        0
        0        0        0        0        0        0        0        0        0        0
        0        0        0        0        0        0        0        0        0        0
        0        0        0        0        0        0        0        0        0        0
        0        0        0        0        0        0        0        0        0        0
        0        0        0        0        0        0        0        0        0        0
        0        0        0        0        0        0        0        0        0        0
        0        0        0        0        0        0        0        0        0        0
        0        0        0        0        0        0        0        0        0        0
        0        0        0        0        0        0        0        0        0        0
        0        0        0        0        0        0        0        0        0        0
        0        0        0        0        0        0        0        0        0        0
        0        0        0        0        0        0        0        0        0        0
        0        0        0        0        0        0        0        0        0        0

            0            0            0            0            0            0            0            0            0            0
            0            0            0            0            0            0            0            0            0            0
            0            0            0            0            0            0            0            0            0            0
            0            0            0            0            0            0            0            0            0            0
            0            0            0            0            0            0            0            0            0            0
            0            0            0            0            0            0            0            0            0            0
            0            0            0            0            0            0            0            0            0            0
            0            0            0            0            0            0            0            0            0            0
            0            0            0            0            0            0            0            0            0            0
            0            0            0            0            0            0            0            0            0            0
            0            0            0            0            0            0            0            0            0            0
            0            0            0            0            0            0            0            0            0            0
            0            0            0            0            0            0            0            0            0            0
            0            0            0            0            0            0            0            0            0            0
            0            0            0            0            0            0            0            0            0            0
            0            0            0            0            0            0            0            0            0            0
            0            0            0            0            0            0            0            0            0            0
            0            0            0            0            0            0            0            0            0            0
            0            0            0            0            0            0            0            0            0            0
            0            0            0            0            0            0            0            0            0            0
            0            0            0            0            0            0            0            0            0            0
            0            0            0            0            0            0            0            0            0            0
            0            0            0            0            0            0            0            0            0            0
            0            0            0            0            0            0            0            0            0            0
            0            0            0            0            0            0            0            0            0            0
            0            0            0            0            0            0            0            0            0            0
            0            0            0            0            0            0            0            0            0            0
            0            0            0            0            0            0            0            0            0            0
            0            0            0            0            0            0            0            0            0            0
            0            0            0            0            0            0            0            0            0            0
            0            0            0            0            0            0            0            0            0            0
            0            0            0            0            0            0            0            0            0            0
            0            0            0            0            0            0            0            0            0            0
            0            0            0            0            0            0            0            0            0            0
            0            0            0            0            0            0            0            0            0            0
            0            0            0            0            0            0            0            0            0            0
            0            0            0            0            0            0            0            0            0            0
            0            0            0            0            0            0            0            0            0            0
            0            0            0            0            0            0            0            0            0            0
            0            0            0            0            0            0            0            0            0            0
            0            0            0            0            0            0            0            0            0            0
            0            0            0            0            0            0            0            0            0            0
            0            0            0            0            0            0            0            0            0            0
            0            0            0            0            0            0            0            0            0            0
            0            0            0            0            0            0            0            0            0            0
            0            0            0            0            0            0            0            0            0            0
            0            0            0            0            0            0            0            0            0            0
            0            0            0            0            0            0            0            0            0            0
            0            0            0            0            0            0            0            0            0            0
            0            0            0            0            0            0            0            0            0            0
            0            0            0            0            0            0            0            0            0            0
            0            0            0            0            0            0            0            0            0            0
            0            0            0            0            0            0            0            0            0            0
            0            0            0            0            0            0            0            0            0            0
            0            0            0            0            0            0            0            0            0            0
            0            0            0            0            0            0            0            0            0            0
            0            0            0            0            0            0            0            0            0            0
            0            0            0            0            0            0            0            0            0            0
            0            0            0            0            0            0            0            0            0            0
            0            0            0            0            0            0            0            0            0            0
          nan   2.9313e+02   3.0783e+02   2.8869e+02   3.2297e+02   3.1995e+02   3.1544e+02   3.1774e+02   3.0830e+02   3.2359e+02
          nan   2.5646e+02   3.3358e+02   3.2729e+02   3.1742e+02   3.1764e+02   3.2068e+02   3.2358e+02   3.2515e+02   3.2017e+02
          nan   2.4139e+02   2.7071e+02   2.7542e+02   2.6866e+02   2.8825e+02   2.8859e+02   2.9065e+02   2.9509e+02   2.9492e+02
          nan   1.9667e+02   2.3198e+02   1.9878e+02   2.0087e+02   2.4820e+02   2.5125e+02   2.6635e+02   2.7231e+02   2.7788e+02
          nan   1.9585e+02   2.1284e+02   2.2934e+02   2.3586e+02   2.2938e+02   2.3062e+02   2.2886e+02   2.2963e+02   2.2736e+02
          nan   2.1262e+02   2.1753e+02   2.1098e+02   2.1810e+02   2.1745e+02   2.2567e+02   2.2464e+02   2.1802e+02   2.1862e+02
          nan   1.7259e+02   1.7660e+02   2.0191e+02   2.1187e+02   2.1845e+02   2.1539e+02   2.1768e+02   2.1455e+02   2.1823e+02
          nan   1.6280e+02   1.8396e+02   1.7989e+02   1.8365e+02   1.9470e+02   1.8892e+02   1.8902e+02   1.8542e+02   1.8797e+02
          nan   1.7163e+02   1.7054e+02   1.9760e+02   1.9323e+02   1.7855e+02   1.7899e+02   1.8172e+02   1.7990e+02   1.7848e+02
          nan   1.3892e+02   1.2550e+02   1.3680e+02   1.4308e+02   1.4675e+02   1.4794e+02   1.4869e+02   1.4863e+02   1.4910e+02
          nan   1.1255e+02   1.2434e+02   1.2450e+02   1.2075e+02   1.2135e+02   1.2416e+02   1.2985e+02   1.3138e+02   1.3685e+02
          nan   1.1383e+02   1.3266e+02   1.3343e+02   1.3721e+02   1.3557e+02   1.3676e+02   1.3140e+02   1.2931e+02   1.2759e+02
          nan   1.3328e+02   1.2852e+02   1.2315e+02   1.1765e+02   1.1675e+02   1.2309e+02   1.2091e+02   1.2236e+02   1.1831e+02
          nan   9.8509e+01   9.8055e+01   1.0051e+02   1.0103e+02   1.0657e+02   1.1322e+02   1.1375e+02   1.1405e+02   1.1394e+02
          nan   8.5700e+01   9.6316e+01   1.0163e+02   9.6295e+01   1.0097e+02   9.9893e+01   1.0050e+02   9.9975e+01   9.8942e+01
          nan   9.5956e+01   9.7633e+01   9.8628e+01   9.8522e+01   9.8875e+01   9.9450e+01   9.9274e+01   9.8412e+01   9.7717e+01
          nan   8.2466e+01   9.6583e+01   9.2859e+01   9.0260e+01   9.2466e+01   8.9212e+01   8.9325e+01   8.7814e+01   8.6236e+01
          nan   6.6828e+01   7.5872e+01   8.5579e+01   8.3540e+01   8.3073e+01   8.0116e+01   8.1061e+01   8.0766e+01   8.0801e+01
          nan   7.3079e+01   6.5878e+01   7.4645e+01   7.6015e+01   7.3961e+01   7.4346e+01   7.3846e+01   7.4043e+01   7.4087e+01
          nan   6.3378e+01   5.6229e+01   5.9575e+01   6.1475e+01   6.4106e+01   6.3876e+01   6.5174e+01   6.4870e+01   6.6705e+01
          nan   6.1277e+01   6.9189e+01   6.8437e+01   6.6733e+01   6.4870e+01   6.5442e+01   6.3967e+01   6.2165e+01   6.2699e+01
          nan   6.0895e+01   6.0251e+01   6.1082e+01   5.9711e+01   6.0048e+01   6.1167e+01   6.0418e+01   6.0769e+01   6.1235e+01
          nan   5.7151e+01   5.6201e+01   5.3969e+01   5.5515e+01   5.7402e+01   5.7871e+01   5.9280e+01   5.8012e+01   5.7765e+01
          nan   5.5517e+01   5.3818e+01   5.6574e+01   5.4953e+01   5.6253e+01   5.6527e+01   5.5767e+01   5.4562e+01   5.4300e+01
          nan   5.4919e+01   5.3985e+01   5.1421e+01   4.9591e+01   5.0503e+01   5.0735e+01   5.0500e+01   5.0090e+01   5.0979e+01
          nan   4.4450e+01   4.7102e+01   4.7437e+01   4.7189e+01   4.7793e+01   4.7257e+01   4.6965e+01   4.6466e+01   4.5922e+01
          nan   4.6578e+01   4.9502e+01   4.9655e+01   4.8803e+01   4.8977e+01   4.8652e+01   4.7792e+01   4.6243e+01   4.5749e+01
          nan   4.0165e+01   4.2122e+01   4.2846e+01   4.2605e+01   4.3186e+01   4.3588e+01   4.4245e+01   4.4560e+01   4.4500e+01
          nan   4.0310e+01   4.3690e+01   4.1038e+01   4.0887e+01   4.0742e+01   4.1410e+01   4.1468e+01   4.0805e+01   4.0704e+01
          nan   3.8246e+01   3.7424e+01   3.7038e+01   3.8586e+01   3.8457e+01   3.9037e+01   3.9201e+01   3.8525e+01   3.8368e+01
            0            0            0            0            0            0            0            0            0            0
            0            0            0            0            0            0            0            0            0            0
            0            0            0            0            0            0            0            0            0            0
            0            0            0            0            0            0            0            0            0            0
            0            0            0            0            0            0            0            0            0            0
            0            0            0            0            0            0            0            0            0            0
            0            0            0            0            0            0            0            0            0            0
            0            0            0            0            0            0            0            0            0            0
            0            0            0            0            0            0            0            0            0            0
            0            0            0            0            0            0            0            0            0            0
            0            0            0            0            0            0            0            0            0            0
            0            0            0            0            0            0            0            0            0            0
            0            0            0            0            0            0            0            0            0            0
            0            0            0            0            0            0            0            0            0            0
            0            0            0            0            0            0            0            0            0            0
            0            0            0            0            0            0            0            0            0            0
            0            0            0            0            0            0            0            0            0            0
            0            0            0            0            0            0            0            0            0            0
            0            0            0            0            0            0            0            0            0            0
            0            0            0            0            0            0            0            0            0            0
            0            0            0            0            0            0            0            0            0            0
            0            0            0            0            0            0            0            0            0            0
            0            0            0            0            0            0            0            0            0            0
            0            0            0            0            0            0            0            0            0            0
            0            0            0            0            0            0            0            0            0            0
            0            0            0            0            0            0            0            0            0            0
            0            0            0            0            0            0            0            0            0            0
            0            0            0            0            0            0            0            0            0            0
            0            0            0            0            0            0            0            0            0            0
            0            0            0            0            0            0            0            0            0            0

         0         0         0         0         0         0         0         0         0         0
         0         0         0         0         0         0         0         0         0         0
         0         0         0         0         0         0         0         0         0         0
         0         0         0         0         0         0         0         0         0         0
         0         0         0         0         0         0         0         0         0         0
         0         0         0         0         0         0         0         0         0         0
         0         0         0         0         0         0         0         0         0         0
         0         0         0         0         0         0         0         0         0         0
         0         0         0         0         0         0         0         0         0         0
         0         0         0         0         0         0         0         0         0         0
         0         0         0         0         0         0         0         0         0         0
         0         0         0         0         0         0         0         0         0         0
         0         0         0         0         0         0         0         0         0         0
         0         0         0         0         0         0         0         0         0         0
         0         0         0         0         0         0         0         0         0         0
         0         0         0         0         0         0         0         0         0         0
         0         0         0         0         0         0         0         0         0         0
         0         0         0         0         0         0         0         0         0         0
         0         0         0         0         0         0         0         0         0         0
         0         0         0         0         0         0         0         0         0         0
         0         0         0         0         0         0         0         0         0         0
         0         0         0         0         0         0         0         0         0         0
         0         0         0         0         0         0         0         0         0         0
         0         0         0         0         0         0         0         0         0         0
         0         0         0         0         0         0         0         0         0         0
         0         0         0         0         0         0         0         0         0         0
         0         0         0         0         0         0         0         0         0         0
         0         0         0         0         0         0         0         0         0         0
         0         0         0         0         0         0         0         0         0         0
         0         0         0         0         0         0         0         0         0         0
         0         0         0         0         0         0         0         0         0         0
         0         0         0         0         0         0         0         0         0         0
         0         0         0         0         0         0         0         0         0         0
         0         0         0         0         0         0         0         0         0         0
         0         0         0         0         0         0         0         0         0         0
         0         0         0         0         0         0         0         0         0         0
         0         0         0         0         0         0         0         0         0         0
         0         0         0         0         0         0         0         0         0         0
         0         0         0         0         0         0         0         0         0         0
         0         0         0         0         0         0         0         0         0         0
         0         0         0         0         0         0         0         0         0         0
         0         0         0         0         0         0         0         0         0         0
         0         0         0         0         0         0         0         0         0         0
         0         0         0         0         0         0         0         0         0         0
         0         0         0         0         0         0         0         0         0         0
         0         0         0         0         0         0         0         0         0         0
         0         0         0         0         0         0         0         0         0         0
         0         0         0         0         0         0         0         0         0         0
         0         0         0         0         0         0         0         0         0         0
         0         0         0         0         0         0         0         0         0         0
         0         0         0         0         0         0         0         0         0         0
         0         0         0         0         0         0         0         0         0         0
         0         0         0         0         0         0         0         0         0         0
         0         0         0         0         0         0         0         0         0         0
         0         0         0         0         0         0         0         0         0         0
         0         0         0         0         0         0         0         0         0         0
         0         0         0         0         0         0         0         0         0         0
         0         0         0         0         0         0         0         0         0         0
         0         0         0         0         0         0         0         0         0         0
         0         0         0         0         0         0         0         0         0         0
       nan   66.6329   63.3850   62.9200   67.8084   65.8518   65.6678   65.5580   64.9019   66.3584
       nan   55.3103   60.7191   64.0539   63.7434   65.3575   63.1501   64.0906   64.4067   64.6655
       nan   62.1386   59.7914   60.7171   62.5044   62.3320   60.9294   60.5746   60.7392   61.1371
       nan   52.4462   57.1175   55.4347   55.0363   55.3746   55.0255   55.7562   57.2372   57.6993
       nan   62.7982   61.7162   63.2979   62.1342   60.7090   59.6979   59.1243   59.5828   59.0450
       nan   52.1922   51.7407   50.6115   52.5052   53.3926   54.0912   55.1115   54.3773   54.8321
       nan   53.9193   56.6785   52.9089   53.1372   53.6436   53.4422   54.1110   53.1212   53.1762
       nan   47.8047   50.0749   49.9252   48.2804   49.3696   48.9734   49.2839   49.3164   49.0715
       nan   50.7442   50.5883   50.2608   50.2517   49.9039   50.0174   49.2074   48.8531   48.6921
       nan   41.4173   40.9940   42.0275   42.6242   43.4219   43.6575   43.2494   43.4030   44.0607
       nan   39.0192   41.2919   40.8004   41.1297   40.6773   40.5155   40.6566   40.8250   41.4361
       nan   35.5369   39.4465   39.2592   40.5137   39.3174   40.2794   40.9063   40.4673   39.7920
       nan   40.3533   40.7783   38.5483   36.6300   36.1810   37.4497   36.8655   37.0919   36.4275
       nan   32.1060   32.8868   33.3565   33.2147   34.2215   35.4827   35.6789   35.9979   35.9884
       nan   34.5339   34.1061   33.7207   32.8372   33.3278   33.3608   33.5029   33.2596   32.6361
       nan   30.0244   32.0084   30.5467   30.9416   30.9534   31.0034   31.2301   30.7173   30.9689
       nan   27.6832   30.8178   29.3850   28.4631   28.9899   28.5727   29.0454   28.5486   28.3241
       nan   22.1626   25.4176   26.8857   26.7058   27.0150   25.9110   26.2936   26.4595   26.6217
       nan   22.9556   22.0843   24.6494   25.2725   24.5274   24.5974   24.5761   24.4956   24.5591
       nan   20.6749   18.8166   20.3275   20.8123   21.5560   21.6195   21.6233   21.4055   22.0846
       nan   20.4506   22.9706   22.6980   22.4855   21.8163   22.1140   21.7398   21.3608   21.5727
       nan   19.4288   19.8140   20.4836   20.0070   20.1844   20.3149   20.1842   20.3067   20.3853
       nan   19.5790   19.7805   19.0626   19.2303   19.7998   19.9782   20.4657   19.9330   19.9061
       nan   21.1752   18.8208   19.9826   19.3191   19.4831   19.4098   19.1578   18.7016   18.5009
       nan   18.6668   18.2718   17.5703   17.1731   17.4017   17.4510   17.4242   17.4125   17.6330
       nan   14.7003   16.3969   16.4437   16.2850   16.2181   16.1687   16.0768   15.9074   15.6729
       nan   16.5728   17.1030   17.2055   17.0983   17.1399   17.1144   16.9102   16.3355   16.1484
       nan   14.0880   14.9561   15.2880   14.9153   15.1546   15.0215   15.4659   15.4915   15.4511
       nan   14.4256   14.9305   14.1486   14.1542   14.1754   14.3027   14.2498   14.1401   14.0857
       nan   13.7390   13.2815   13.1510   13.4640   13.4076   13.6375   13.7544   13.4953   13.5137
         0         0         0         0         0         0         0         0         0         0
         0         0         0         0         0         0         0         0         0         0
         0         0         0         0         0         0         0         0         0         0
         0         0         0         0         0         0         0         0         0         0
         0         0         0         0         0         0         0         0         0         0
         0         0         0         0         0         0         0         0         0         0
         0         0         0         0         0         0         0         0         0         0
         0         0         0         0         0         0         0         0         0         0
         0         0         0         0         0         0         0         0         0         0
         0         0         0         0         0         0         0         0         0         0
         0         0         0         0         0         0         0         0         0         0
         0         0         0         0         0         0         0         0         0         0
         0         0         0         0         0         0         0         0         0         0
         0         0         0         0         0         0         0         0         0         0
         0         0         0         0         0         0         0         0         0         0
         0         0         0         0         0         0         0         0         0         0
         0         0         0         0         0         0         0         0         0         0
         0         0         0         0         0         0         0         0         0         0
         0         0         0         0         0         0         0         0         0         0
         0         0         0         0         0         0         0         0         0         0
         0         0         0         0         0         0         0         0         0         0
         0         0         0         0         0         0         0         0         0         0
         0         0         0         0         0         0         0         0         0         0
         0         0         0         0         0         0         0         0         0         0
         0         0         0         0         0         0         0         0         0         0
         0         0         0         0         0         0         0         0         0         0
         0         0         0         0         0         0         0         0         0         0
         0         0         0         0         0         0         0         0         0         0
         0         0         0         0         0         0         0         0         0         0
         0         0         0         0         0         0         0         0         0         0

        0        0        0        0        0        0        0        0        0        0
        0        0        0        0        0        0        0        0        0        0
        0        0        0        0        0        0        0        0        0        0
        0        0        0        0        0        0        0        0        0        0
        0        0        0        0        0        0        0        0        0        0
        0        0        0        0        0        0        0        0        0        0
        0        0        0        0        0        0        0        0        0        0
        0        0        0        0        0        0        0        0        0        0
        0        0        0        0        0        0        0        0        0        0
        0        0        0        0        0        0        0        0        0        0
        0        0        0        0        0        0        0        0        0        0
        0        0        0        0        0        0        0        0        0        0
        0        0        0        0        0        0        0        0        0        0
        0        0        0        0        0        0        0        0        0        0
        0        0        0        0        0        0        0        0        0        0
        0        0        0        0        0        0        0        0        0        0
        0        0        0        0        0        0        0        0        0        0
        0        0        0        0        0        0        0        0        0        0
        0        0        0        0        0        0        0        0        0        0
        0        0        0        0        0        0        0        0        0        0
        0        0        0        0        0        0        0        0        0        0
        0        0        0        0        0        0        0        0        0        0
        0        0        0        0        0        0        0        0        0        0
        0        0        0        0        0        0        0        0        0        0
        0        0        0        0        0        0        0        0        0        0
        0        0        0        0        0        0        0        0        0        0
        0        0        0        0        0        0        0        0        0        0
        0        0        0        0        0        0        0        0        0        0
        0        0        0        0        0        0        0        0        0        0
        0        0        0        0        0        0        0        0        0        0
        0        0        0        0        0        0        0        0        0        0
        0        0        0        0        0        0        0        0        0        0
        0        0        0        0        0        0        0        0        0        0
        0        0        0        0        0        0        0        0        0        0
        0        0        0        0        0        0        0        0        0        0
        0        0        0        0        0        0        0        0        0        0
        0        0        0        0        0        0        0        0        0        0
        0        0        0        0        0        0        0        0        0        0
        0        0        0        0        0        0        0        0        0        0
        0        0        0        0        0        0        0        0        0        0
        0        0        0        0        0        0        0        0        0        0
        0        0        0        0        0        0        0        0        0        0
        0        0        0        0        0        0        0        0        0        0
        0        0        0        0        0        0        0        0        0        0
        0        0        0        0        0        0        0        0        0        0
        0        0        0        0        0        0        0        0        0        0
        0        0        0        0        0        0        0        0        0        0
        0        0        0        0        0        0        0        0        0        0
        0        0        0        0        0        0        0        0        0        0
        0        0        0        0        0        0        0        0        0        0
        0        0        0        0        0        0        0        0        0        0
        0        0        0        0        0        0        0        0        0        0
        0        0        0        0        0        0        0        0        0        0
        0        0        0        0        0        0        0        0        0        0
        0        0        0        0        0        0        0        0        0        0
        0        0        0        0        0        0        0        0        0        0
        0        0        0        0        0        0        0        0        0        0
        0        0        0        0        0        0        0        0        0        0
        0        0        0        0        0        0        0        0        0        0
        0        0        0        0        0        0        0        0        0        0
      inf   0.4442   0.3334   0.2957   0.2780   0.2666   0.2592   0.2541   0.2498   0.2470
      inf   0.4484   0.3377   0.3001   0.2815   0.2711   0.2631   0.2580   0.2538   0.2508
      inf   0.4630   0.3468   0.3077   0.2883   0.2762   0.2687   0.2633   0.2591   0.2559
      inf   0.4628   0.3483   0.3102   0.2906   0.2789   0.2717   0.2661   0.2620   0.2587
      inf   0.4757   0.3573   0.3166   0.2964   0.2850   0.2770   0.2716   0.2673   0.2641
      inf   0.4790   0.3596   0.3200   0.3000   0.2880   0.2797   0.2742   0.2703   0.2668
      inf   0.4871   0.3635   0.3237   0.3033   0.2912   0.2834   0.2772   0.2731   0.2696
      inf   0.4924   0.3687   0.3280   0.3076   0.2951   0.2872   0.2815   0.2774   0.2739
      inf   0.4975   0.3738   0.3316   0.3108   0.2990   0.2907   0.2847   0.2803   0.2770
      inf   0.5046   0.3790   0.3371   0.3161   0.3035   0.2950   0.2890   0.2846   0.2810
      inf   0.5120   0.3839   0.3416   0.3203   0.3074   0.2989   0.2925   0.2878   0.2841
      inf   0.5161   0.3865   0.3439   0.3222   0.3094   0.3006   0.2947   0.2903   0.2869
      inf   0.5212   0.3911   0.3479   0.3264   0.3135   0.3046   0.2985   0.2938   0.2903
      inf   0.5292   0.3971   0.3529   0.3308   0.3172   0.3081   0.3017   0.2969   0.2933
      inf   0.5332   0.3993   0.3548   0.3330   0.3196   0.3107   0.3044   0.2997   0.2961
      inf   0.5369   0.4032   0.3584   0.3362   0.3228   0.3137   0.3074   0.3026   0.2990
      inf   0.5444   0.4078   0.3625   0.3400   0.3262   0.3173   0.3107   0.3060   0.3023
      inf   0.5487   0.4117   0.3653   0.3426   0.3289   0.3199   0.3133   0.3084   0.3047
      inf   0.5525   0.4153   0.3689   0.3462   0.3324   0.3231   0.3165   0.3116   0.3077
      inf   0.5587   0.4198   0.3732   0.3495   0.3354   0.3261   0.3194   0.3144   0.3105
      inf   0.5649   0.4227   0.3758   0.3523   0.3382   0.3287   0.3221   0.3172   0.3132
      inf   0.5672   0.4254   0.3781   0.3546   0.3405   0.3312   0.3244   0.3193   0.3154
      inf   0.5730   0.4294   0.3819   0.3578   0.3436   0.3340   0.3270   0.3220   0.3180
      inf   0.5774   0.4328   0.3847   0.3606   0.3461   0.3365   0.3297   0.3247   0.3206
      inf   0.5814   0.4359   0.3878   0.3637   0.3491   0.3394   0.3324   0.3272   0.3231
      inf   0.5864   0.4394   0.3906   0.3664   0.3515   0.3417   0.3347   0.3296   0.3255
      inf   0.5893   0.4418   0.3929   0.3684   0.3537   0.3439   0.3369   0.3317   0.3276
      inf   0.5939   0.4455   0.3960   0.3712   0.3563   0.3465   0.3395   0.3342   0.3301
      inf   0.5978   0.4485   0.3988   0.3742   0.3591   0.3491   0.3421   0.3368   0.3327
      inf   0.6027   0.4523   0.4019   0.3769   0.3618   0.3518   0.3446   0.3392   0.3350
        0        0        0        0        0        0        0        0        0        0
        0        0        0        0        0        0        0        0        0        0
        0        0        0        0        0        0        0        0        0        0
        0        0        0        0        0        0        0        0        0        0
        0        0        0        0        0        0        0        0        0        0
        0        0        0        0        0        0        0        0        0        0
        0        0        0        0        0        0        0        0        0        0
        0        0        0        0        0        0        0        0        0        0
        0        0        0        0        0        0        0        0        0        0
        0        0        0        0        0        0        0        0        0        0
        0        0        0        0        0        0        0        0        0        0
        0        0        0        0        0        0        0        0        0        0
        0        0        0        0        0        0        0        0        0        0
        0        0        0        0        0        0        0        0        0        0
        0        0        0        0        0        0        0        0        0        0
        0        0        0        0        0        0        0        0        0        0
        0        0        0        0        0        0        0        0        0        0
        0        0        0        0        0        0        0        0        0        0
        0        0        0        0        0        0        0        0        0        0
        0        0        0        0        0        0        0        0        0        0
        0        0        0        0        0        0        0        0        0        0
        0        0        0        0        0        0        0        0        0        0
        0        0        0        0        0        0        0        0        0        0
        0        0        0        0        0        0        0        0        0        0
        0        0        0        0        0        0        0        0        0        0
        0        0        0        0        0        0        0        0        0        0
        0        0        0        0        0        0        0        0        0        0
        0        0        0        0        0        0        0        0        0        0
        0        0        0        0        0        0        0        0        0        0
        0        0        0        0        0        0        0        0        0        0

