   2.0000
   2.0050
   2.0100
   2.0150
   2.0200
   2.0250
   2.0300
   2.0350
   2.0400
   2.0450
   2.0500
   2.0550
   2.0600
   2.0650
   2.0700
   2.0750
   2.0800
   2.0850
   2.0900
   2.0950
   2.1000
   2.1050
   2.1100
   2.1150
   2.1200
   2.1250
   2.1300
   2.1350
   2.1400
   2.1450
   2.1500
   2.1550
   2.1600
   2.1650
   2.1700
   2.1750
   2.1800
   2.1850
   2.1900
   2.1950
   2.2000
   2.2050
   2.2100
   2.2150
   2.2200
   2.2250
   2.2300
   2.2350
   2.2400
   2.2450
   2.2500
   2.2550
   2.2600
   2.2650
   2.2700
   2.2750
   2.2800
   2.2850
   2.2900
   2.2950
   2.3000
   2.3050
   2.3100
   2.3150
   2.3200
   2.3250
   2.3300
   2.3350
   2.3400
   2.3450
   2.3500
   2.3550
   2.3600
   2.3650
   2.3700
   2.3750
   2.3800
   2.3850
   2.3900
   2.3950
   2.4000
   2.4050
   2.4100
   2.4150
   2.4200
   2.4250
   2.4300
   2.4350
   2.4400
   2.4450
   2.4500
   2.4550
   2.4600
   2.4650
   2.4700
   2.4750
   2.4800
   2.4850
   2.4900
   2.4950
   2.5000
   2.5050
   2.5100
   2.5150
   2.5200
   2.5250
   2.5300
   2.5350
   2.5400
   2.5450
   2.5500
   2.5550
   2.5600
   2.5650
   2.5700
   2.5750
   2.5800
   2.5850
   2.5900
   2.5950

     -inf  -2.2000  -2.1000  -2.0664  -2.0495  -2.0393  -2.0326  -2.0277  -2.0240  -2.0211
     -inf  -2.2000  -2.1000  -2.0667  -2.0500  -2.0394  -2.0322  -2.0271  -2.0232  -2.0202
     -inf  -2.2000  -2.1000  -2.0667  -2.0500  -2.0400  -2.0331  -2.0282  -2.0245  -2.0217
     -inf  -2.2000  -2.1000  -2.0667  -2.0500  -2.0400  -2.0333  -2.0285  -2.0248  -2.0219
     -inf  -2.1991  -2.0989  -2.0655  -2.0488  -2.0388  -2.0321  -2.0274  -2.0237  -2.0206
     -inf  -2.1974  -2.0974  -2.0639  -2.0470  -2.0368  -2.0301  -2.0251  -2.0214  -2.0183
     -inf  -2.2000  -2.0995  -2.0659  -2.0491  -2.0391  -2.0323  -2.0273  -2.0236  -2.0207
     -inf  -2.2000  -2.1000  -2.0664  -2.0492  -2.0386  -2.0315  -2.0265  -2.0226  -2.0196
     -inf  -2.2000  -2.1000  -2.0665  -2.0496  -2.0394  -2.0326  -2.0278  -2.0242  -2.0213
     -inf  -2.1986  -2.0987  -2.0654  -2.0487  -2.0387  -2.0321  -2.0273  -2.0237  -2.0210
     -inf  -2.2000  -2.1000  -2.0667  -2.0500  -2.0400  -2.0333  -2.0286  -2.0250  -2.0222
     -inf  -2.2000  -2.1000  -2.0667  -2.0499  -2.0397  -2.0329  -2.0280  -2.0243  -2.0215
     -inf  -2.1989  -2.0988  -2.0655  -2.0488  -2.0388  -2.0321  -2.0273  -2.0238  -2.0210
     -inf  -2.2000  -2.1000  -2.0667  -2.0500  -2.0395  -2.0325  -2.0275  -2.0238  -2.0208
     -inf  -2.2000  -2.1000  -2.0666  -2.0496  -2.0394  -2.0327  -2.0278  -2.0242  -2.0214
     -inf  -2.1986  -2.0987  -2.0652  -2.0482  -2.0381  -2.0313  -2.0264  -2.0226  -2.0197
     -inf  -2.2000  -2.1000  -2.0667  -2.0500  -2.0400  -2.0331  -2.0281  -2.0243  -2.0213
     -inf  -2.1995  -2.0991  -2.0657  -2.0489  -2.0389  -2.0322  -2.0274  -2.0237  -2.0208
     -inf  -2.1986  -2.0987  -2.0654  -2.0485  -2.0383  -2.0315  -2.0266  -2.0230  -2.0202
     -inf  -2.2000  -2.0993  -2.0649  -2.0478  -2.0375  -2.0306  -2.0257  -2.0219  -2.0189
     -inf  -2.2000  -2.1000  -2.0667  -2.0500  -2.0400  -2.0333  -2.0286  -2.0250  -2.0222
     -inf  -2.1972  -2.0974  -2.0641  -2.0474  -2.0375  -2.0308  -2.0260  -2.0225  -2.0197
     -inf  -2.2000  -2.1000  -2.0667  -2.0500  -2.0400  -2.0333  -2.0286  -2.0250  -2.0222
     -inf  -2.1996  -2.0992  -2.0657  -2.0489  -2.0386  -2.0318  -2.0268  -2.0230  -2.0201
     -inf  -2.2000  -2.1000  -2.0665  -2.0496  -2.0392  -2.0320  -2.0269  -2.0231  -2.0201
     -inf  -2.1993  -2.0990  -2.0653  -2.0484  -2.0382  -2.0312  -2.0261  -2.0220  -2.0189
     -inf  -2.2000  -2.1000  -2.0667  -2.0500  -2.0400  -2.0331  -2.0282  -2.0245  -2.0217
     -inf  -2.1990  -2.0989  -2.0655  -2.0488  -2.0388  -2.0321  -2.0274  -2.0237  -2.0208
     -inf  -2.1999  -2.0993  -2.0658  -2.0490  -2.0390  -2.0323  -2.0275  -2.0238  -2.0208
     -inf  -2.2000  -2.1000  -2.0667  -2.0500  -2.0400  -2.0333  -2.0286  -2.0249  -2.0219
        0        0        0        0        0        0        0        0        0        0
        0        0        0        0        0        0        0        0        0        0
        0        0        0        0        0        0        0        0        0        0
        0        0        0        0        0        0        0        0        0        0
        0        0        0        0        0        0        0        0        0        0
        0        0        0        0        0        0        0        0        0        0
        0        0        0        0        0        0        0        0        0        0
        0        0        0        0        0        0        0        0        0        0
        0        0        0        0        0        0        0        0        0        0
        0        0        0        0        0        0        0        0        0        0
        0        0        0        0        0        0        0        0        0        0
        0        0        0        0        0        0        0        0        0        0
        0        0        0        0        0        0        0        0        0        0
        0        0        0        0        0        0        0        0        0        0
        0        0        0        0        0        0        0        0        0        0
        0        0        0        0        0        0        0        0        0        0
        0        0        0        0        0        0        0        0        0        0
        0        0        0        0        0        0        0        0        0        0
        0        0        0        0        0        0        0        0        0        0
        0        0        0        0        0        0        0        0        0        0
        0        0        0        0        0        0        0        0        0        0
        0        0        0        0        0        0        0        0        0        0
        0        0        0        0        0        0        0        0        0        0
        0        0        0        0        0        0        0        0        0        0
        0        0        0        0        0        0        0        0        0        0
        0        0        0        0        0        0        0        0        0        0
        0        0        0        0        0        0        0        0        0        0
        0        0        0        0        0        0        0        0        0        0
        0        0        0        0        0        0        0        0        0        0
        0        0        0        0        0        0        0        0        0        0
        0        0        0        0        0        0        0        0        0        0
        0        0        0        0        0        0        0        0        0        0
        0        0        0        0        0        0        0        0        0        0
        0        0        0        0        0        0        0        0        0        0
        0        0        0        0        0        0        0        0        0        0
        0        0        0        0        0        0        0        0        0        0
        0        0        0        0        0        0        0        0        0        0
        0        0        0        0        0        0        0        0        0        0
        0        0        0        0        0        0        0        0        0        0
        0        0        0        0        0        0        0        0        0        0
        0        0        0        0        0        0        0        0        0        0
        0        0        0        0        0        0        0        0        0        0
        0        0        0        0        0        0        0        0        0        0
        0        0        0        0        0        0        0        0        0        0
        0        0        0        0        0        0        0        0        0        0
        0        0        0        0        0        0        0        0        0        0
        0        0        0        0        0        0        0        0        0        0
        0        0        0        0        0        0        0        0        0        0
        0        0        0        0        0        0        0        0        0        0
        0        0        0        0        0        0        0        0        0        0
        0        0        0        0        0        0        0        0        0        0
        0        0        0        0        0        0        0        0        0        0
        0        0        0        0        0        0        0        0        0        0
        0        0        0        0        0        0        0        0        0        0
        0        0        0        0        0        0        0        0        0        0
        0        0        0        0        0        0        0        0        0        0
        0        0        0        0        0        0        0        0        0        0
        0        0        0        0        0        0        0        0        0        0
        0        0        0        0        0        0        0        0        0        0
        0        0        0        0        0        0        0        0        0        0
        0        0        0        0        0        0        0        0        0        0
        0        0        0        0        0        0        0        0        0        0
        0        0        0        0        0        0        0        0        0        0
        0        0        0        0        0        0        0        0        0        0
        0        0        0        0        0        0        0        0        0        0
        0        0        0        0        0        0        0        0        0        0
        0        0        0        0        0        0        0        0        0        0
        0        0        0        0        0        0        0        0        0        0
        0        0        0        0        0        0        0        0        0        0
        0        0        0        0        0        0        0        0        0        0
        0        0        0        0        0        0        0        0        0        0
        0        0        0        0        0        0        0        0        0        0
        0        0        0        0        0        0        0        0        0        0
        0        0        0        0        0        0        0        0        0        0
        0        0        0        0        0        0        0        0        0        0
        0        0        0        0        0        0        0        0        0        0
        0        0        0        0        0        0        0        0        0        0
        0        0        0        0        0        0        0        0        0        0
        0        0        0        0        0        0        0        0        0        0
        0        0        0        0        0        0        0        0        0        0
        0        0        0        0        0        0        0        0        0        0
        0        0        0        0        0        0        0        0        0        0
        0        0        0        0        0        0        0        0        0        0
        0        0        0        0        0        0        0        0        0        0
        0        0        0        0        0        0        0        0        0        0
        0        0        0        0        0        0        0        0        0        0
        0        0        0        0        0        0        0        0        0        0
        0        0        0        0        0        0        0        0        0        0
        0        0        0        0        0        0        0        0        0        0
        0        0        0        0        0        0        0        0        0        0

      inf   1.1000   1.0500   1.0333   1.0249   1.0198   1.0165   1.0141   1.0123   1.0108
      inf   1.1000   1.0500   1.0333   1.0250   1.0198   1.0164   1.0139   1.0121   1.0106
      inf   1.1000   1.0500   1.0333   1.0250   1.0200   1.0166   1.0142   1.0124   1.0110
      inf   1.1000   1.0500   1.0333   1.0250   1.0200   1.0167   1.0143   1.0124   1.0110
      inf   1.0998   1.0497   1.0331   1.0247   1.0197   1.0164   1.0140   1.0122   1.0107
      inf   1.0993   1.0494   1.0326   1.0242   1.0192   1.0159   1.0134   1.0116   1.0101
      inf   1.1000   1.0499   1.0331   1.0248   1.0198   1.0164   1.0140   1.0121   1.0107
      inf   1.1000   1.0500   1.0333   1.0248   1.0196   1.0162   1.0138   1.0119   1.0104
      inf   1.1000   1.0500   1.0333   1.0249   1.0198   1.0165   1.0141   1.0123   1.0109
      inf   1.0997   1.0497   1.0330   1.0247   1.0197   1.0163   1.0140   1.0122   1.0108
      inf   1.1000   1.0500   1.0333   1.0250   1.0200   1.0167   1.0143   1.0125   1.0111
      inf   1.1000   1.0500   1.0333   1.0250   1.0199   1.0166   1.0141   1.0123   1.0109
      inf   1.0997   1.0497   1.0330   1.0247   1.0197   1.0164   1.0140   1.0122   1.0108
      inf   1.1000   1.0500   1.0333   1.0250   1.0199   1.0165   1.0140   1.0122   1.0108
      inf   1.1000   1.0500   1.0333   1.0249   1.0199   1.0165   1.0141   1.0123   1.0109
      inf   1.0997   1.0497   1.0330   1.0246   1.0195   1.0162   1.0137   1.0119   1.0105
      inf   1.1000   1.0500   1.0333   1.0250   1.0200   1.0166   1.0142   1.0123   1.0109
      inf   1.0999   1.0498   1.0331   1.0247   1.0197   1.0164   1.0140   1.0122   1.0108
      inf   1.0997   1.0497   1.0330   1.0246   1.0196   1.0162   1.0138   1.0120   1.0106
      inf   1.1000   1.0498   1.0329   1.0244   1.0194   1.0160   1.0136   1.0117   1.0103
      inf   1.1000   1.0500   1.0333   1.0250   1.0200   1.0167   1.0143   1.0125   1.0111
      inf   1.0993   1.0493   1.0327   1.0244   1.0194   1.0160   1.0137   1.0119   1.0105
      inf   1.1000   1.0500   1.0333   1.0250   1.0200   1.0167   1.0143   1.0125   1.0111
      inf   1.0999   1.0498   1.0331   1.0247   1.0196   1.0163   1.0139   1.0120   1.0106
      inf   1.1000   1.0500   1.0333   1.0249   1.0198   1.0163   1.0139   1.0120   1.0106
      inf   1.0998   1.0497   1.0330   1.0246   1.0195   1.0161   1.0137   1.0118   1.0103
      inf   1.1000   1.0500   1.0333   1.0250   1.0200   1.0166   1.0142   1.0124   1.0110
      inf   1.0998   1.0497   1.0330   1.0247   1.0197   1.0164   1.0140   1.0122   1.0108
      inf   1.1000   1.0498   1.0331   1.0248   1.0197   1.0164   1.0140   1.0122   1.0108
      inf   1.1000   1.0500   1.0333   1.0250   1.0200   1.0167   1.0143   1.0125   1.0110
        0        0        0        0        0        0        0        0        0        0
        0        0        0        0        0        0        0        0        0        0
        0        0        0        0        0        0        0        0        0        0
        0        0        0        0        0        0        0        0        0        0
        0        0        0        0        0        0        0        0        0        0
        0        0        0        0        0        0        0        0        0        0
        0        0        0        0        0        0        0        0        0        0
        0        0        0        0        0        0        0        0        0        0
        0        0        0        0        0        0        0        0        0        0
        0        0        0        0        0        0        0        0        0        0
        0        0        0        0        0        0        0        0        0        0
        0        0        0        0        0        0        0        0        0        0
        0        0        0        0        0        0        0        0        0        0
        0        0        0        0        0        0        0        0        0        0
        0        0        0        0        0        0        0        0        0        0
        0        0        0        0        0        0        0        0        0        0
        0        0        0        0        0        0        0        0        0        0
        0        0        0        0        0        0        0        0        0        0
        0        0        0        0        0        0        0        0        0        0
        0        0        0        0        0        0        0        0        0        0
        0        0        0        0        0        0        0        0        0        0
        0        0        0        0        0        0        0        0        0        0
        0        0        0        0        0        0        0        0        0        0
        0        0        0        0        0        0        0        0        0        0
        0        0        0        0        0        0        0        0        0        0
        0        0        0        0        0        0        0        0        0        0
        0        0        0        0        0        0        0        0        0        0
        0        0        0        0        0        0        0        0        0        0
        0        0        0        0        0        0        0        0        0        0
        0        0        0        0        0        0        0        0        0        0
        0        0        0        0        0        0        0        0        0        0
        0        0        0        0        0        0        0        0        0        0
        0        0        0        0        0        0        0        0        0        0
        0        0        0        0        0        0        0        0        0        0
        0        0        0        0        0        0        0        0        0        0
        0        0        0        0        0        0        0        0        0        0
        0        0        0        0        0        0        0        0        0        0
        0        0        0        0        0        0        0        0        0        0
        0        0        0        0        0        0        0        0        0        0
        0        0        0        0        0        0        0        0        0        0
        0        0        0        0        0        0        0        0        0        0
        0        0        0        0        0        0        0        0        0        0
        0        0        0        0        0        0        0        0        0        0
        0        0        0        0        0        0        0        0        0        0
        0        0        0        0        0        0        0        0        0        0
        0        0        0        0        0        0        0        0        0        0
        0        0        0        0        0        0        0        0        0        0
        0        0        0        0        0        0        0        0        0        0
        0        0        0        0        0        0        0        0        0        0
        0        0        0        0        0        0        0        0        0        0
        0        0        0        0        0        0        0        0        0        0
        0        0        0        0        0        0        0        0        0        0
        0        0        0        0        0        0        0        0        0        0
        0        0        0        0        0        0        0        0        0        0
        0        0        0        0        0        0        0        0        0        0
        0        0        0        0        0        0        0        0        0        0
        0        0        0        0        0        0        0        0        0        0
        0        0        0        0        0        0        0        0        0        0
        0        0        0        0        0        0        0        0        0        0
        0        0        0        0        0        0        0        0        0        0
        0        0        0        0        0        0        0        0        0        0
        0        0        0        0        0        0        0        0        0        0
        0        0        0        0        0        0        0        0        0        0
        0        0        0        0        0        0        0        0        0        0
        0        0        0        0        0        0        0        0        0        0
        0        0        0        0        0        0        0        0        0        0
        0        0        0        0        0        0        0        0        0        0
        0        0        0        0        0        0        0        0        0        0
        0        0        0        0        0        0        0        0        0        0
        0        0        0        0        0        0        0        0        0        0
        0        0        0        0        0        0        0        0        0        0
        0        0        0        0        0        0        0        0        0        0
        0        0        0        0        0        0        0        0        0        0
        0        0        0        0        0        0        0        0        0        0
        0        0        0        0        0        0        0        0        0        0
        0        0        0        0        0        0        0        0        0        0
        0        0        0        0        0        0        0        0        0        0
        0        0        0        0        0        0        0        0        0        0
        0        0        0        0        0        0        0        0        0        0
        0        0        0        0        0        0        0        0        0        0
        0        0        0        0        0        0        0        0        0        0
        0        0        0        0        0        0        0        0        0        0
        0        0        0        0        0        0        0        0        0        0
        0        0        0        0        0        0        0        0        0        0
        0        0        0        0        0        0        0        0        0        0
        0        0        0        0        0        0        0        0        0        0
        0        0        0        0        0        0        0        0        0        0
        0        0        0        0        0        0        0        0        0        0
        0        0        0        0        0        0        0        0        0        0
        0        0        0        0        0        0        0        0        0        0

      inf   1.1000   1.0500   1.0333   1.0249   1.0198   1.0165   1.0141   1.0123   1.0108
      inf   1.1000   1.0500   1.0333   1.0250   1.0198   1.0164   1.0139   1.0121   1.0106
      inf   1.1000   1.0500   1.0333   1.0250   1.0200   1.0166   1.0142   1.0124   1.0110
      inf   1.1000   1.0500   1.0333   1.0250   1.0200   1.0167   1.0143   1.0124   1.0110
      inf   1.0998   1.0497   1.0331   1.0247   1.0197   1.0164   1.0140   1.0122   1.0107
      inf   1.0993   1.0494   1.0326   1.0242   1.0192   1.0159   1.0134   1.0116   1.0101
      inf   1.1000   1.0499   1.0331   1.0248   1.0198   1.0164   1.0140   1.0121   1.0107
      inf   1.1000   1.0500   1.0333   1.0248   1.0196   1.0162   1.0138   1.0119   1.0104
      inf   1.1000   1.0500   1.0333   1.0249   1.0198   1.0165   1.0141   1.0123   1.0109
      inf   1.0997   1.0497   1.0330   1.0247   1.0197   1.0163   1.0140   1.0122   1.0108
      inf   1.1000   1.0500   1.0333   1.0250   1.0200   1.0167   1.0143   1.0125   1.0111
      inf   1.1000   1.0500   1.0333   1.0250   1.0199   1.0166   1.0141   1.0123   1.0109
      inf   1.0997   1.0497   1.0330   1.0247   1.0197   1.0164   1.0140   1.0122   1.0108
      inf   1.1000   1.0500   1.0333   1.0250   1.0199   1.0165   1.0140   1.0122   1.0108
      inf   1.1000   1.0500   1.0333   1.0249   1.0199   1.0165   1.0141   1.0123   1.0109
      inf   1.0997   1.0497   1.0330   1.0246   1.0195   1.0162   1.0137   1.0119   1.0105
      inf   1.1000   1.0500   1.0333   1.0250   1.0200   1.0166   1.0142   1.0123   1.0109
      inf   1.0999   1.0498   1.0331   1.0247   1.0197   1.0164   1.0140   1.0122   1.0108
      inf   1.0997   1.0497   1.0330   1.0246   1.0196   1.0162   1.0138   1.0120   1.0106
      inf   1.1000   1.0498   1.0329   1.0244   1.0194   1.0160   1.0136   1.0117   1.0103
      inf   1.1000   1.0500   1.0333   1.0250   1.0200   1.0167   1.0143   1.0125   1.0111
      inf   1.0993   1.0493   1.0327   1.0244   1.0194   1.0160   1.0137   1.0119   1.0105
      inf   1.1000   1.0500   1.0333   1.0250   1.0200   1.0167   1.0143   1.0125   1.0111
      inf   1.0999   1.0498   1.0331   1.0247   1.0196   1.0163   1.0139   1.0120   1.0106
      inf   1.1000   1.0500   1.0333   1.0249   1.0198   1.0163   1.0139   1.0120   1.0106
      inf   1.0998   1.0497   1.0330   1.0246   1.0195   1.0161   1.0137   1.0118   1.0103
      inf   1.1000   1.0500   1.0333   1.0250   1.0200   1.0166   1.0142   1.0124   1.0110
      inf   1.0998   1.0497   1.0330   1.0247   1.0197   1.0164   1.0140   1.0122   1.0108
      inf   1.1000   1.0498   1.0331   1.0248   1.0197   1.0164   1.0140   1.0122   1.0108
      inf   1.1000   1.0500   1.0333   1.0250   1.0200   1.0167   1.0143   1.0125   1.0110
        0        0        0        0        0        0        0        0        0        0
        0        0        0        0        0        0        0        0        0        0
        0        0        0        0        0        0        0        0        0        0
        0        0        0        0        0        0        0        0        0        0
        0        0        0        0        0        0        0        0        0        0
        0        0        0        0        0        0        0        0        0        0
        0        0        0        0        0        0        0        0        0        0
        0        0        0        0        0        0        0        0        0        0
        0        0        0        0        0        0        0        0        0        0
        0        0        0        0        0        0        0        0        0        0
        0        0        0        0        0        0        0        0        0        0
        0        0        0        0        0        0        0        0        0        0
        0        0        0        0        0        0        0        0        0        0
        0        0        0        0        0        0        0        0        0        0
        0        0        0        0        0        0        0        0        0        0
        0        0        0        0        0        0        0        0        0        0
        0        0        0        0        0        0        0        0        0        0
        0        0        0        0        0        0        0        0        0        0
        0        0        0        0        0        0        0        0        0        0
        0        0        0        0        0        0        0        0        0        0
        0        0        0        0        0        0        0        0        0        0
        0        0        0        0        0        0        0        0        0        0
        0        0        0        0        0        0        0        0        0        0
        0        0        0        0        0        0        0        0        0        0
        0        0        0        0        0        0        0        0        0        0
        0        0        0        0        0        0        0        0        0        0
        0        0        0        0        0        0        0        0        0        0
        0        0        0        0        0        0        0        0        0        0
        0        0        0        0        0        0        0        0        0        0
        0        0        0        0        0        0        0        0        0        0
        0        0        0        0        0        0        0        0        0        0
        0        0        0        0        0        0        0        0        0        0
        0        0        0        0        0        0        0        0        0        0
        0        0        0        0        0        0        0        0        0        0
        0        0        0        0        0        0        0        0        0        0
        0        0        0        0        0        0        0        0        0        0
        0        0        0        0        0        0        0        0        0        0
        0        0        0        0        0        0        0        0        0        0
        0        0        0        0        0        0        0        0        0        0
        0        0        0        0        0        0        0        0        0        0
        0        0        0        0        0        0        0        0        0        0
        0        0        0        0        0        0        0        0        0        0
        0        0        0        0        0        0        0        0        0        0
        0        0        0        0        0        0        0        0        0        0
        0        0        0        0        0        0        0        0        0        0
        0        0        0        0        0        0        0        0        0        0
        0        0        0        0        0        0        0        0        0        0
        0        0        0        0        0        0        0        0        0        0
        0        0        0        0        0        0        0        0        0        0
        0        0        0        0        0        0        0        0        0        0
        0        0        0        0        0        0        0        0        0        0
        0        0        0        0        0        0        0        0        0        0
        0        0        0        0        0        0        0        0        0        0
        0        0        0        0        0        0        0        0        0        0
        0        0        0        0        0        0        0        0        0        0
        0        0        0        0        0        0        0        0        0        0
        0        0        0        0        0        0        0        0        0        0
        0        0        0        0        0        0        0        0        0        0
        0        0        0        0        0        0        0        0        0        0
        0        0        0        0        0        0        0        0        0        0
        0        0        0        0        0        0        0        0        0        0
        0        0        0        0        0        0        0        0        0        0
        0        0        0        0        0        0        0        0        0        0
        0        0        0        0        0        0        0        0        0        0
        0        0        0        0        0        0        0        0        0        0
        0        0        0        0        0        0        0        0        0        0
        0        0        0        0        0        0        0        0        0        0
        0        0        0        0        0        0        0        0        0        0
        0        0        0        0        0        0        0        0        0        0
        0        0        0        0        0        0        0        0        0        0
        0        0        0        0        0        0        0        0        0        0
        0        0        0        0        0        0        0        0        0        0
        0        0        0        0        0        0        0        0        0        0
        0        0        0        0        0        0        0        0        0        0
        0        0        0        0        0        0        0        0        0        0
        0        0        0        0        0        0        0        0        0        0
        0        0        0        0        0        0        0        0        0        0
        0        0        0        0        0        0        0        0        0        0
        0        0        0        0        0        0        0        0        0        0
        0        0        0        0        0        0        0        0        0        0
        0        0        0        0        0        0        0        0        0        0
        0        0        0        0        0        0        0        0        0        0
        0        0        0        0        0        0        0        0        0        0
        0        0        0        0        0        0        0        0        0        0
        0        0        0        0        0        0        0        0        0        0
        0        0        0        0        0        0        0        0        0        0
        0        0        0        0        0        0        0        0        0        0
        0        0        0        0        0        0        0        0        0        0
        0        0        0        0        0        0        0        0        0        0
        0        0        0        0        0        0        0        0        0        0

          nan  -7.0400e+02  -3.3600e+02  -2.2038e+02  -1.6391e+02  -1.3047e+02  -1.0836e+02  -9.2657e+01  -8.0920e+01  -7.1818e+01
          nan  -7.0049e+02  -3.3433e+02  -2.1935e+02  -1.6318e+02  -1.2983e+02  -1.0778e+02  -9.2131e+01  -8.0449e+01  -7.1396e+01
          nan  -6.9701e+02  -3.3267e+02  -2.1826e+02  -1.6237e+02  -1.2926e+02  -1.0735e+02  -9.1781e+01  -8.0158e+01  -7.1148e+01
          nan  -6.9356e+02  -3.3102e+02  -2.1717e+02  -1.6157e+02  -1.2862e+02  -1.0684e+02  -9.1354e+01  -7.9782e+01  -7.0812e+01
          nan  -6.8958e+02  -3.2905e+02  -2.1587e+02  -1.6059e+02  -1.2784e+02  -1.0618e+02  -9.0800e+01  -7.9302e+01  -7.0370e+01
          nan  -6.8509e+02  -3.2696e+02  -2.1446e+02  -1.5951e+02  -1.2696e+02  -1.0544e+02  -9.0151e+01  -7.8727e+01  -6.9859e+01
          nan  -6.8335e+02  -3.2599e+02  -2.1382e+02  -1.5905e+02  -1.2661e+02  -1.0515e+02  -8.9901e+01  -7.8512e+01  -6.9684e+01
          nan  -6.7999e+02  -3.2454e+02  -2.1287e+02  -1.5827e+02  -1.2593e+02  -1.0456e+02  -8.9383e+01  -7.8051e+01  -6.9262e+01
          nan  -6.7666e+02  -3.2295e+02  -2.1185e+02  -1.5756e+02  -1.2542e+02  -1.0416e+02  -8.9064e+01  -7.7789e+01  -6.9048e+01
          nan  -6.7252e+02  -3.2097e+02  -2.1059e+02  -1.5667e+02  -1.2472e+02  -1.0359e+02  -8.8588e+01  -7.7378e+01  -6.8686e+01
          nan  -6.7008e+02  -3.1981e+02  -2.0982e+02  -1.5610e+02  -1.2427e+02  -1.0322e+02  -8.8266e+01  -7.7097e+01  -6.8433e+01
          nan  -6.6682e+02  -3.1826e+02  -2.0880e+02  -1.5533e+02  -1.2363e+02  -1.0267e+02  -8.7787e+01  -7.6672e+01  -6.8055e+01
          nan  -6.6291e+02  -3.1635e+02  -2.0755e+02  -1.5440e+02  -1.2292e+02  -1.0210e+02  -8.7305e+01  -7.6257e+01  -6.7691e+01
          nan  -6.6038e+02  -3.1518e+02  -2.0679e+02  -1.5384e+02  -1.2241e+02  -1.0164e+02  -8.6896e+01  -7.5886e+01  -6.7352e+01
          nan  -6.5719e+02  -3.1366e+02  -2.0577e+02  -1.5304e+02  -1.2181e+02  -1.0117e+02  -8.6504e+01  -7.5553e+01  -6.7063e+01
          nan  -6.5321e+02  -3.1176e+02  -2.0450e+02  -1.5210e+02  -1.2107e+02  -1.0055e+02  -8.5968e+01  -7.5074e+01  -6.6630e+01
          nan  -6.5089e+02  -3.1065e+02  -2.0381e+02  -1.5163e+02  -1.2070e+02  -1.0024e+02  -8.5695e+01  -7.4832e+01  -6.6413e+01
          nan  -6.4747e+02  -3.0890e+02  -2.0264e+02  -1.5074e+02  -1.2000e+02  -9.9672e+01  -8.5231e+01  -7.4437e+01  -6.6066e+01
          nan  -6.4387e+02  -3.0730e+02  -2.0162e+02  -1.4996e+02  -1.1936e+02  -9.9126e+01  -8.4758e+01  -7.4027e+01  -6.5708e+01
          nan  -6.4160e+02  -3.0600e+02  -2.0056e+02  -1.4913e+02  -1.1869e+02  -9.8561e+01  -8.4271e+01  -7.3590e+01  -6.5307e+01
          nan  -6.3855e+02  -3.0476e+02  -1.9995e+02  -1.4875e+02  -1.1842e+02  -9.8362e+01  -8.4113e+01  -7.3469e+01  -6.5217e+01
          nan  -6.3393e+02  -3.0256e+02  -1.9850e+02  -1.4768e+02  -1.1757e+02  -9.7651e+01  -8.3505e+01  -7.2938e+01  -6.4745e+01
          nan  -6.3251e+02  -3.0188e+02  -1.9806e+02  -1.4735e+02  -1.1730e+02  -9.7432e+01  -8.3318e+01  -7.2775e+01  -6.4600e+01
          nan  -6.2931e+02  -3.0022e+02  -1.9694e+02  -1.4649e+02  -1.1659e+02  -9.6820e+01  -8.2782e+01  -7.2287e+01  -6.4160e+01
          nan  -6.2656e+02  -2.9904e+02  -1.9617e+02  -1.4590e+02  -1.1611e+02  -9.6390e+01  -8.2396e+01  -7.1950e+01  -6.3854e+01
          nan  -6.2319e+02  -2.9735e+02  -1.9502e+02  -1.4504e+02  -1.1545e+02  -9.5863e+01  -8.1939e+01  -7.1535e+01  -6.3474e+01
          nan  -6.2069e+02  -2.9624e+02  -1.9436e+02  -1.4459e+02  -1.1511e+02  -9.5593e+01  -8.1733e+01  -7.1382e+01  -6.3358e+01
          nan  -6.1722e+02  -2.9454e+02  -1.9323e+02  -1.4375e+02  -1.1444e+02  -9.5051e+01  -8.1280e+01  -7.0990e+01  -6.3007e+01
          nan  -6.1483e+02  -2.9328e+02  -1.9238e+02  -1.4311e+02  -1.1392e+02  -9.4620e+01  -8.0911e+01  -7.0662e+01  -6.2715e+01
          nan  -6.1204e+02  -2.9211e+02  -1.9165e+02  -1.4258e+02  -1.1351e+02  -9.4279e+01  -8.0621e+01  -7.0415e+01  -6.2490e+01
            0            0            0            0            0            0            0            0            0            0
            0            0            0            0            0            0            0            0            0            0
            0            0            0            0            0            0            0            0            0            0
            0            0            0            0            0            0            0            0            0            0
            0            0            0            0            0            0            0            0            0            0
            0            0            0            0            0            0            0            0            0            0
            0            0            0            0            0            0            0            0            0            0
            0            0            0            0            0            0            0            0            0            0
            0            0            0            0            0            0            0            0            0            0
            0            0            0            0            0            0            0            0            0            0
            0            0            0            0            0            0            0            0            0            0
            0            0            0            0            0            0            0            0            0            0
            0            0            0            0            0            0            0            0            0            0
            0            0            0            0            0            0            0            0            0            0
            0            0            0            0            0            0            0            0            0            0
            0            0            0            0            0            0            0            0            0            0
            0            0            0            0            0            0            0            0            0            0
            0            0            0            0            0            0            0            0            0            0
            0            0            0            0            0            0            0            0            0            0
            0            0            0            0            0            0            0            0            0            0
            0            0            0            0            0            0            0            0            0            0
            0            0            0            0            0            0            0            0            0            0
            0            0            0            0            0            0            0            0            0            0
            0            0            0            0            0            0            0            0            0            0
            0            0            0            0            0            0            0            0            0            0
            0            0            0            0            0            0            0            0            0            0
            0            0            0            0            0            0            0            0            0            0
            0            0            0            0            0            0            0            0            0            0
            0            0            0            0            0            0            0            0            0            0
            0            0            0            0            0            0            0            0            0            0
            0            0            0            0            0            0            0            0            0            0
            0            0            0            0            0            0            0            0            0            0
            0            0            0            0            0            0            0            0            0            0
            0            0            0            0            0            0            0            0            0            0
            0            0            0            0            0            0            0            0            0            0
            0            0            0            0            0            0            0            0            0            0
            0            0            0            0            0            0            0            0            0            0
            0            0            0            0            0            0            0            0            0            0
            0            0            0            0            0            0            0            0            0            0
            0            0            0            0            0            0            0            0            0            0
            0            0            0            0            0            0            0            0            0            0
            0            0            0            0            0            0            0            0            0            0
            0            0            0            0            0            0            0            0            0            0
            0            0            0            0            0            0            0            0            0            0
            0            0            0            0            0            0            0            0            0            0
            0            0            0            0            0            0            0            0            0            0
            0            0            0            0            0            0            0            0            0            0
            0            0            0            0            0            0            0            0            0            0
            0            0            0            0            0            0            0            0            0            0
            0            0            0            0            0            0            0            0            0            0
            0            0            0            0            0            0            0            0            0            0
            0            0            0            0            0            0            0            0            0            0
            0            0            0            0            0            0            0            0            0            0
            0            0            0            0            0            0            0            0            0            0
            0            0            0            0            0            0            0            0            0            0
            0            0            0            0            0            0            0            0            0            0
            0            0            0            0            0            0            0            0            0            0
            0            0            0            0            0            0            0            0            0            0
            0            0            0            0            0            0            0            0            0            0
            0            0            0            0            0            0            0            0            0            0
            0            0            0            0            0            0            0            0            0            0
            0            0            0            0            0            0            0            0            0            0
            0            0            0            0            0            0            0            0            0            0
            0            0            0            0            0            0            0            0            0            0
            0            0            0            0            0            0            0            0            0            0
            0            0            0            0            0            0            0            0            0            0
            0            0            0            0            0            0            0            0            0            0
            0            0            0            0            0            0            0            0            0            0
            0            0            0            0            0            0            0            0            0            0
            0            0            0            0            0            0            0            0            0            0
            0            0            0            0            0            0            0            0            0            0
            0            0            0            0            0            0            0            0            0            0
            0            0            0            0            0            0            0            0            0            0
            0            0            0            0            0            0            0            0            0            0
            0            0            0            0            0            0            0            0            0            0
            0            0            0            0            0            0            0            0            0            0
            0            0            0            0            0            0            0            0            0            0
            0            0            0            0            0            0            0            0            0            0
            0            0            0            0            0            0            0            0            0            0
            0            0            0            0            0            0            0            0            0            0
            0            0            0            0            0            0            0            0            0            0
            0            0            0            0            0            0            0            0            0            0
            0            0            0            0            0            0            0            0            0            0
            0            0            0            0            0            0            0            0            0            0
            0            0            0            0            0            0            0            0            0            0
            0            0            0            0            0            0            0            0            0            0
            0            0            0            0            0            0            0            0            0            0
            0            0            0            0            0            0            0            0            0            0
            0            0            0            0            0            0            0            0            0            0
            0            0            0            0            0            0            0            0            0            0

          nan  -3.5200e+02  -1.6800e+02  -1.1021e+02  -8.1979e+01  -6.5258e+01  -5.4202e+01  -4.6348e+01  -4.0480e+01  -3.5930e+01
          nan  -3.5112e+02  -1.6758e+02  -1.0995e+02  -8.1796e+01  -6.5098e+01  -5.4057e+01  -4.6217e+01  -4.0363e+01  -3.5825e+01
          nan  -3.5025e+02  -1.6716e+02  -1.0967e+02  -8.1592e+01  -6.4955e+01  -5.3947e+01  -4.6128e+01  -4.0289e+01  -3.5762e+01
          nan  -3.4938e+02  -1.6675e+02  -1.0940e+02  -8.1390e+01  -6.4794e+01  -5.3819e+01  -4.6021e+01  -4.0194e+01  -3.5677e+01
          nan  -3.4838e+02  -1.6625e+02  -1.0907e+02  -8.1142e+01  -6.4596e+01  -5.3654e+01  -4.5881e+01  -4.0073e+01  -3.5566e+01
          nan  -3.4724e+02  -1.6572e+02  -1.0872e+02  -8.0869e+01  -6.4374e+01  -5.3467e+01  -4.5717e+01  -3.9928e+01  -3.5437e+01
          nan  -3.4680e+02  -1.6548e+02  -1.0855e+02  -8.0754e+01  -6.4285e+01  -5.3393e+01  -4.5653e+01  -3.9873e+01  -3.5392e+01
          nan  -3.4595e+02  -1.6511e+02  -1.0831e+02  -8.0556e+01  -6.4112e+01  -5.3242e+01  -4.5522e+01  -3.9756e+01  -3.5285e+01
          nan  -3.4510e+02  -1.6471e+02  -1.0805e+02  -8.0375e+01  -6.3981e+01  -5.3140e+01  -4.5441e+01  -3.9689e+01  -3.5230e+01
          nan  -3.4404e+02  -1.6420e+02  -1.0773e+02  -8.0145e+01  -6.3804e+01  -5.2996e+01  -4.5319e+01  -3.9584e+01  -3.5138e+01
          nan  -3.4341e+02  -1.6390e+02  -1.0753e+02  -8.0000e+01  -6.3688e+01  -5.2900e+01  -4.5236e+01  -3.9512e+01  -3.5073e+01
          nan  -3.4258e+02  -1.6350e+02  -1.0727e+02  -7.9803e+01  -6.3523e+01  -5.2759e+01  -4.5114e+01  -3.9403e+01  -3.4976e+01
          nan  -3.4157e+02  -1.6301e+02  -1.0695e+02  -7.9564e+01  -6.3341e+01  -5.2611e+01  -4.4989e+01  -3.9296e+01  -3.4882e+01
          nan  -3.4092e+02  -1.6271e+02  -1.0675e+02  -7.9419e+01  -6.3210e+01  -5.2494e+01  -4.4884e+01  -3.9201e+01  -3.4795e+01
          nan  -3.4010e+02  -1.6232e+02  -1.0649e+02  -7.9212e+01  -6.3055e+01  -5.2371e+01  -4.4783e+01  -3.9115e+01  -3.4720e+01
          nan  -3.3907e+02  -1.6183e+02  -1.0616e+02  -7.8969e+01  -6.2862e+01  -5.2211e+01  -4.4644e+01  -3.8991e+01  -3.4608e+01
          nan  -3.3846e+02  -1.6154e+02  -1.0598e+02  -7.8846e+01  -6.2768e+01  -5.2130e+01  -4.4573e+01  -3.8928e+01  -3.4552e+01
          nan  -3.3757e+02  -1.6108e+02  -1.0568e+02  -7.8616e+01  -6.2585e+01  -5.1983e+01  -4.4452e+01  -3.8825e+01  -3.4461e+01
          nan  -3.3663e+02  -1.6067e+02  -1.0541e+02  -7.8411e+01  -6.2417e+01  -5.1840e+01  -4.4328e+01  -3.8718e+01  -3.4367e+01
          nan  -3.3604e+02  -1.6032e+02  -1.0513e+02  -7.8195e+01  -6.2241e+01  -5.1693e+01  -4.4201e+01  -3.8604e+01  -3.4263e+01
          nan  -3.3524e+02  -1.6000e+02  -1.0497e+02  -7.8095e+01  -6.2171e+01  -5.1640e+01  -4.4159e+01  -3.8571e+01  -3.4239e+01
          nan  -3.3402e+02  -1.5942e+02  -1.0459e+02  -7.7812e+01  -6.1946e+01  -5.1453e+01  -4.3999e+01  -3.8432e+01  -3.4115e+01
          nan  -3.3365e+02  -1.5924e+02  -1.0448e+02  -7.7725e+01  -6.1877e+01  -5.1395e+01  -4.3950e+01  -3.8389e+01  -3.4076e+01
          nan  -3.3280e+02  -1.5880e+02  -1.0418e+02  -7.7499e+01  -6.1688e+01  -5.1234e+01  -4.3809e+01  -3.8260e+01  -3.3960e+01
          nan  -3.3208e+02  -1.5849e+02  -1.0398e+02  -7.7343e+01  -6.1561e+01  -5.1120e+01  -4.3707e+01  -3.8171e+01  -3.3880e+01
          nan  -3.3118e+02  -1.5804e+02  -1.0367e+02  -7.7115e+01  -6.1386e+01  -5.0980e+01  -4.3585e+01  -3.8061e+01  -3.3779e+01
          nan  -3.3052e+02  -1.5775e+02  -1.0350e+02  -7.6995e+01  -6.1296e+01  -5.0908e+01  -4.3530e+01  -3.8020e+01  -3.3747e+01
          nan  -3.2959e+02  -1.5729e+02  -1.0319e+02  -7.6770e+01  -6.1116e+01  -5.0763e+01  -4.3409e+01  -3.7915e+01  -3.3654e+01
          nan  -3.2895e+02  -1.5696e+02  -1.0297e+02  -7.6599e+01  -6.0979e+01  -5.0648e+01  -4.3311e+01  -3.7827e+01  -3.3576e+01
          nan  -3.2821e+02  -1.5664e+02  -1.0277e+02  -7.6457e+01  -6.0867e+01  -5.0557e+01  -4.3233e+01  -3.7761e+01  -3.3515e+01
            0            0            0            0            0            0            0            0            0            0
            0            0            0            0            0            0            0            0            0            0
            0            0            0            0            0            0            0            0            0            0
            0            0            0            0            0            0            0            0            0            0
            0            0            0            0            0            0            0            0            0            0
            0            0            0            0            0            0            0            0            0            0
            0            0            0            0            0            0            0            0            0            0
            0            0            0            0            0            0            0            0            0            0
            0            0            0            0            0            0            0            0            0            0
            0            0            0            0            0            0            0            0            0            0
            0            0            0            0            0            0            0            0            0            0
            0            0            0            0            0            0            0            0            0            0
            0            0            0            0            0            0            0            0            0            0
            0            0            0            0            0            0            0            0            0            0
            0            0            0            0            0            0            0            0            0            0
            0            0            0            0            0            0            0            0            0            0
            0            0            0            0            0            0            0            0            0            0
            0            0            0            0            0            0            0            0            0            0
            0            0            0            0            0            0            0            0            0            0
            0            0            0            0            0            0            0            0            0            0
            0            0            0            0            0            0            0            0            0            0
            0            0            0            0            0            0            0            0            0            0
            0            0            0            0            0            0            0            0            0            0
            0            0            0            0            0            0            0            0            0            0
            0            0            0            0            0            0            0            0            0            0
            0            0            0            0            0            0            0            0            0            0
            0            0            0            0            0            0            0            0            0            0
            0            0            0            0            0            0            0            0            0            0
            0            0            0            0            0            0            0            0            0            0
            0            0            0            0            0            0            0            0            0            0
            0            0            0            0            0            0            0            0            0            0
            0            0            0            0            0            0            0            0            0            0
            0            0            0            0            0            0            0            0            0            0
            0            0            0            0            0            0            0            0            0            0
            0            0            0            0            0            0            0            0            0            0
            0            0            0            0            0            0            0            0            0            0
            0            0            0            0            0            0            0            0            0            0
            0            0            0            0            0            0            0            0            0            0
            0            0            0            0            0            0            0            0            0            0
            0            0            0            0            0            0            0            0            0            0
            0            0            0            0            0            0            0            0            0            0
            0            0            0            0            0            0            0            0            0            0
            0            0            0            0            0            0            0            0            0            0
            0            0            0            0            0            0            0            0            0            0
            0            0            0            0            0            0            0            0            0            0
            0            0            0            0            0            0            0            0            0            0
            0            0            0            0            0            0            0            0            0            0
            0            0            0            0            0            0            0            0            0            0
            0            0            0            0            0            0            0            0            0            0
            0            0            0            0            0            0            0            0            0            0
            0            0            0            0            0            0            0            0            0            0
            0            0            0            0            0            0            0            0            0            0
            0            0            0            0            0            0            0            0            0            0
            0            0            0            0            0            0            0            0            0            0
            0            0            0            0            0            0            0            0            0            0
            0            0            0            0            0            0            0            0            0            0
            0            0            0            0            0            0            0            0            0            0
            0            0            0            0            0            0            0            0            0            0
            0            0            0            0            0            0            0            0            0            0
            0            0            0            0            0            0            0            0            0            0
            0            0            0            0            0            0            0            0            0            0
            0            0            0            0            0            0            0            0            0            0
            0            0            0            0            0            0            0            0            0            0
            0            0            0            0            0            0            0            0            0            0
            0            0            0            0            0            0            0            0            0            0
            0            0            0            0            0            0            0            0            0            0
            0            0            0            0            0            0            0            0            0            0
            0            0            0            0            0            0            0            0            0            0
            0            0            0            0            0            0            0            0            0            0
            0            0            0            0            0            0            0            0            0            0
            0            0            0            0            0            0            0            0            0            0
            0            0            0            0            0            0            0            0            0            0
            0            0            0            0            0            0            0            0            0            0
            0            0            0            0            0            0            0            0            0            0
            0            0            0            0            0            0            0            0            0            0
            0            0            0            0            0            0            0            0            0            0
            0            0            0            0            0            0            0            0            0            0
            0            0            0            0            0            0            0            0            0            0
            0            0            0            0            0            0            0            0            0            0
            0            0            0            0            0            0            0            0            0            0
            0            0            0            0            0            0            0            0            0            0
            0            0            0            0            0            0            0            0            0            0
            0            0            0            0            0            0            0            0            0            0
            0            0            0            0            0            0            0            0            0            0
            0            0            0            0            0            0            0            0            0            0
            0            0            0            0            0            0            0            0            0            0
            0            0            0            0            0            0            0            0            0            0
            0            0            0            0            0            0            0            0            0            0
            0            0            0            0            0            0            0            0            0            0
            0            0            0            0            0            0            0            0            0            0

          nan  -3.5200e+02  -1.6800e+02  -1.1021e+02  -8.1979e+01  -6.5258e+01  -5.4202e+01  -4.6348e+01  -4.0480e+01  -3.5930e+01
          nan  -3.5112e+02  -1.6758e+02  -1.0995e+02  -8.1796e+01  -6.5098e+01  -5.4057e+01  -4.6217e+01  -4.0363e+01  -3.5825e+01
          nan  -3.5025e+02  -1.6716e+02  -1.0967e+02  -8.1592e+01  -6.4955e+01  -5.3947e+01  -4.6128e+01  -4.0289e+01  -3.5762e+01
          nan  -3.4938e+02  -1.6675e+02  -1.0940e+02  -8.1390e+01  -6.4794e+01  -5.3819e+01  -4.6021e+01  -4.0194e+01  -3.5677e+01
          nan  -3.4838e+02  -1.6625e+02  -1.0907e+02  -8.1142e+01  -6.4596e+01  -5.3654e+01  -4.5881e+01  -4.0073e+01  -3.5566e+01
          nan  -3.4724e+02  -1.6572e+02  -1.0872e+02  -8.0869e+01  -6.4374e+01  -5.3467e+01  -4.5717e+01  -3.9928e+01  -3.5437e+01
          nan  -3.4680e+02  -1.6548e+02  -1.0855e+02  -8.0754e+01  -6.4285e+01  -5.3393e+01  -4.5653e+01  -3.9873e+01  -3.5392e+01
          nan  -3.4595e+02  -1.6511e+02  -1.0831e+02  -8.0556e+01  -6.4112e+01  -5.3242e+01  -4.5522e+01  -3.9756e+01  -3.5285e+01
          nan  -3.4510e+02  -1.6471e+02  -1.0805e+02  -8.0375e+01  -6.3981e+01  -5.3140e+01  -4.5441e+01  -3.9689e+01  -3.5230e+01
          nan  -3.4404e+02  -1.6420e+02  -1.0773e+02  -8.0145e+01  -6.3804e+01  -5.2996e+01  -4.5319e+01  -3.9584e+01  -3.5138e+01
          nan  -3.4341e+02  -1.6390e+02  -1.0753e+02  -8.0000e+01  -6.3688e+01  -5.2900e+01  -4.5236e+01  -3.9512e+01  -3.5073e+01
          nan  -3.4258e+02  -1.6350e+02  -1.0727e+02  -7.9803e+01  -6.3523e+01  -5.2759e+01  -4.5114e+01  -3.9403e+01  -3.4976e+01
          nan  -3.4157e+02  -1.6301e+02  -1.0695e+02  -7.9564e+01  -6.3341e+01  -5.2611e+01  -4.4989e+01  -3.9296e+01  -3.4882e+01
          nan  -3.4092e+02  -1.6271e+02  -1.0675e+02  -7.9419e+01  -6.3210e+01  -5.2494e+01  -4.4884e+01  -3.9201e+01  -3.4795e+01
          nan  -3.4010e+02  -1.6232e+02  -1.0649e+02  -7.9212e+01  -6.3055e+01  -5.2371e+01  -4.4783e+01  -3.9115e+01  -3.4720e+01
          nan  -3.3907e+02  -1.6183e+02  -1.0616e+02  -7.8969e+01  -6.2862e+01  -5.2211e+01  -4.4644e+01  -3.8991e+01  -3.4608e+01
          nan  -3.3846e+02  -1.6154e+02  -1.0598e+02  -7.8846e+01  -6.2768e+01  -5.2130e+01  -4.4573e+01  -3.8928e+01  -3.4552e+01
          nan  -3.3757e+02  -1.6108e+02  -1.0568e+02  -7.8616e+01  -6.2585e+01  -5.1983e+01  -4.4452e+01  -3.8825e+01  -3.4461e+01
          nan  -3.3663e+02  -1.6067e+02  -1.0541e+02  -7.8411e+01  -6.2417e+01  -5.1840e+01  -4.4328e+01  -3.8718e+01  -3.4367e+01
          nan  -3.3604e+02  -1.6032e+02  -1.0513e+02  -7.8195e+01  -6.2241e+01  -5.1693e+01  -4.4201e+01  -3.8604e+01  -3.4263e+01
          nan  -3.3524e+02  -1.6000e+02  -1.0497e+02  -7.8095e+01  -6.2171e+01  -5.1640e+01  -4.4159e+01  -3.8571e+01  -3.4239e+01
          nan  -3.3402e+02  -1.5942e+02  -1.0459e+02  -7.7812e+01  -6.1946e+01  -5.1453e+01  -4.3999e+01  -3.8432e+01  -3.4115e+01
          nan  -3.3365e+02  -1.5924e+02  -1.0448e+02  -7.7725e+01  -6.1877e+01  -5.1395e+01  -4.3950e+01  -3.8389e+01  -3.4076e+01
          nan  -3.3280e+02  -1.5880e+02  -1.0418e+02  -7.7499e+01  -6.1688e+01  -5.1234e+01  -4.3809e+01  -3.8260e+01  -3.3960e+01
          nan  -3.3208e+02  -1.5849e+02  -1.0398e+02  -7.7343e+01  -6.1561e+01  -5.1120e+01  -4.3707e+01  -3.8171e+01  -3.3880e+01
          nan  -3.3118e+02  -1.5804e+02  -1.0367e+02  -7.7115e+01  -6.1386e+01  -5.0980e+01  -4.3585e+01  -3.8061e+01  -3.3779e+01
          nan  -3.3052e+02  -1.5775e+02  -1.0350e+02  -7.6995e+01  -6.1296e+01  -5.0908e+01  -4.3530e+01  -3.8020e+01  -3.3747e+01
          nan  -3.2959e+02  -1.5729e+02  -1.0319e+02  -7.6770e+01  -6.1116e+01  -5.0763e+01  -4.3409e+01  -3.7915e+01  -3.3654e+01
          nan  -3.2895e+02  -1.5696e+02  -1.0297e+02  -7.6599e+01  -6.0979e+01  -5.0648e+01  -4.3311e+01  -3.7827e+01  -3.3576e+01
          nan  -3.2821e+02  -1.5664e+02  -1.0277e+02  -7.6457e+01  -6.0867e+01  -5.0557e+01  -4.3233e+01  -3.7761e+01  -3.3515e+01
            0            0            0            0            0            0            0            0            0            0
            0            0            0            0            0            0            0            0            0            0
            0            0            0            0            0            0            0            0            0            0
            0            0            0            0            0            0            0            0            0            0
            0            0            0            0            0            0            0            0            0            0
            0            0            0            0            0            0            0            0            0            0
            0            0            0            0            0            0            0            0            0            0
            0            0            0            0            0            0            0            0            0            0
            0            0            0            0            0            0            0            0            0            0
            0            0            0            0            0            0            0            0            0            0
            0            0            0            0            0            0            0            0            0            0
            0            0            0            0            0            0            0            0            0            0
            0            0            0            0            0            0            0            0            0            0
            0            0            0            0            0            0            0            0            0            0
            0            0            0            0            0            0            0            0            0            0
            0            0            0            0            0            0            0            0            0            0
            0            0            0            0            0            0            0            0            0            0
            0            0            0            0            0            0            0            0            0            0
            0            0            0            0            0            0            0            0            0            0
            0            0            0            0            0            0            0            0            0            0
            0            0            0            0            0            0            0            0            0            0
            0            0            0            0            0            0            0            0            0            0
            0            0            0            0            0            0            0            0            0            0
            0            0            0            0            0            0            0            0            0            0
            0            0            0            0            0            0            0            0            0            0
            0            0            0            0            0            0            0            0            0            0
            0            0            0            0            0            0            0            0            0            0
            0            0            0            0            0            0            0            0            0            0
            0            0            0            0            0            0            0            0            0            0
            0            0            0            0            0            0            0            0            0            0
            0            0            0            0            0            0            0            0            0            0
            0            0            0            0            0            0            0            0            0            0
            0            0            0            0            0            0            0            0            0            0
            0            0            0            0            0            0            0            0            0            0
            0            0            0            0            0            0            0            0            0            0
            0            0            0            0            0            0            0            0            0            0
            0            0            0            0            0            0            0            0            0            0
            0            0            0            0            0            0            0            0            0            0
            0            0            0            0            0            0            0            0            0            0
            0            0            0            0            0            0            0            0            0            0
            0            0            0            0            0            0            0            0            0            0
            0            0            0            0            0            0            0            0            0            0
            0            0            0            0            0            0            0            0            0            0
            0            0            0            0            0            0            0            0            0            0
            0            0            0            0            0            0            0            0            0            0
            0            0            0            0            0            0            0            0            0            0
            0            0            0            0            0            0            0            0            0            0
            0            0            0            0            0            0            0            0            0            0
            0            0            0            0            0            0            0            0            0            0
            0            0            0            0            0            0            0            0            0            0
            0            0            0            0            0            0            0            0            0            0
            0            0            0            0            0            0            0            0            0            0
            0            0            0            0            0            0            0            0            0            0
            0            0            0            0            0            0            0            0            0            0
            0            0            0            0            0            0            0            0            0            0
            0            0            0            0            0            0            0            0            0            0
            0            0            0            0            0            0            0            0            0            0
            0            0            0            0            0            0            0            0            0            0
            0            0            0            0            0            0            0            0            0            0
            0            0            0            0            0            0            0            0            0            0
            0            0            0            0            0            0            0            0            0            0
            0            0            0            0            0            0            0            0            0            0
            0            0            0            0            0            0            0            0            0            0
            0            0            0            0            0            0            0            0            0            0
            0            0            0            0            0            0            0            0            0            0
            0            0            0            0            0            0            0            0            0            0
            0            0            0            0            0            0            0            0            0            0
            0            0            0            0            0            0            0            0            0            0
            0            0            0            0            0            0            0            0            0            0
            0            0            0            0            0            0            0            0            0            0
            0            0            0            0            0            0            0            0            0            0
            0            0            0            0            0            0            0            0            0            0
            0            0            0            0            0            0            0            0            0            0
            0            0            0            0            0            0            0            0            0            0
            0            0            0            0            0            0            0            0            0            0
            0            0            0            0            0            0            0            0            0            0
            0            0            0            0            0            0            0            0            0            0
            0            0            0            0            0            0            0            0            0            0
            0            0            0            0            0            0            0            0            0            0
            0            0            0            0            0            0            0            0            0            0
            0            0            0            0            0            0            0            0            0            0
            0            0            0            0            0            0            0            0            0            0
            0            0            0            0            0            0            0            0            0            0
            0            0            0            0            0            0            0            0            0            0
            0            0            0            0            0            0            0            0            0            0
            0            0            0            0            0            0            0            0            0            0
            0            0            0            0            0            0            0            0            0            0
            0            0            0            0            0            0            0            0            0            0
            0            0            0            0            0            0            0            0            0            0
            0            0            0            0            0            0            0            0            0            0

      nan        0        0   0.0333   0.0250   0.0200   0.0167   0.0143   0.0250   0.0222
      nan        0        0        0        0   0.0600   0.0500   0.0429   0.0375   0.0333
      nan        0        0        0        0        0   0.0167   0.0143   0.0125   0.0111
      nan        0        0        0        0        0        0   0.0143   0.0125   0.0111
      nan   0.1000   0.0500   0.0333   0.0250   0.0200   0.0167   0.0143   0.0250   0.0444
      inf   0.2000   0.1000   0.1000   0.0750   0.0600   0.0500   0.0571   0.0500   0.0667
      nan        0   0.0500   0.0333   0.0250   0.0200   0.0333   0.0286   0.0250   0.0222
      nan        0        0   0.0667   0.0500   0.0600   0.0500   0.0429   0.0500   0.0444
      nan        0        0   0.0333   0.0250   0.0200   0.0167   0.0143   0.0125   0.0111
      inf   0.1000   0.0500   0.0333   0.0250   0.0200   0.0167   0.0143   0.0125   0.0111
      nan        0        0        0        0        0        0        0        0   0.0111
      nan        0        0        0   0.0250   0.0200   0.0167   0.0143   0.0125   0.0111
      nan   0.1000   0.0500   0.0333   0.0250   0.0200   0.0167   0.0143   0.0125   0.0111
      nan        0        0        0        0   0.0400   0.0333   0.0286   0.0250   0.0222
      nan        0        0   0.0333   0.0250   0.0200   0.0167   0.0143   0.0125   0.0111
      inf   0.1000   0.0500   0.0667   0.0500   0.0400   0.0333   0.0429   0.0375   0.0333
      nan        0        0        0        0   0.0200   0.0167   0.0286   0.0250   0.0222
      nan   0.1000   0.0500   0.0333   0.0250   0.0200   0.0167   0.0143   0.0250   0.0222
      inf   0.1000   0.0500   0.0333   0.0500   0.0400   0.0333   0.0286   0.0250   0.0222
      nan        0   0.1500   0.1000   0.0750   0.0600   0.0500   0.0429   0.0500   0.0556
      nan        0        0        0        0        0        0        0        0        0
      inf   0.2000   0.1000   0.0667   0.0500   0.0400   0.0333   0.0286   0.0250   0.0222
      nan        0        0        0        0        0        0        0        0        0
      nan   0.1000   0.0500   0.0333   0.0500   0.0400   0.0333   0.0429   0.0375   0.0444
      nan        0        0   0.0333   0.0250   0.0600   0.0500   0.0429   0.0375   0.0333
      nan   0.1000   0.0500   0.0667   0.0500   0.0400   0.0500   0.0714   0.0625   0.0556
      nan        0        0        0        0        0   0.0167   0.0143   0.0125   0.0111
      nan   0.1000   0.0500   0.0333   0.0250   0.0200   0.0167   0.0143   0.0250   0.0222
      nan   0.1000   0.0500   0.0333   0.0250   0.0200   0.0167   0.0143   0.0250   0.0222
      nan        0        0        0        0        0        0        0   0.0125   0.0222
        0        0        0        0        0        0        0        0        0        0
        0        0        0        0        0        0        0        0        0        0
        0        0        0        0        0        0        0        0        0        0
        0        0        0        0        0        0        0        0        0        0
        0        0        0        0        0        0        0        0        0        0
        0        0        0        0        0        0        0        0        0        0
        0        0        0        0        0        0        0        0        0        0
        0        0        0        0        0        0        0        0        0        0
        0        0        0        0        0        0        0        0        0        0
        0        0        0        0        0        0        0        0        0        0
        0        0        0        0        0        0        0        0        0        0
        0        0        0        0        0        0        0        0        0        0
        0        0        0        0        0        0        0        0        0        0
        0        0        0        0        0        0        0        0        0        0
        0        0        0        0        0        0        0        0        0        0
        0        0        0        0        0        0        0        0        0        0
        0        0        0        0        0        0        0        0        0        0
        0        0        0        0        0        0        0        0        0        0
        0        0        0        0        0        0        0        0        0        0
        0        0        0        0        0        0        0        0        0        0
        0        0        0        0        0        0        0        0        0        0
        0        0        0        0        0        0        0        0        0        0
        0        0        0        0        0        0        0        0        0        0
        0        0        0        0        0        0        0        0        0        0
        0        0        0        0        0        0        0        0        0        0
        0        0        0        0        0        0        0        0        0        0
        0        0        0        0        0        0        0        0        0        0
        0        0        0        0        0        0        0        0        0        0
        0        0        0        0        0        0        0        0        0        0
        0        0        0        0        0        0        0        0        0        0
        0        0        0        0        0        0        0        0        0        0
        0        0        0        0        0        0        0        0        0        0
        0        0        0        0        0        0        0        0        0        0
        0        0        0        0        0        0        0        0        0        0
        0        0        0        0        0        0        0        0        0        0
        0        0        0        0        0        0        0        0        0        0
        0        0        0        0        0        0        0        0        0        0
        0        0        0        0        0        0        0        0        0        0
        0        0        0        0        0        0        0        0        0        0
        0        0        0        0        0        0        0        0        0        0
        0        0        0        0        0        0        0        0        0        0
        0        0        0        0        0        0        0        0        0        0
        0        0        0        0        0        0        0        0        0        0
        0        0        0        0        0        0        0        0        0        0
        0        0        0        0        0        0        0        0        0        0
        0        0        0        0        0        0        0        0        0        0
        0        0        0        0        0        0        0        0        0        0
        0        0        0        0        0        0        0        0        0        0
        0        0        0        0        0        0        0        0        0        0
        0        0        0        0        0        0        0        0        0        0
        0        0        0        0        0        0        0        0        0        0
        0        0        0        0        0        0        0        0        0        0
        0        0        0        0        0        0        0        0        0        0
        0        0        0        0        0        0        0        0        0        0
        0        0        0        0        0        0        0        0        0        0
        0        0        0        0        0        0        0        0        0        0
        0        0        0        0        0        0        0        0        0        0
        0        0        0        0        0        0        0        0        0        0
        0        0        0        0        0        0        0        0        0        0
        0        0        0        0        0        0        0        0        0        0
        0        0        0        0        0        0        0        0        0        0
        0        0        0        0        0        0        0        0        0        0
        0        0        0        0        0        0        0        0        0        0
        0        0        0        0        0        0        0        0        0        0
        0        0        0        0        0        0        0        0        0        0
        0        0        0        0        0        0        0        0        0        0
        0        0        0        0        0        0        0        0        0        0
        0        0        0        0        0        0        0        0        0        0
        0        0        0        0        0        0        0        0        0        0
        0        0        0        0        0        0        0        0        0        0
        0        0        0        0        0        0        0        0        0        0
        0        0        0        0        0        0        0        0        0        0
        0        0        0        0        0        0        0        0        0        0
        0        0        0        0        0        0        0        0        0        0
        0        0        0        0        0        0        0        0        0        0
        0        0        0        0        0        0        0        0        0        0
        0        0        0        0        0        0        0        0        0        0
        0        0        0        0        0        0        0        0        0        0
        0        0        0        0        0        0        0        0        0        0
        0        0        0        0        0        0        0        0        0        0
        0        0        0        0        0        0        0        0        0        0
        0        0        0        0        0        0        0        0        0        0
        0        0        0        0        0        0        0        0        0        0
        0        0        0        0        0        0        0        0        0        0
        0        0        0        0        0        0        0        0        0        0
        0        0        0        0        0        0        0        0        0        0
        0        0        0        0        0        0        0        0        0        0
        0        0        0        0        0        0        0        0        0        0
        0        0        0        0        0        0        0        0        0        0
        0        0        0        0        0        0        0        0        0        0

