   2.0000
   2.0050
   2.0100
   2.0150
   2.0200
   2.0250
   2.0300
   2.0350
   2.0400
   2.0450
   2.0500
   2.0550
   2.0600
   2.0650
   2.0700
   2.0750
   2.0800
   2.0850
   2.0900
   2.0950
   2.1000
   2.1050
   2.1100
   2.1150
   2.1200
   2.1250
   2.1300
   2.1350
   2.1400
   2.1450
   2.1500
   2.1550
   2.1600
   2.1650
   2.1700
   2.1750
   2.1800
   2.1850
   2.1900
   2.1950
   2.2000
   2.2050
   2.2100
   2.2150
   2.2200
   2.2250
   2.2300
   2.2350
   2.2400
   2.2450
   2.2500
   2.2550
   2.2600
   2.2650
   2.2700
   2.2750
   2.2800
   2.2850
   2.2900
   2.2950
   2.3000
   2.3050
   2.3100
   2.3150
   2.3200
   2.3250
   2.3300
   2.3350
   2.3400
   2.3450
   2.3500
   2.3550
   2.3600
   2.3650
   2.3700
   2.3750
   2.3800
   2.3850
   2.3900
   2.3950
   2.4000
   2.4050
   2.4100
   2.4150
   2.4200
   2.4250
   2.4300
   2.4350
   2.4400
   2.4450
   2.4500
   2.4550
   2.4600
   2.4650
   2.4700
   2.4750
   2.4800
   2.4850
   2.4900
   2.4950
   2.5000
   2.5050
   2.5100
   2.5150
   2.5200
   2.5250
   2.5300
   2.5350
   2.5400
   2.5450
   2.5500
   2.5550
   2.5600
   2.5650
   2.5700
   2.5750
   2.5800
   2.5850
   2.5900
   2.5950

        0        0        0        0        0        0        0        0        0        0
        0        0        0        0        0        0        0        0        0        0
        0        0        0        0        0        0        0        0        0        0
        0        0        0        0        0        0        0        0        0        0
        0        0        0        0        0        0        0        0        0        0
        0        0        0        0        0        0        0        0        0        0
        0        0        0        0        0        0        0        0        0        0
        0        0        0        0        0        0        0        0        0        0
        0        0        0        0        0        0        0        0        0        0
        0        0        0        0        0        0        0        0        0        0
        0        0        0        0        0        0        0        0        0        0
        0        0        0        0        0        0        0        0        0        0
        0        0        0        0        0        0        0        0        0        0
        0        0        0        0        0        0        0        0        0        0
        0        0        0        0        0        0        0        0        0        0
        0        0        0        0        0        0        0        0        0        0
        0        0        0        0        0        0        0        0        0        0
        0        0        0        0        0        0        0        0        0        0
        0        0        0        0        0        0        0        0        0        0
        0        0        0        0        0        0        0        0        0        0
        0        0        0        0        0        0        0        0        0        0
        0        0        0        0        0        0        0        0        0        0
        0        0        0        0        0        0        0        0        0        0
        0        0        0        0        0        0        0        0        0        0
        0        0        0        0        0        0        0        0        0        0
        0        0        0        0        0        0        0        0        0        0
        0        0        0        0        0        0        0        0        0        0
        0        0        0        0        0        0        0        0        0        0
        0        0        0        0        0        0        0        0        0        0
        0        0        0        0        0        0        0        0        0        0
        0        0        0        0        0        0        0        0        0        0
        0        0        0        0        0        0        0        0        0        0
        0        0        0        0        0        0        0        0        0        0
        0        0        0        0        0        0        0        0        0        0
        0        0        0        0        0        0        0        0        0        0
        0        0        0        0        0        0        0        0        0        0
        0        0        0        0        0        0        0        0        0        0
        0        0        0        0        0        0        0        0        0        0
        0        0        0        0        0        0        0        0        0        0
        0        0        0        0        0        0        0        0        0        0
        0        0        0        0        0        0        0        0        0        0
        0        0        0        0        0        0        0        0        0        0
        0        0        0        0        0        0        0        0        0        0
        0        0        0        0        0        0        0        0        0        0
        0        0        0        0        0        0        0        0        0        0
        0        0        0        0        0        0        0        0        0        0
        0        0        0        0        0        0        0        0        0        0
        0        0        0        0        0        0        0        0        0        0
        0        0        0        0        0        0        0        0        0        0
        0        0        0        0        0        0        0        0        0        0
        0        0        0        0        0        0        0        0        0        0
        0        0        0        0        0        0        0        0        0        0
        0        0        0        0        0        0        0        0        0        0
        0        0        0        0        0        0        0        0        0        0
        0        0        0        0        0        0        0        0        0        0
        0        0        0        0        0        0        0        0        0        0
        0        0        0        0        0        0        0        0        0        0
        0        0        0        0        0        0        0        0        0        0
        0        0        0        0        0        0        0        0        0        0
        0        0        0        0        0        0        0        0        0        0
        0        0        0        0        0        0        0        0        0        0
        0        0        0        0        0        0        0        0        0        0
        0        0        0        0        0        0        0        0        0        0
        0        0        0        0        0        0        0        0        0        0
        0        0        0        0        0        0        0        0        0        0
        0        0        0        0        0        0        0        0        0        0
        0        0        0        0        0        0        0        0        0        0
        0        0        0        0        0        0        0        0        0        0
        0        0        0        0        0        0        0        0        0        0
        0        0        0        0        0        0        0        0        0        0
        0        0        0        0        0        0        0        0        0        0
        0        0        0        0        0        0        0        0        0        0
        0        0        0        0        0        0        0        0        0        0
        0        0        0        0        0        0        0        0        0        0
        0        0        0        0        0        0        0        0        0        0
        0        0        0        0        0        0        0        0        0        0
        0        0        0        0        0        0        0        0        0        0
        0        0        0        0        0        0        0        0        0        0
        0        0        0        0        0        0        0        0        0        0
        0        0        0        0        0        0        0        0        0        0
        0        0        0        0        0        0        0        0        0        0
        0        0        0        0        0        0        0        0        0        0
        0        0        0        0        0        0        0        0        0        0
        0        0        0        0        0        0        0        0        0        0
        0        0        0        0        0        0        0        0        0        0
        0        0        0        0        0        0        0        0        0        0
        0        0        0        0        0        0        0        0        0        0
        0        0        0        0        0        0        0        0        0        0
        0        0        0        0        0        0        0        0        0        0
        0        0        0        0        0        0        0        0        0        0
     -inf  -4.0000  -3.0000  -2.6667  -2.5000  -2.4000  -2.3333  -2.2857  -2.2497  -2.2217
     -inf  -4.0000  -3.0000  -2.6667  -2.5000  -2.4000  -2.3333  -2.2857  -2.2500  -2.2222
     -inf  -4.0000  -3.0000  -2.6667  -2.5000  -2.4000  -2.3333  -2.2857  -2.2500  -2.2222
     -inf  -4.0000  -3.0000  -2.6667  -2.5000  -2.4000  -2.3333  -2.2857  -2.2497  -2.2217
     -inf  -4.0000  -3.0000  -2.6667  -2.5000  -2.4000  -2.3333  -2.2857  -2.2500  -2.2222
     -inf  -4.0000  -3.0000  -2.6667  -2.5000  -2.4000  -2.3333  -2.2857  -2.2500  -2.2222
     -inf  -4.0000  -3.0000  -2.6667  -2.5000  -2.4000  -2.3333  -2.2857  -2.2500  -2.2222
     -inf  -4.0000  -3.0000  -2.6667  -2.5000  -2.4000  -2.3333  -2.2857  -2.2500  -2.2222
     -inf  -4.0000  -3.0000  -2.6667  -2.5000  -2.4000  -2.3333  -2.2857  -2.2500  -2.2222
     -inf  -4.0000  -3.0000  -2.6667  -2.5000  -2.4000  -2.3333  -2.2857  -2.2500  -2.2222
     -inf  -4.0000  -3.0000  -2.6659  -2.4989  -2.3987  -2.3319  -2.2841  -2.2481  -2.2200
     -inf  -4.0000  -3.0000  -2.6667  -2.5000  -2.4000  -2.3333  -2.2857  -2.2500  -2.2222
     -inf  -4.0000  -3.0000  -2.6667  -2.5000  -2.4000  -2.3333  -2.2857  -2.2500  -2.2222
     -inf  -4.0000  -3.0000  -2.6667  -2.5000  -2.4000  -2.3333  -2.2857  -2.2500  -2.2222
     -inf  -4.0000  -3.0000  -2.6667  -2.5000  -2.4000  -2.3333  -2.2857  -2.2500  -2.2220
     -inf  -3.9956  -2.9967  -2.6637  -2.4972  -2.3973  -2.3307  -2.2832  -2.2475  -2.2198
     -inf  -4.0000  -3.0000  -2.6667  -2.5000  -2.4000  -2.3333  -2.2857  -2.2500  -2.2222
     -inf  -4.0000  -3.0000  -2.6667  -2.5000  -2.4000  -2.3333  -2.2857  -2.2500  -2.2220
     -inf  -4.0000  -3.0000  -2.6667  -2.5000  -2.4000  -2.3333  -2.2857  -2.2497  -2.2217
     -inf  -4.0000  -3.0000  -2.6667  -2.5000  -2.4000  -2.3333  -2.2857  -2.2497  -2.2217
     -inf  -4.0000  -3.0000  -2.6667  -2.5000  -2.4000  -2.3333  -2.2857  -2.2500  -2.2222
     -inf  -4.0000  -3.0000  -2.6667  -2.5000  -2.4000  -2.3333  -2.2857  -2.2500  -2.2222
     -inf  -4.0000  -3.0000  -2.6667  -2.5000  -2.4000  -2.3333  -2.2857  -2.2500  -2.2222
     -inf  -4.0000  -3.0000  -2.6667  -2.5000  -2.4000  -2.3333  -2.2857  -2.2500  -2.2222
     -inf  -4.0000  -3.0000  -2.6667  -2.5000  -2.4000  -2.3330  -2.2851  -2.2489  -2.2207
     -inf  -4.0000  -3.0000  -2.6659  -2.4989  -2.3987  -2.3319  -2.2841  -2.2483  -2.2205
     -inf  -4.0000  -3.0000  -2.6667  -2.5000  -2.4000  -2.3333  -2.2857  -2.2500  -2.2222
     -inf  -4.0000  -3.0000  -2.6667  -2.5000  -2.4000  -2.3333  -2.2857  -2.2500  -2.2222
     -inf  -4.0000  -3.0000  -2.6667  -2.5000  -2.4000  -2.3333  -2.2857  -2.2500  -2.2222
     -inf  -4.0000  -3.0000  -2.6667  -2.5000  -2.4000  -2.3330  -2.2851  -2.2492  -2.2212

        0        0        0        0        0        0        0        0        0        0
        0        0        0        0        0        0        0        0        0        0
        0        0        0        0        0        0        0        0        0        0
        0        0        0        0        0        0        0        0        0        0
        0        0        0        0        0        0        0        0        0        0
        0        0        0        0        0        0        0        0        0        0
        0        0        0        0        0        0        0        0        0        0
        0        0        0        0        0        0        0        0        0        0
        0        0        0        0        0        0        0        0        0        0
        0        0        0        0        0        0        0        0        0        0
        0        0        0        0        0        0        0        0        0        0
        0        0        0        0        0        0        0        0        0        0
        0        0        0        0        0        0        0        0        0        0
        0        0        0        0        0        0        0        0        0        0
        0        0        0        0        0        0        0        0        0        0
        0        0        0        0        0        0        0        0        0        0
        0        0        0        0        0        0        0        0        0        0
        0        0        0        0        0        0        0        0        0        0
        0        0        0        0        0        0        0        0        0        0
        0        0        0        0        0        0        0        0        0        0
        0        0        0        0        0        0        0        0        0        0
        0        0        0        0        0        0        0        0        0        0
        0        0        0        0        0        0        0        0        0        0
        0        0        0        0        0        0        0        0        0        0
        0        0        0        0        0        0        0        0        0        0
        0        0        0        0        0        0        0        0        0        0
        0        0        0        0        0        0        0        0        0        0
        0        0        0        0        0        0        0        0        0        0
        0        0        0        0        0        0        0        0        0        0
        0        0        0        0        0        0        0        0        0        0
        0        0        0        0        0        0        0        0        0        0
        0        0        0        0        0        0        0        0        0        0
        0        0        0        0        0        0        0        0        0        0
        0        0        0        0        0        0        0        0        0        0
        0        0        0        0        0        0        0        0        0        0
        0        0        0        0        0        0        0        0        0        0
        0        0        0        0        0        0        0        0        0        0
        0        0        0        0        0        0        0        0        0        0
        0        0        0        0        0        0        0        0        0        0
        0        0        0        0        0        0        0        0        0        0
        0        0        0        0        0        0        0        0        0        0
        0        0        0        0        0        0        0        0        0        0
        0        0        0        0        0        0        0        0        0        0
        0        0        0        0        0        0        0        0        0        0
        0        0        0        0        0        0        0        0        0        0
        0        0        0        0        0        0        0        0        0        0
        0        0        0        0        0        0        0        0        0        0
        0        0        0        0        0        0        0        0        0        0
        0        0        0        0        0        0        0        0        0        0
        0        0        0        0        0        0        0        0        0        0
        0        0        0        0        0        0        0        0        0        0
        0        0        0        0        0        0        0        0        0        0
        0        0        0        0        0        0        0        0        0        0
        0        0        0        0        0        0        0        0        0        0
        0        0        0        0        0        0        0        0        0        0
        0        0        0        0        0        0        0        0        0        0
        0        0        0        0        0        0        0        0        0        0
        0        0        0        0        0        0        0        0        0        0
        0        0        0        0        0        0        0        0        0        0
        0        0        0        0        0        0        0        0        0        0
        0        0        0        0        0        0        0        0        0        0
        0        0        0        0        0        0        0        0        0        0
        0        0        0        0        0        0        0        0        0        0
        0        0        0        0        0        0        0        0        0        0
        0        0        0        0        0        0        0        0        0        0
        0        0        0        0        0        0        0        0        0        0
        0        0        0        0        0        0        0        0        0        0
        0        0        0        0        0        0        0        0        0        0
        0        0        0        0        0        0        0        0        0        0
        0        0        0        0        0        0        0        0        0        0
        0        0        0        0        0        0        0        0        0        0
        0        0        0        0        0        0        0        0        0        0
        0        0        0        0        0        0        0        0        0        0
        0        0        0        0        0        0        0        0        0        0
        0        0        0        0        0        0        0        0        0        0
        0        0        0        0        0        0        0        0        0        0
        0        0        0        0        0        0        0        0        0        0
        0        0        0        0        0        0        0        0        0        0
        0        0        0        0        0        0        0        0        0        0
        0        0        0        0        0        0        0        0        0        0
        0        0        0        0        0        0        0        0        0        0
        0        0        0        0        0        0        0        0        0        0
        0        0        0        0        0        0        0        0        0        0
        0        0        0        0        0        0        0        0        0        0
        0        0        0        0        0        0        0        0        0        0
        0        0        0        0        0        0        0        0        0        0
        0        0        0        0        0        0        0        0        0        0
        0        0        0        0        0        0        0        0        0        0
        0        0        0        0        0        0        0        0        0        0
        0        0        0        0        0        0        0        0        0        0
      inf   2.0000   1.5000   1.3333   1.2500   1.2000   1.1667   1.1429   1.1249   1.1110
      inf   2.0000   1.5000   1.3333   1.2500   1.2000   1.1667   1.1429   1.1250   1.1111
      inf   2.0000   1.5000   1.3333   1.2500   1.2000   1.1667   1.1429   1.1250   1.1111
      inf   2.0000   1.5000   1.3333   1.2500   1.2000   1.1667   1.1429   1.1249   1.1110
      inf   2.0000   1.5000   1.3333   1.2500   1.2000   1.1667   1.1429   1.1250   1.1111
      inf   2.0000   1.5000   1.3333   1.2500   1.2000   1.1667   1.1429   1.1250   1.1111
      inf   2.0000   1.5000   1.3333   1.2500   1.2000   1.1667   1.1429   1.1250   1.1111
      inf   2.0000   1.5000   1.3333   1.2500   1.2000   1.1667   1.1429   1.1250   1.1111
      inf   2.0000   1.5000   1.3333   1.2500   1.2000   1.1667   1.1429   1.1250   1.1111
      inf   2.0000   1.5000   1.3333   1.2500   1.2000   1.1667   1.1429   1.1250   1.1111
      inf   2.0000   1.5000   1.3331   1.2497   1.1997   1.1663   1.1425   1.1245   1.1106
      inf   2.0000   1.5000   1.3333   1.2500   1.2000   1.1667   1.1429   1.1250   1.1111
      inf   2.0000   1.5000   1.3333   1.2500   1.2000   1.1667   1.1429   1.1250   1.1111
      inf   2.0000   1.5000   1.3333   1.2500   1.2000   1.1667   1.1429   1.1250   1.1111
      inf   2.0000   1.5000   1.3333   1.2500   1.2000   1.1667   1.1429   1.1250   1.1110
      inf   1.9989   1.4992   1.3326   1.2493   1.1993   1.1660   1.1422   1.1244   1.1105
      inf   2.0000   1.5000   1.3333   1.2500   1.2000   1.1667   1.1429   1.1250   1.1111
      inf   2.0000   1.5000   1.3333   1.2500   1.2000   1.1667   1.1429   1.1250   1.1110
      inf   2.0000   1.5000   1.3333   1.2500   1.2000   1.1667   1.1429   1.1249   1.1110
      inf   2.0000   1.5000   1.3333   1.2500   1.2000   1.1667   1.1429   1.1249   1.1110
      inf   2.0000   1.5000   1.3333   1.2500   1.2000   1.1667   1.1429   1.1250   1.1111
      inf   2.0000   1.5000   1.3333   1.2500   1.2000   1.1667   1.1429   1.1250   1.1111
      inf   2.0000   1.5000   1.3333   1.2500   1.2000   1.1667   1.1429   1.1250   1.1111
      inf   2.0000   1.5000   1.3333   1.2500   1.2000   1.1667   1.1429   1.1250   1.1111
      inf   2.0000   1.5000   1.3333   1.2500   1.2000   1.1666   1.1427   1.1247   1.1107
      inf   2.0000   1.5000   1.3331   1.2497   1.1997   1.1663   1.1425   1.1246   1.1107
      inf   2.0000   1.5000   1.3333   1.2500   1.2000   1.1667   1.1429   1.1250   1.1111
      inf   2.0000   1.5000   1.3333   1.2500   1.2000   1.1667   1.1429   1.1250   1.1111
      inf   2.0000   1.5000   1.3333   1.2500   1.2000   1.1667   1.1429   1.1250   1.1111
      inf   2.0000   1.5000   1.3333   1.2500   1.2000   1.1666   1.1427   1.1248   1.1109

        0        0        0        0        0        0        0        0        0        0
        0        0        0        0        0        0        0        0        0        0
        0        0        0        0        0        0        0        0        0        0
        0        0        0        0        0        0        0        0        0        0
        0        0        0        0        0        0        0        0        0        0
        0        0        0        0        0        0        0        0        0        0
        0        0        0        0        0        0        0        0        0        0
        0        0        0        0        0        0        0        0        0        0
        0        0        0        0        0        0        0        0        0        0
        0        0        0        0        0        0        0        0        0        0
        0        0        0        0        0        0        0        0        0        0
        0        0        0        0        0        0        0        0        0        0
        0        0        0        0        0        0        0        0        0        0
        0        0        0        0        0        0        0        0        0        0
        0        0        0        0        0        0        0        0        0        0
        0        0        0        0        0        0        0        0        0        0
        0        0        0        0        0        0        0        0        0        0
        0        0        0        0        0        0        0        0        0        0
        0        0        0        0        0        0        0        0        0        0
        0        0        0        0        0        0        0        0        0        0
        0        0        0        0        0        0        0        0        0        0
        0        0        0        0        0        0        0        0        0        0
        0        0        0        0        0        0        0        0        0        0
        0        0        0        0        0        0        0        0        0        0
        0        0        0        0        0        0        0        0        0        0
        0        0        0        0        0        0        0        0        0        0
        0        0        0        0        0        0        0        0        0        0
        0        0        0        0        0        0        0        0        0        0
        0        0        0        0        0        0        0        0        0        0
        0        0        0        0        0        0        0        0        0        0
        0        0        0        0        0        0        0        0        0        0
        0        0        0        0        0        0        0        0        0        0
        0        0        0        0        0        0        0        0        0        0
        0        0        0        0        0        0        0        0        0        0
        0        0        0        0        0        0        0        0        0        0
        0        0        0        0        0        0        0        0        0        0
        0        0        0        0        0        0        0        0        0        0
        0        0        0        0        0        0        0        0        0        0
        0        0        0        0        0        0        0        0        0        0
        0        0        0        0        0        0        0        0        0        0
        0        0        0        0        0        0        0        0        0        0
        0        0        0        0        0        0        0        0        0        0
        0        0        0        0        0        0        0        0        0        0
        0        0        0        0        0        0        0        0        0        0
        0        0        0        0        0        0        0        0        0        0
        0        0        0        0        0        0        0        0        0        0
        0        0        0        0        0        0        0        0        0        0
        0        0        0        0        0        0        0        0        0        0
        0        0        0        0        0        0        0        0        0        0
        0        0        0        0        0        0        0        0        0        0
        0        0        0        0        0        0        0        0        0        0
        0        0        0        0        0        0        0        0        0        0
        0        0        0        0        0        0        0        0        0        0
        0        0        0        0        0        0        0        0        0        0
        0        0        0        0        0        0        0        0        0        0
        0        0        0        0        0        0        0        0        0        0
        0        0        0        0        0        0        0        0        0        0
        0        0        0        0        0        0        0        0        0        0
        0        0        0        0        0        0        0        0        0        0
        0        0        0        0        0        0        0        0        0        0
        0        0        0        0        0        0        0        0        0        0
        0        0        0        0        0        0        0        0        0        0
        0        0        0        0        0        0        0        0        0        0
        0        0        0        0        0        0        0        0        0        0
        0        0        0        0        0        0        0        0        0        0
        0        0        0        0        0        0        0        0        0        0
        0        0        0        0        0        0        0        0        0        0
        0        0        0        0        0        0        0        0        0        0
        0        0        0        0        0        0        0        0        0        0
        0        0        0        0        0        0        0        0        0        0
        0        0        0        0        0        0        0        0        0        0
        0        0        0        0        0        0        0        0        0        0
        0        0        0        0        0        0        0        0        0        0
        0        0        0        0        0        0        0        0        0        0
        0        0        0        0        0        0        0        0        0        0
        0        0        0        0        0        0        0        0        0        0
        0        0        0        0        0        0        0        0        0        0
        0        0        0        0        0        0        0        0        0        0
        0        0        0        0        0        0        0        0        0        0
        0        0        0        0        0        0        0        0        0        0
        0        0        0        0        0        0        0        0        0        0
        0        0        0        0        0        0        0        0        0        0
        0        0        0        0        0        0        0        0        0        0
        0        0        0        0        0        0        0        0        0        0
        0        0        0        0        0        0        0        0        0        0
        0        0        0        0        0        0        0        0        0        0
        0        0        0        0        0        0        0        0        0        0
        0        0        0        0        0        0        0        0        0        0
        0        0        0        0        0        0        0        0        0        0
        0        0        0        0        0        0        0        0        0        0
      inf   2.0000   1.5000   1.3333   1.2500   1.2000   1.1667   1.1429   1.1249   1.1110
      inf   2.0000   1.5000   1.3333   1.2500   1.2000   1.1667   1.1429   1.1250   1.1111
      inf   2.0000   1.5000   1.3333   1.2500   1.2000   1.1667   1.1429   1.1250   1.1111
      inf   2.0000   1.5000   1.3333   1.2500   1.2000   1.1667   1.1429   1.1249   1.1110
      inf   2.0000   1.5000   1.3333   1.2500   1.2000   1.1667   1.1429   1.1250   1.1111
      inf   2.0000   1.5000   1.3333   1.2500   1.2000   1.1667   1.1429   1.1250   1.1111
      inf   2.0000   1.5000   1.3333   1.2500   1.2000   1.1667   1.1429   1.1250   1.1111
      inf   2.0000   1.5000   1.3333   1.2500   1.2000   1.1667   1.1429   1.1250   1.1111
      inf   2.0000   1.5000   1.3333   1.2500   1.2000   1.1667   1.1429   1.1250   1.1111
      inf   2.0000   1.5000   1.3333   1.2500   1.2000   1.1667   1.1429   1.1250   1.1111
      inf   2.0000   1.5000   1.3331   1.2497   1.1997   1.1663   1.1425   1.1245   1.1106
      inf   2.0000   1.5000   1.3333   1.2500   1.2000   1.1667   1.1429   1.1250   1.1111
      inf   2.0000   1.5000   1.3333   1.2500   1.2000   1.1667   1.1429   1.1250   1.1111
      inf   2.0000   1.5000   1.3333   1.2500   1.2000   1.1667   1.1429   1.1250   1.1111
      inf   2.0000   1.5000   1.3333   1.2500   1.2000   1.1667   1.1429   1.1250   1.1110
      inf   1.9989   1.4992   1.3326   1.2493   1.1993   1.1660   1.1422   1.1244   1.1105
      inf   2.0000   1.5000   1.3333   1.2500   1.2000   1.1667   1.1429   1.1250   1.1111
      inf   2.0000   1.5000   1.3333   1.2500   1.2000   1.1667   1.1429   1.1250   1.1110
      inf   2.0000   1.5000   1.3333   1.2500   1.2000   1.1667   1.1429   1.1249   1.1110
      inf   2.0000   1.5000   1.3333   1.2500   1.2000   1.1667   1.1429   1.1249   1.1110
      inf   2.0000   1.5000   1.3333   1.2500   1.2000   1.1667   1.1429   1.1250   1.1111
      inf   2.0000   1.5000   1.3333   1.2500   1.2000   1.1667   1.1429   1.1250   1.1111
      inf   2.0000   1.5000   1.3333   1.2500   1.2000   1.1667   1.1429   1.1250   1.1111
      inf   2.0000   1.5000   1.3333   1.2500   1.2000   1.1667   1.1429   1.1250   1.1111
      inf   2.0000   1.5000   1.3333   1.2500   1.2000   1.1666   1.1427   1.1247   1.1107
      inf   2.0000   1.5000   1.3331   1.2497   1.1997   1.1663   1.1425   1.1246   1.1107
      inf   2.0000   1.5000   1.3333   1.2500   1.2000   1.1667   1.1429   1.1250   1.1111
      inf   2.0000   1.5000   1.3333   1.2500   1.2000   1.1667   1.1429   1.1250   1.1111
      inf   2.0000   1.5000   1.3333   1.2500   1.2000   1.1667   1.1429   1.1250   1.1111
      inf   2.0000   1.5000   1.3333   1.2500   1.2000   1.1666   1.1427   1.1248   1.1109

            0            0            0            0            0            0            0            0            0            0
            0            0            0            0            0            0            0            0            0            0
            0            0            0            0            0            0            0            0            0            0
            0            0            0            0            0            0            0            0            0            0
            0            0            0            0            0            0            0            0            0            0
            0            0            0            0            0            0            0            0            0            0
            0            0            0            0            0            0            0            0            0            0
            0            0            0            0            0            0            0            0            0            0
            0            0            0            0            0            0            0            0            0            0
            0            0            0            0            0            0            0            0            0            0
            0            0            0            0            0            0            0            0            0            0
            0            0            0            0            0            0            0            0            0            0
            0            0            0            0            0            0            0            0            0            0
            0            0            0            0            0            0            0            0            0            0
            0            0            0            0            0            0            0            0            0            0
            0            0            0            0            0            0            0            0            0            0
            0            0            0            0            0            0            0            0            0            0
            0            0            0            0            0            0            0            0            0            0
            0            0            0            0            0            0            0            0            0            0
            0            0            0            0            0            0            0            0            0            0
            0            0            0            0            0            0            0            0            0            0
            0            0            0            0            0            0            0            0            0            0
            0            0            0            0            0            0            0            0            0            0
            0            0            0            0            0            0            0            0            0            0
            0            0            0            0            0            0            0            0            0            0
            0            0            0            0            0            0            0            0            0            0
            0            0            0            0            0            0            0            0            0            0
            0            0            0            0            0            0            0            0            0            0
            0            0            0            0            0            0            0            0            0            0
            0            0            0            0            0            0            0            0            0            0
            0            0            0            0            0            0            0            0            0            0
            0            0            0            0            0            0            0            0            0            0
            0            0            0            0            0            0            0            0            0            0
            0            0            0            0            0            0            0            0            0            0
            0            0            0            0            0            0            0            0            0            0
            0            0            0            0            0            0            0            0            0            0
            0            0            0            0            0            0            0            0            0            0
            0            0            0            0            0            0            0            0            0            0
            0            0            0            0            0            0            0            0            0            0
            0            0            0            0            0            0            0            0            0            0
            0            0            0            0            0            0            0            0            0            0
            0            0            0            0            0            0            0            0            0            0
            0            0            0            0            0            0            0            0            0            0
            0            0            0            0            0            0            0            0            0            0
            0            0            0            0            0            0            0            0            0            0
            0            0            0            0            0            0            0            0            0            0
            0            0            0            0            0            0            0            0            0            0
            0            0            0            0            0            0            0            0            0            0
            0            0            0            0            0            0            0            0            0            0
            0            0            0            0            0            0            0            0            0            0
            0            0            0            0            0            0            0            0            0            0
            0            0            0            0            0            0            0            0            0            0
            0            0            0            0            0            0            0            0            0            0
            0            0            0            0            0            0            0            0            0            0
            0            0            0            0            0            0            0            0            0            0
            0            0            0            0            0            0            0            0            0            0
            0            0            0            0            0            0            0            0            0            0
            0            0            0            0            0            0            0            0            0            0
            0            0            0            0            0            0            0            0            0            0
            0            0            0            0            0            0            0            0            0            0
            0            0            0            0            0            0            0            0            0            0
            0            0            0            0            0            0            0            0            0            0
            0            0            0            0            0            0            0            0            0            0
            0            0            0            0            0            0            0            0            0            0
            0            0            0            0            0            0            0            0            0            0
            0            0            0            0            0            0            0            0            0            0
            0            0            0            0            0            0            0            0            0            0
            0            0            0            0            0            0            0            0            0            0
            0            0            0            0            0            0            0            0            0            0
            0            0            0            0            0            0            0            0            0            0
            0            0            0            0            0            0            0            0            0            0
            0            0            0            0            0            0            0            0            0            0
            0            0            0            0            0            0            0            0            0            0
            0            0            0            0            0            0            0            0            0            0
            0            0            0            0            0            0            0            0            0            0
            0            0            0            0            0            0            0            0            0            0
            0            0            0            0            0            0            0            0            0            0
            0            0            0            0            0            0            0            0            0            0
            0            0            0            0            0            0            0            0            0            0
            0            0            0            0            0            0            0            0            0            0
            0            0            0            0            0            0            0            0            0            0
            0            0            0            0            0            0            0            0            0            0
            0            0            0            0            0            0            0            0            0            0
            0            0            0            0            0            0            0            0            0            0
            0            0            0            0            0            0            0            0            0            0
            0            0            0            0            0            0            0            0            0            0
            0            0            0            0            0            0            0            0            0            0
            0            0            0            0            0            0            0            0            0            0
            0            0            0            0            0            0            0            0            0            0
            0            0            0            0            0            0            0            0            0            0
          nan  -4.7980e+03  -1.7993e+03  -1.0662e+03  -7.4969e+02  -5.7576e+02  -4.6647e+02  -3.9167e+02  -3.3728e+02  -2.9604e+02
          nan  -4.7785e+03  -1.7919e+03  -1.0619e+03  -7.4664e+02  -5.7342e+02  -4.6457e+02  -3.9008e+02  -3.3599e+02  -2.9497e+02
          nan  -4.7591e+03  -1.7847e+03  -1.0576e+03  -7.4360e+02  -5.7109e+02  -4.6269e+02  -3.8850e+02  -3.3462e+02  -2.9377e+02
          nan  -4.7398e+03  -1.7774e+03  -1.0533e+03  -7.4059e+02  -5.6877e+02  -4.6081e+02  -3.8692e+02  -3.3318e+02  -2.9245e+02
          nan  -4.7206e+03  -1.7702e+03  -1.0490e+03  -7.3760e+02  -5.6647e+02  -4.5895e+02  -3.8536e+02  -3.3192e+02  -2.9140e+02
          nan  -4.7016e+03  -1.7631e+03  -1.0448e+03  -7.3462e+02  -5.6419e+02  -4.5710e+02  -3.8380e+02  -3.3058e+02  -2.9022e+02
          nan  -4.6826e+03  -1.7560e+03  -1.0406e+03  -7.3166e+02  -5.6191e+02  -4.5525e+02  -3.8225e+02  -3.2925e+02  -2.8905e+02
          nan  -4.6638e+03  -1.7489e+03  -1.0364e+03  -7.2872e+02  -5.5966e+02  -4.5342e+02  -3.8072e+02  -3.2792e+02  -2.8789e+02
          nan  -4.6451e+03  -1.7419e+03  -1.0322e+03  -7.2579e+02  -5.5741e+02  -4.5161e+02  -3.7919e+02  -3.2661e+02  -2.8673e+02
          nan  -4.6265e+03  -1.7349e+03  -1.0281e+03  -7.2289e+02  -5.5518e+02  -4.4980e+02  -3.7767e+02  -3.2530e+02  -2.8559e+02
          nan  -4.6080e+03  -1.7280e+03  -1.0234e+03  -7.1936e+02  -5.5234e+02  -4.4743e+02  -3.7564e+02  -3.2344e+02  -2.8387e+02
          nan  -4.5896e+03  -1.7211e+03  -1.0199e+03  -7.1713e+02  -5.5075e+02  -4.4621e+02  -3.7466e+02  -3.2271e+02  -2.8331e+02
          nan  -4.5714e+03  -1.7143e+03  -1.0159e+03  -7.1427e+02  -5.4856e+02  -4.4444e+02  -3.7317e+02  -3.2142e+02  -2.8218e+02
          nan  -4.5532e+03  -1.7074e+03  -1.0118e+03  -7.1144e+02  -5.4638e+02  -4.4267e+02  -3.7169e+02  -3.2015e+02  -2.8106e+02
          nan  -4.5351e+03  -1.7007e+03  -1.0078e+03  -7.0862e+02  -5.4422e+02  -4.4092e+02  -3.7022e+02  -3.1888e+02  -2.7988e+02
          nan  -4.5072e+03  -1.6902e+03  -1.0016e+03  -7.0425e+02  -5.4086e+02  -4.3820e+02  -3.6793e+02  -3.1691e+02  -2.7822e+02
          nan  -4.4994e+03  -1.6873e+03  -9.9986e+02  -7.0303e+02  -5.3992e+02  -4.3744e+02  -3.6730e+02  -3.1636e+02  -2.7774e+02
          nan  -4.4816e+03  -1.6806e+03  -9.9592e+02  -7.0026e+02  -5.3780e+02  -4.3571e+02  -3.6585e+02  -3.1512e+02  -2.7658e+02
          nan  -4.4640e+03  -1.6740e+03  -9.9200e+02  -6.9750e+02  -5.3568e+02  -4.3400e+02  -3.6441e+02  -3.1380e+02  -2.7543e+02
          nan  -4.4465e+03  -1.6674e+03  -9.8811e+02  -6.9476e+02  -5.3358e+02  -4.3230e+02  -3.6298e+02  -3.1257e+02  -2.7435e+02
          nan  -4.4291e+03  -1.6609e+03  -9.8424e+02  -6.9204e+02  -5.3149e+02  -4.3060e+02  -3.6156e+02  -3.1142e+02  -2.7340e+02
          nan  -4.4117e+03  -1.6544e+03  -9.8039e+02  -6.8934e+02  -5.2941e+02  -4.2892e+02  -3.6014e+02  -3.1020e+02  -2.7233e+02
          nan  -4.3945e+03  -1.6479e+03  -9.7656e+02  -6.8665e+02  -5.2734e+02  -4.2725e+02  -3.5874e+02  -3.0899e+02  -2.7127e+02
          nan  -4.3774e+03  -1.6415e+03  -9.7276e+02  -6.8397e+02  -5.2529e+02  -4.2558e+02  -3.5734e+02  -3.0779e+02  -2.7021e+02
          nan  -4.3604e+03  -1.6351e+03  -9.6898e+02  -6.8131e+02  -5.2325e+02  -4.2379e+02  -3.5575e+02  -3.0629e+02  -2.6880e+02
          nan  -4.3435e+03  -1.6288e+03  -9.6468e+02  -6.7807e+02  -5.2064e+02  -4.2175e+02  -3.5408e+02  -3.0495e+02  -2.6770e+02
          nan  -4.3267e+03  -1.6225e+03  -9.6148e+02  -6.7604e+02  -5.1920e+02  -4.2065e+02  -3.5320e+02  -3.0422e+02  -2.6708e+02
          nan  -4.3099e+03  -1.6162e+03  -9.5776e+02  -6.7343e+02  -5.1719e+02  -4.1902e+02  -3.5183e+02  -3.0304e+02  -2.6605e+02
          nan  -4.2933e+03  -1.6100e+03  -9.5407e+02  -6.7083e+02  -5.1520e+02  -4.1741e+02  -3.5047e+02  -3.0187e+02  -2.6502e+02
          nan  -4.2768e+03  -1.6038e+03  -9.5040e+02  -6.6825e+02  -5.1321e+02  -4.1567e+02  -3.4893e+02  -3.0049e+02  -2.6376e+02

            0            0            0            0            0            0            0            0            0            0
            0            0            0            0            0            0            0            0            0            0
            0            0            0            0            0            0            0            0            0            0
            0            0            0            0            0            0            0            0            0            0
            0            0            0            0            0            0            0            0            0            0
            0            0            0            0            0            0            0            0            0            0
            0            0            0            0            0            0            0            0            0            0
            0            0            0            0            0            0            0            0            0            0
            0            0            0            0            0            0            0            0            0            0
            0            0            0            0            0            0            0            0            0            0
            0            0            0            0            0            0            0            0            0            0
            0            0            0            0            0            0            0            0            0            0
            0            0            0            0            0            0            0            0            0            0
            0            0            0            0            0            0            0            0            0            0
            0            0            0            0            0            0            0            0            0            0
            0            0            0            0            0            0            0            0            0            0
            0            0            0            0            0            0            0            0            0            0
            0            0            0            0            0            0            0            0            0            0
            0            0            0            0            0            0            0            0            0            0
            0            0            0            0            0            0            0            0            0            0
            0            0            0            0            0            0            0            0            0            0
            0            0            0            0            0            0            0            0            0            0
            0            0            0            0            0            0            0            0            0            0
            0            0            0            0            0            0            0            0            0            0
            0            0            0            0            0            0            0            0            0            0
            0            0            0            0            0            0            0            0            0            0
            0            0            0            0            0            0            0            0            0            0
            0            0            0            0            0            0            0            0            0            0
            0            0            0            0            0            0            0            0            0            0
            0            0            0            0            0            0            0            0            0            0
            0            0            0            0            0            0            0            0            0            0
            0            0            0            0            0            0            0            0            0            0
            0            0            0            0            0            0            0            0            0            0
            0            0            0            0            0            0            0            0            0            0
            0            0            0            0            0            0            0            0            0            0
            0            0            0            0            0            0            0            0            0            0
            0            0            0            0            0            0            0            0            0            0
            0            0            0            0            0            0            0            0            0            0
            0            0            0            0            0            0            0            0            0            0
            0            0            0            0            0            0            0            0            0            0
            0            0            0            0            0            0            0            0            0            0
            0            0            0            0            0            0            0            0            0            0
            0            0            0            0            0            0            0            0            0            0
            0            0            0            0            0            0            0            0            0            0
            0            0            0            0            0            0            0            0            0            0
            0            0            0            0            0            0            0            0            0            0
            0            0            0            0            0            0            0            0            0            0
            0            0            0            0            0            0            0            0            0            0
            0            0            0            0            0            0            0            0            0            0
            0            0            0            0            0            0            0            0            0            0
            0            0            0            0            0            0            0            0            0            0
            0            0            0            0            0            0            0            0            0            0
            0            0            0            0            0            0            0            0            0            0
            0            0            0            0            0            0            0            0            0            0
            0            0            0            0            0            0            0            0            0            0
            0            0            0            0            0            0            0            0            0            0
            0            0            0            0            0            0            0            0            0            0
            0            0            0            0            0            0            0            0            0            0
            0            0            0            0            0            0            0            0            0            0
            0            0            0            0            0            0            0            0            0            0
            0            0            0            0            0            0            0            0            0            0
            0            0            0            0            0            0            0            0            0            0
            0            0            0            0            0            0            0            0            0            0
            0            0            0            0            0            0            0            0            0            0
            0            0            0            0            0            0            0            0            0            0
            0            0            0            0            0            0            0            0            0            0
            0            0            0            0            0            0            0            0            0            0
            0            0            0            0            0            0            0            0            0            0
            0            0            0            0            0            0            0            0            0            0
            0            0            0            0            0            0            0            0            0            0
            0            0            0            0            0            0            0            0            0            0
            0            0            0            0            0            0            0            0            0            0
            0            0            0            0            0            0            0            0            0            0
            0            0            0            0            0            0            0            0            0            0
            0            0            0            0            0            0            0            0            0            0
            0            0            0            0            0            0            0            0            0            0
            0            0            0            0            0            0            0            0            0            0
            0            0            0            0            0            0            0            0            0            0
            0            0            0            0            0            0            0            0            0            0
            0            0            0            0            0            0            0            0            0            0
            0            0            0            0            0            0            0            0            0            0
            0            0            0            0            0            0            0            0            0            0
            0            0            0            0            0            0            0            0            0            0
            0            0            0            0            0            0            0            0            0            0
            0            0            0            0            0            0            0            0            0            0
            0            0            0            0            0            0            0            0            0            0
            0            0            0            0            0            0            0            0            0            0
            0            0            0            0            0            0            0            0            0            0
            0            0            0            0            0            0            0            0            0            0
            0            0            0            0            0            0            0            0            0            0
          nan  -2.9388e+03  -1.1020e+03  -6.5306e+02  -4.5918e+02  -3.5265e+02  -2.8571e+02  -2.3990e+02  -2.0661e+02  -1.8137e+02
          nan  -2.9328e+03  -1.0998e+03  -6.5173e+02  -4.5825e+02  -3.5193e+02  -2.8513e+02  -2.3941e+02  -2.0621e+02  -1.8104e+02
          nan  -2.9268e+03  -1.0976e+03  -6.5041e+02  -4.5732e+02  -3.5122e+02  -2.8455e+02  -2.3892e+02  -2.0579e+02  -1.8067e+02
          nan  -2.9209e+03  -1.0953e+03  -6.4909e+02  -4.5639e+02  -3.5051e+02  -2.8398e+02  -2.3844e+02  -2.0535e+02  -1.8026e+02
          nan  -2.9150e+03  -1.0931e+03  -6.4777e+02  -4.5547e+02  -3.4980e+02  -2.8340e+02  -2.3796e+02  -2.0496e+02  -1.7994e+02
          nan  -2.9091e+03  -1.0909e+03  -6.4646e+02  -4.5455e+02  -3.4909e+02  -2.8283e+02  -2.3748e+02  -2.0455e+02  -1.7957e+02
          nan  -2.9032e+03  -1.0887e+03  -6.4516e+02  -4.5363e+02  -3.4839e+02  -2.8226e+02  -2.3700e+02  -2.0413e+02  -1.7921e+02
          nan  -2.8974e+03  -1.0865e+03  -6.4386e+02  -4.5272e+02  -3.4769e+02  -2.8169e+02  -2.3652e+02  -2.0372e+02  -1.7885e+02
          nan  -2.8916e+03  -1.0843e+03  -6.4257e+02  -4.5181e+02  -3.4699e+02  -2.8112e+02  -2.3605e+02  -2.0331e+02  -1.7849e+02
          nan  -2.8858e+03  -1.0822e+03  -6.4128e+02  -4.5090e+02  -3.4629e+02  -2.8056e+02  -2.3557e+02  -2.0291e+02  -1.7813e+02
          nan  -2.8800e+03  -1.0800e+03  -6.3982e+02  -4.4980e+02  -3.4541e+02  -2.7982e+02  -2.3494e+02  -2.0232e+02  -1.7760e+02
          nan  -2.8743e+03  -1.0778e+03  -6.3872e+02  -4.4910e+02  -3.4491e+02  -2.7944e+02  -2.3463e+02  -2.0210e+02  -1.7742e+02
          nan  -2.8685e+03  -1.0757e+03  -6.3745e+02  -4.4821e+02  -3.4422e+02  -2.7888e+02  -2.3417e+02  -2.0169e+02  -1.7707e+02
          nan  -2.8628e+03  -1.0736e+03  -6.3618e+02  -4.4732e+02  -3.4354e+02  -2.7833e+02  -2.3370e+02  -2.0129e+02  -1.7672e+02
          nan  -2.8571e+03  -1.0714e+03  -6.3492e+02  -4.4643e+02  -3.4286e+02  -2.7778e+02  -2.3324e+02  -2.0089e+02  -1.7635e+02
          nan  -2.8483e+03  -1.0681e+03  -6.3296e+02  -4.4505e+02  -3.4180e+02  -2.7692e+02  -2.3252e+02  -2.0027e+02  -1.7582e+02
          nan  -2.8458e+03  -1.0672e+03  -6.3241e+02  -4.4466e+02  -3.4150e+02  -2.7668e+02  -2.3231e+02  -2.0010e+02  -1.7567e+02
          nan  -2.8402e+03  -1.0651e+03  -6.3116e+02  -4.4379e+02  -3.4083e+02  -2.7613e+02  -2.3186e+02  -1.9970e+02  -1.7530e+02
          nan  -2.8346e+03  -1.0630e+03  -6.2992e+02  -4.4291e+02  -3.4016e+02  -2.7559e+02  -2.3140e+02  -1.9929e+02  -1.7494e+02
          nan  -2.8291e+03  -1.0609e+03  -6.2868e+02  -4.4204e+02  -3.3949e+02  -2.7505e+02  -2.3095e+02  -1.9889e+02  -1.7460e+02
          nan  -2.8235e+03  -1.0588e+03  -6.2745e+02  -4.4118e+02  -3.3882e+02  -2.7451e+02  -2.3049e+02  -1.9853e+02  -1.7429e+02
          nan  -2.8180e+03  -1.0568e+03  -6.2622e+02  -4.4031e+02  -3.3816e+02  -2.7397e+02  -2.3004e+02  -1.9814e+02  -1.7395e+02
          nan  -2.8125e+03  -1.0547e+03  -6.2500e+02  -4.3945e+02  -3.3750e+02  -2.7344e+02  -2.2959e+02  -1.9775e+02  -1.7361e+02
          nan  -2.8070e+03  -1.0526e+03  -6.2378e+02  -4.3860e+02  -3.3684e+02  -2.7290e+02  -2.2914e+02  -1.9737e+02  -1.7327e+02
          nan  -2.8016e+03  -1.0506e+03  -6.2257e+02  -4.3774e+02  -3.3619e+02  -2.7233e+02  -2.2863e+02  -1.9689e+02  -1.7282e+02
          nan  -2.7961e+03  -1.0485e+03  -6.2119e+02  -4.3670e+02  -3.3535e+02  -2.7167e+02  -2.2810e+02  -1.9646e+02  -1.7247e+02
          nan  -2.7907e+03  -1.0465e+03  -6.2016e+02  -4.3605e+02  -3.3488e+02  -2.7132e+02  -2.2781e+02  -1.9622e+02  -1.7227e+02
          nan  -2.7853e+03  -1.0445e+03  -6.1896e+02  -4.3520e+02  -3.3424e+02  -2.7079e+02  -2.2737e+02  -1.9584e+02  -1.7193e+02
          nan  -2.7799e+03  -1.0425e+03  -6.1776e+02  -4.3436e+02  -3.3359e+02  -2.7027e+02  -2.2693e+02  -1.9546e+02  -1.7160e+02
          nan  -2.7746e+03  -1.0405e+03  -6.1657e+02  -4.3353e+02  -3.3295e+02  -2.6971e+02  -2.2643e+02  -1.9501e+02  -1.7119e+02

            0            0            0            0            0            0            0            0            0            0
            0            0            0            0            0            0            0            0            0            0
            0            0            0            0            0            0            0            0            0            0
            0            0            0            0            0            0            0            0            0            0
            0            0            0            0            0            0            0            0            0            0
            0            0            0            0            0            0            0            0            0            0
            0            0            0            0            0            0            0            0            0            0
            0            0            0            0            0            0            0            0            0            0
            0            0            0            0            0            0            0            0            0            0
            0            0            0            0            0            0            0            0            0            0
            0            0            0            0            0            0            0            0            0            0
            0            0            0            0            0            0            0            0            0            0
            0            0            0            0            0            0            0            0            0            0
            0            0            0            0            0            0            0            0            0            0
            0            0            0            0            0            0            0            0            0            0
            0            0            0            0            0            0            0            0            0            0
            0            0            0            0            0            0            0            0            0            0
            0            0            0            0            0            0            0            0            0            0
            0            0            0            0            0            0            0            0            0            0
            0            0            0            0            0            0            0            0            0            0
            0            0            0            0            0            0            0            0            0            0
            0            0            0            0            0            0            0            0            0            0
            0            0            0            0            0            0            0            0            0            0
            0            0            0            0            0            0            0            0            0            0
            0            0            0            0            0            0            0            0            0            0
            0            0            0            0            0            0            0            0            0            0
            0            0            0            0            0            0            0            0            0            0
            0            0            0            0            0            0            0            0            0            0
            0            0            0            0            0            0            0            0            0            0
            0            0            0            0            0            0            0            0            0            0
            0            0            0            0            0            0            0            0            0            0
            0            0            0            0            0            0            0            0            0            0
            0            0            0            0            0            0            0            0            0            0
            0            0            0            0            0            0            0            0            0            0
            0            0            0            0            0            0            0            0            0            0
            0            0            0            0            0            0            0            0            0            0
            0            0            0            0            0            0            0            0            0            0
            0            0            0            0            0            0            0            0            0            0
            0            0            0            0            0            0            0            0            0            0
            0            0            0            0            0            0            0            0            0            0
            0            0            0            0            0            0            0            0            0            0
            0            0            0            0            0            0            0            0            0            0
            0            0            0            0            0            0            0            0            0            0
            0            0            0            0            0            0            0            0            0            0
            0            0            0            0            0            0            0            0            0            0
            0            0            0            0            0            0            0            0            0            0
            0            0            0            0            0            0            0            0            0            0
            0            0            0            0            0            0            0            0            0            0
            0            0            0            0            0            0            0            0            0            0
            0            0            0            0            0            0            0            0            0            0
            0            0            0            0            0            0            0            0            0            0
            0            0            0            0            0            0            0            0            0            0
            0            0            0            0            0            0            0            0            0            0
            0            0            0            0            0            0            0            0            0            0
            0            0            0            0            0            0            0            0            0            0
            0            0            0            0            0            0            0            0            0            0
            0            0            0            0            0            0            0            0            0            0
            0            0            0            0            0            0            0            0            0            0
            0            0            0            0            0            0            0            0            0            0
            0            0            0            0            0            0            0            0            0            0
            0            0            0            0            0            0            0            0            0            0
            0            0            0            0            0            0            0            0            0            0
            0            0            0            0            0            0            0            0            0            0
            0            0            0            0            0            0            0            0            0            0
            0            0            0            0            0            0            0            0            0            0
            0            0            0            0            0            0            0            0            0            0
            0            0            0            0            0            0            0            0            0            0
            0            0            0            0            0            0            0            0            0            0
            0            0            0            0            0            0            0            0            0            0
            0            0            0            0            0            0            0            0            0            0
            0            0            0            0            0            0            0            0            0            0
            0            0            0            0            0            0            0            0            0            0
            0            0            0            0            0            0            0            0            0            0
            0            0            0            0            0            0            0            0            0            0
            0            0            0            0            0            0            0            0            0            0
            0            0            0            0            0            0            0            0            0            0
            0            0            0            0            0            0            0            0            0            0
            0            0            0            0            0            0            0            0            0            0
            0            0            0            0            0            0            0            0            0            0
            0            0            0            0            0            0            0            0            0            0
            0            0            0            0            0            0            0            0            0            0
            0            0            0            0            0            0            0            0            0            0
            0            0            0            0            0            0            0            0            0            0
            0            0            0            0            0            0            0            0            0            0
            0            0            0            0            0            0            0            0            0            0
            0            0            0            0            0            0            0            0            0            0
            0            0            0            0            0            0            0            0            0            0
            0            0            0            0            0            0            0            0            0            0
            0            0            0            0            0            0            0            0            0            0
            0            0            0            0            0            0            0            0            0            0
          nan  -2.9388e+03  -1.1020e+03  -6.5306e+02  -4.5918e+02  -3.5265e+02  -2.8571e+02  -2.3990e+02  -2.0661e+02  -1.8137e+02
          nan  -2.9328e+03  -1.0998e+03  -6.5173e+02  -4.5825e+02  -3.5193e+02  -2.8513e+02  -2.3941e+02  -2.0621e+02  -1.8104e+02
          nan  -2.9268e+03  -1.0976e+03  -6.5041e+02  -4.5732e+02  -3.5122e+02  -2.8455e+02  -2.3892e+02  -2.0579e+02  -1.8067e+02
          nan  -2.9209e+03  -1.0953e+03  -6.4909e+02  -4.5639e+02  -3.5051e+02  -2.8398e+02  -2.3844e+02  -2.0535e+02  -1.8026e+02
          nan  -2.9150e+03  -1.0931e+03  -6.4777e+02  -4.5547e+02  -3.4980e+02  -2.8340e+02  -2.3796e+02  -2.0496e+02  -1.7994e+02
          nan  -2.9091e+03  -1.0909e+03  -6.4646e+02  -4.5455e+02  -3.4909e+02  -2.8283e+02  -2.3748e+02  -2.0455e+02  -1.7957e+02
          nan  -2.9032e+03  -1.0887e+03  -6.4516e+02  -4.5363e+02  -3.4839e+02  -2.8226e+02  -2.3700e+02  -2.0413e+02  -1.7921e+02
          nan  -2.8974e+03  -1.0865e+03  -6.4386e+02  -4.5272e+02  -3.4769e+02  -2.8169e+02  -2.3652e+02  -2.0372e+02  -1.7885e+02
          nan  -2.8916e+03  -1.0843e+03  -6.4257e+02  -4.5181e+02  -3.4699e+02  -2.8112e+02  -2.3605e+02  -2.0331e+02  -1.7849e+02
          nan  -2.8858e+03  -1.0822e+03  -6.4128e+02  -4.5090e+02  -3.4629e+02  -2.8056e+02  -2.3557e+02  -2.0291e+02  -1.7813e+02
          nan  -2.8800e+03  -1.0800e+03  -6.3982e+02  -4.4980e+02  -3.4541e+02  -2.7982e+02  -2.3494e+02  -2.0232e+02  -1.7760e+02
          nan  -2.8743e+03  -1.0778e+03  -6.3872e+02  -4.4910e+02  -3.4491e+02  -2.7944e+02  -2.3463e+02  -2.0210e+02  -1.7742e+02
          nan  -2.8685e+03  -1.0757e+03  -6.3745e+02  -4.4821e+02  -3.4422e+02  -2.7888e+02  -2.3417e+02  -2.0169e+02  -1.7707e+02
          nan  -2.8628e+03  -1.0736e+03  -6.3618e+02  -4.4732e+02  -3.4354e+02  -2.7833e+02  -2.3370e+02  -2.0129e+02  -1.7672e+02
          nan  -2.8571e+03  -1.0714e+03  -6.3492e+02  -4.4643e+02  -3.4286e+02  -2.7778e+02  -2.3324e+02  -2.0089e+02  -1.7635e+02
          nan  -2.8483e+03  -1.0681e+03  -6.3296e+02  -4.4505e+02  -3.4180e+02  -2.7692e+02  -2.3252e+02  -2.0027e+02  -1.7582e+02
          nan  -2.8458e+03  -1.0672e+03  -6.3241e+02  -4.4466e+02  -3.4150e+02  -2.7668e+02  -2.3231e+02  -2.0010e+02  -1.7567e+02
          nan  -2.8402e+03  -1.0651e+03  -6.3116e+02  -4.4379e+02  -3.4083e+02  -2.7613e+02  -2.3186e+02  -1.9970e+02  -1.7530e+02
          nan  -2.8346e+03  -1.0630e+03  -6.2992e+02  -4.4291e+02  -3.4016e+02  -2.7559e+02  -2.3140e+02  -1.9929e+02  -1.7494e+02
          nan  -2.8291e+03  -1.0609e+03  -6.2868e+02  -4.4204e+02  -3.3949e+02  -2.7505e+02  -2.3095e+02  -1.9889e+02  -1.7460e+02
          nan  -2.8235e+03  -1.0588e+03  -6.2745e+02  -4.4118e+02  -3.3882e+02  -2.7451e+02  -2.3049e+02  -1.9853e+02  -1.7429e+02
          nan  -2.8180e+03  -1.0568e+03  -6.2622e+02  -4.4031e+02  -3.3816e+02  -2.7397e+02  -2.3004e+02  -1.9814e+02  -1.7395e+02
          nan  -2.8125e+03  -1.0547e+03  -6.2500e+02  -4.3945e+02  -3.3750e+02  -2.7344e+02  -2.2959e+02  -1.9775e+02  -1.7361e+02
          nan  -2.8070e+03  -1.0526e+03  -6.2378e+02  -4.3860e+02  -3.3684e+02  -2.7290e+02  -2.2914e+02  -1.9737e+02  -1.7327e+02
          nan  -2.8016e+03  -1.0506e+03  -6.2257e+02  -4.3774e+02  -3.3619e+02  -2.7233e+02  -2.2863e+02  -1.9689e+02  -1.7282e+02
          nan  -2.7961e+03  -1.0485e+03  -6.2119e+02  -4.3670e+02  -3.3535e+02  -2.7167e+02  -2.2810e+02  -1.9646e+02  -1.7247e+02
          nan  -2.7907e+03  -1.0465e+03  -6.2016e+02  -4.3605e+02  -3.3488e+02  -2.7132e+02  -2.2781e+02  -1.9622e+02  -1.7227e+02
          nan  -2.7853e+03  -1.0445e+03  -6.1896e+02  -4.3520e+02  -3.3424e+02  -2.7079e+02  -2.2737e+02  -1.9584e+02  -1.7193e+02
          nan  -2.7799e+03  -1.0425e+03  -6.1776e+02  -4.3436e+02  -3.3359e+02  -2.7027e+02  -2.2693e+02  -1.9546e+02  -1.7160e+02
          nan  -2.7746e+03  -1.0405e+03  -6.1657e+02  -4.3353e+02  -3.3295e+02  -2.6971e+02  -2.2643e+02  -1.9501e+02  -1.7119e+02

        0        0        0        0        0        0        0        0        0        0
        0        0        0        0        0        0        0        0        0        0
        0        0        0        0        0        0        0        0        0        0
        0        0        0        0        0        0        0        0        0        0
        0        0        0        0        0        0        0        0        0        0
        0        0        0        0        0        0        0        0        0        0
        0        0        0        0        0        0        0        0        0        0
        0        0        0        0        0        0        0        0        0        0
        0        0        0        0        0        0        0        0        0        0
        0        0        0        0        0        0        0        0        0        0
        0        0        0        0        0        0        0        0        0        0
        0        0        0        0        0        0        0        0        0        0
        0        0        0        0        0        0        0        0        0        0
        0        0        0        0        0        0        0        0        0        0
        0        0        0        0        0        0        0        0        0        0
        0        0        0        0        0        0        0        0        0        0
        0        0        0        0        0        0        0        0        0        0
        0        0        0        0        0        0        0        0        0        0
        0        0        0        0        0        0        0        0        0        0
        0        0        0        0        0        0        0        0        0        0
        0        0        0        0        0        0        0        0        0        0
        0        0        0        0        0        0        0        0        0        0
        0        0        0        0        0        0        0        0        0        0
        0        0        0        0        0        0        0        0        0        0
        0        0        0        0        0        0        0        0        0        0
        0        0        0        0        0        0        0        0        0        0
        0        0        0        0        0        0        0        0        0        0
        0        0        0        0        0        0        0        0        0        0
        0        0        0        0        0        0        0        0        0        0
        0        0        0        0        0        0        0        0        0        0
        0        0        0        0        0        0        0        0        0        0
        0        0        0        0        0        0        0        0        0        0
        0        0        0        0        0        0        0        0        0        0
        0        0        0        0        0        0        0        0        0        0
        0        0        0        0        0        0        0        0        0        0
        0        0        0        0        0        0        0        0        0        0
        0        0        0        0        0        0        0        0        0        0
        0        0        0        0        0        0        0        0        0        0
        0        0        0        0        0        0        0        0        0        0
        0        0        0        0        0        0        0        0        0        0
        0        0        0        0        0        0        0        0        0        0
        0        0        0        0        0        0        0        0        0        0
        0        0        0        0        0        0        0        0        0        0
        0        0        0        0        0        0        0        0        0        0
        0        0        0        0        0        0        0        0        0        0
        0        0        0        0        0        0        0        0        0        0
        0        0        0        0        0        0        0        0        0        0
        0        0        0        0        0        0        0        0        0        0
        0        0        0        0        0        0        0        0        0        0
        0        0        0        0        0        0        0        0        0        0
        0        0        0        0        0        0        0        0        0        0
        0        0        0        0        0        0        0        0        0        0
        0        0        0        0        0        0        0        0        0        0
        0        0        0        0        0        0        0        0        0        0
        0        0        0        0        0        0        0        0        0        0
        0        0        0        0        0        0        0        0        0        0
        0        0        0        0        0        0        0        0        0        0
        0        0        0        0        0        0        0        0        0        0
        0        0        0        0        0        0        0        0        0        0
        0        0        0        0        0        0        0        0        0        0
        0        0        0        0        0        0        0        0        0        0
        0        0        0        0        0        0        0        0        0        0
        0        0        0        0        0        0        0        0        0        0
        0        0        0        0        0        0        0        0        0        0
        0        0        0        0        0        0        0        0        0        0
        0        0        0        0        0        0        0        0        0        0
        0        0        0        0        0        0        0        0        0        0
        0        0        0        0        0        0        0        0        0        0
        0        0        0        0        0        0        0        0        0        0
        0        0        0        0        0        0        0        0        0        0
        0        0        0        0        0        0        0        0        0        0
        0        0        0        0        0        0        0        0        0        0
        0        0        0        0        0        0        0        0        0        0
        0        0        0        0        0        0        0        0        0        0
        0        0        0        0        0        0        0        0        0        0
        0        0        0        0        0        0        0        0        0        0
        0        0        0        0        0        0        0        0        0        0
        0        0        0        0        0        0        0        0        0        0
        0        0        0        0        0        0        0        0        0        0
        0        0        0        0        0        0        0        0        0        0
        0        0        0        0        0        0        0        0        0        0
        0        0        0        0        0        0        0        0        0        0
        0        0        0        0        0        0        0        0        0        0
        0        0        0        0        0        0        0        0        0        0
        0        0        0        0        0        0        0        0        0        0
        0        0        0        0        0        0        0        0        0        0
        0        0        0        0        0        0        0        0        0        0
        0        0        0        0        0        0        0        0        0        0
        0        0        0        0        0        0        0        0        0        0
        0        0        0        0        0        0        0        0        0        0
      nan        0        0        0        0        0        0        0   0.1250   0.1111
      nan        0        0        0        0        0        0        0        0        0
      nan        0        0        0        0        0        0        0        0        0
      nan        0        0        0        0        0        0        0   0.1250   0.1111
      nan        0        0        0        0        0        0        0        0        0
      nan        0        0        0        0        0        0        0        0        0
      nan        0        0        0        0        0        0        0        0        0
      nan        0        0        0        0        0        0        0        0        0
      nan        0        0        0        0        0        0        0        0        0
      nan        0        0        0        0        0        0        0        0        0
      nan        0        0   0.3333   0.2500   0.2000   0.1667   0.1429   0.2500   0.2222
      nan        0        0        0        0        0        0        0        0        0
      nan        0        0        0        0        0        0        0        0        0
      nan        0        0        0        0        0        0        0        0        0
      nan        0        0        0        0        0        0        0        0   0.1111
      inf   1.0000   0.5000   0.3333   0.2500   0.2000   0.1667   0.1429   0.1250   0.1111
      nan        0        0        0        0        0        0        0        0        0
      nan        0        0        0        0        0        0        0        0   0.1111
      nan        0        0        0        0        0        0        0   0.1250   0.1111
      nan        0        0        0        0        0        0        0   0.1250   0.1111
      nan        0        0        0        0        0        0        0        0        0
      nan        0        0        0        0        0        0        0        0        0
      nan        0        0        0        0        0        0        0        0        0
      nan        0        0        0        0        0        0        0        0        0
      nan        0        0        0        0        0   0.1667   0.1429   0.2500   0.2222
      nan        0        0   0.3333   0.2500   0.2000   0.1667   0.1429   0.1250   0.1111
      nan        0        0        0        0        0        0        0        0        0
      nan        0        0        0        0        0        0        0        0        0
      nan        0        0        0        0        0        0        0        0        0
      nan        0        0        0        0        0   0.1667   0.1429   0.1250   0.1111

