   2.0000
   2.0050
   2.0100
   2.0150
   2.0200
   2.0250
   2.0300
   2.0350
   2.0400
   2.0450
   2.0500
   2.0550
   2.0600
   2.0650
   2.0700
   2.0750
   2.0800
   2.0850
   2.0900
   2.0950
   2.1000
   2.1050
   2.1100
   2.1150
   2.1200
   2.1250
   2.1300
   2.1350
   2.1400
   2.1450
   2.1500
   2.1550
   2.1600
   2.1650
   2.1700
   2.1750
   2.1800
   2.1850
   2.1900
   2.1950
   2.2000
   2.2050
   2.2100
   2.2150
   2.2200
   2.2250
   2.2300
   2.2350
   2.2400
   2.2450
   2.2500
   2.2550
   2.2600
   2.2650
   2.2700
   2.2750
   2.2800
   2.2850
   2.2900
   2.2950
   2.3000
   2.3050
   2.3100
   2.3150
   2.3200
   2.3250
   2.3300
   2.3350
   2.3400
   2.3450
   2.3500
   2.3550
   2.3600
   2.3650
   2.3700
   2.3750
   2.3800
   2.3850
   2.3900
   2.3950
   2.4000
   2.4050
   2.4100
   2.4150
   2.4200
   2.4250
   2.4300
   2.4350
   2.4400
   2.4450
   2.4500
   2.4550
   2.4600
   2.4650
   2.4700
   2.4750
   2.4800
   2.4850
   2.4900
   2.4950
   2.5000
   2.5050
   2.5100
   2.5150
   2.5200
   2.5250
   2.5300
   2.5350
   2.5400
   2.5450
   2.5500
   2.5550
   2.5600
   2.5650
   2.5700
   2.5750
   2.5800
   2.5850
   2.5900
   2.5950

        0        0        0        0        0        0        0        0        0        0
        0        0        0        0        0        0        0        0        0        0
        0        0        0        0        0        0        0        0        0        0
        0        0        0        0        0        0        0        0        0        0
        0        0        0        0        0        0        0        0        0        0
        0        0        0        0        0        0        0        0        0        0
        0        0        0        0        0        0        0        0        0        0
        0        0        0        0        0        0        0        0        0        0
        0        0        0        0        0        0        0        0        0        0
        0        0        0        0        0        0        0        0        0        0
        0        0        0        0        0        0        0        0        0        0
        0        0        0        0        0        0        0        0        0        0
        0        0        0        0        0        0        0        0        0        0
        0        0        0        0        0        0        0        0        0        0
        0        0        0        0        0        0        0        0        0        0
        0        0        0        0        0        0        0        0        0        0
        0        0        0        0        0        0        0        0        0        0
        0        0        0        0        0        0        0        0        0        0
        0        0        0        0        0        0        0        0        0        0
        0        0        0        0        0        0        0        0        0        0
        0        0        0        0        0        0        0        0        0        0
        0        0        0        0        0        0        0        0        0        0
        0        0        0        0        0        0        0        0        0        0
        0        0        0        0        0        0        0        0        0        0
        0        0        0        0        0        0        0        0        0        0
        0        0        0        0        0        0        0        0        0        0
        0        0        0        0        0        0        0        0        0        0
        0        0        0        0        0        0        0        0        0        0
        0        0        0        0        0        0        0        0        0        0
        0        0        0        0        0        0        0        0        0        0
     -inf  -1.6110  -1.6096  -1.6091  -1.6094  -1.6093  -1.6096  -1.6094  -1.6092  -1.6093
     -inf  -1.6051  -1.6044  -1.6039  -1.6039  -1.6040  -1.6042  -1.6041  -1.6040  -1.6039
     -inf  -1.5998  -1.5992  -1.5985  -1.5981  -1.5978  -1.5982  -1.5982  -1.5981  -1.5980
     -inf  -1.5944  -1.5940  -1.5935  -1.5931  -1.5929  -1.5932  -1.5933  -1.5931  -1.5930
     -inf  -1.5886  -1.5887  -1.5878  -1.5871  -1.5867  -1.5871  -1.5873  -1.5871  -1.5869
     -inf  -1.5794  -1.5800  -1.5796  -1.5797  -1.5797  -1.5796  -1.5798  -1.5797  -1.5797
     -inf  -1.5749  -1.5750  -1.5744  -1.5738  -1.5738  -1.5740  -1.5741  -1.5739  -1.5738
     -inf  -1.5679  -1.5672  -1.5674  -1.5668  -1.5670  -1.5673  -1.5671  -1.5672  -1.5671
     -inf  -1.5623  -1.5612  -1.5607  -1.5601  -1.5601  -1.5604  -1.5603  -1.5603  -1.5601
     -inf  -1.5516  -1.5533  -1.5532  -1.5536  -1.5534  -1.5529  -1.5533  -1.5534  -1.5534
     -inf  -1.5450  -1.5472  -1.5478  -1.5468  -1.5467  -1.5465  -1.5468  -1.5471  -1.5468
     -inf  -1.5366  -1.5390  -1.5404  -1.5385  -1.5383  -1.5380  -1.5386  -1.5391  -1.5386
     -inf  -1.5289  -1.5316  -1.5327  -1.5319  -1.5314  -1.5310  -1.5314  -1.5318  -1.5315
     -inf  -1.5235  -1.5252  -1.5251  -1.5247  -1.5247  -1.5245  -1.5247  -1.5248  -1.5246
     -inf  -1.5122  -1.5134  -1.5136  -1.5143  -1.5149  -1.5145  -1.5144  -1.5143  -1.5147
     -inf  -1.5074  -1.5084  -1.5088  -1.5080  -1.5082  -1.5082  -1.5082  -1.5084  -1.5082
     -inf  -1.4993  -1.4985  -1.4980  -1.4987  -1.4988  -1.4990  -1.4988  -1.4985  -1.4989
     -inf  -1.4870  -1.4848  -1.4872  -1.4875  -1.4879  -1.4884  -1.4872  -1.4879  -1.4878
     -inf  -1.4716  -1.4756  -1.4794  -1.4808  -1.4814  -1.4796  -1.4797  -1.4806  -1.4812
     -inf  -1.4719  -1.4728  -1.4758  -1.4759  -1.4733  -1.4731  -1.4731  -1.4742  -1.4745
     -inf  -1.4709  -1.4678  -1.4687  -1.4662  -1.4642  -1.4654  -1.4653  -1.4659  -1.4652
     -inf  -1.4450  -1.4473  -1.4494  -1.4518  -1.4513  -1.4504  -1.4505  -1.4505  -1.4514
     -inf  -1.4252  -1.4305  -1.4377  -1.4387  -1.4376  -1.4359  -1.4355  -1.4374  -1.4380
     -inf  -1.4278  -1.4216  -1.4237  -1.4235  -1.4266  -1.4268  -1.4256  -1.4254  -1.4251
     -inf  -1.4205  -1.4154  -1.4168  -1.4170  -1.4192  -1.4194  -1.4181  -1.4186  -1.4181
     -inf  -1.4209  -1.4166  -1.4151  -1.4112  -1.4126  -1.4140  -1.4139  -1.4134  -1.4122
     -inf  -1.4075  -1.4028  -1.4039  -1.4028  -1.3990  -1.4001  -1.3998  -1.4003  -1.4004
     -inf  -1.3919  -1.3909  -1.3892  -1.3848  -1.3876  -1.3895  -1.3905  -1.3902  -1.3908
     -inf  -1.3541  -1.3676  -1.3713  -1.3742  -1.3739  -1.3734  -1.3722  -1.3692  -1.3694
     -inf  -1.3439  -1.3477  -1.3537  -1.3560  -1.3572  -1.3593  -1.3577  -1.3573  -1.3566
        0        0        0        0        0        0        0        0        0        0
        0        0        0        0        0        0        0        0        0        0
        0        0        0        0        0        0        0        0        0        0
        0        0        0        0        0        0        0        0        0        0
        0        0        0        0        0        0        0        0        0        0
        0        0        0        0        0        0        0        0        0        0
        0        0        0        0        0        0        0        0        0        0
        0        0        0        0        0        0        0        0        0        0
        0        0        0        0        0        0        0        0        0        0
        0        0        0        0        0        0        0        0        0        0
        0        0        0        0        0        0        0        0        0        0
        0        0        0        0        0        0        0        0        0        0
        0        0        0        0        0        0        0        0        0        0
        0        0        0        0        0        0        0        0        0        0
        0        0        0        0        0        0        0        0        0        0
        0        0        0        0        0        0        0        0        0        0
        0        0        0        0        0        0        0        0        0        0
        0        0        0        0        0        0        0        0        0        0
        0        0        0        0        0        0        0        0        0        0
        0        0        0        0        0        0        0        0        0        0
        0        0        0        0        0        0        0        0        0        0
        0        0        0        0        0        0        0        0        0        0
        0        0        0        0        0        0        0        0        0        0
        0        0        0        0        0        0        0        0        0        0
        0        0        0        0        0        0        0        0        0        0
        0        0        0        0        0        0        0        0        0        0
        0        0        0        0        0        0        0        0        0        0
        0        0        0        0        0        0        0        0        0        0
        0        0        0        0        0        0        0        0        0        0
        0        0        0        0        0        0        0        0        0        0
        0        0        0        0        0        0        0        0        0        0
        0        0        0        0        0        0        0        0        0        0
        0        0        0        0        0        0        0        0        0        0
        0        0        0        0        0        0        0        0        0        0
        0        0        0        0        0        0        0        0        0        0
        0        0        0        0        0        0        0        0        0        0
        0        0        0        0        0        0        0        0        0        0
        0        0        0        0        0        0        0        0        0        0
        0        0        0        0        0        0        0        0        0        0
        0        0        0        0        0        0        0        0        0        0
        0        0        0        0        0        0        0        0        0        0
        0        0        0        0        0        0        0        0        0        0
        0        0        0        0        0        0        0        0        0        0
        0        0        0        0        0        0        0        0        0        0
        0        0        0        0        0        0        0        0        0        0
        0        0        0        0        0        0        0        0        0        0
        0        0        0        0        0        0        0        0        0        0
        0        0        0        0        0        0        0        0        0        0
        0        0        0        0        0        0        0        0        0        0
        0        0        0        0        0        0        0        0        0        0
        0        0        0        0        0        0        0        0        0        0
        0        0        0        0        0        0        0        0        0        0
        0        0        0        0        0        0        0        0        0        0
        0        0        0        0        0        0        0        0        0        0
        0        0        0        0        0        0        0        0        0        0
        0        0        0        0        0        0        0        0        0        0
        0        0        0        0        0        0        0        0        0        0
        0        0        0        0        0        0        0        0        0        0
        0        0        0        0        0        0        0        0        0        0
        0        0        0        0        0        0        0        0        0        0

        0        0        0        0        0        0        0        0        0        0
        0        0        0        0        0        0        0        0        0        0
        0        0        0        0        0        0        0        0        0        0
        0        0        0        0        0        0        0        0        0        0
        0        0        0        0        0        0        0        0        0        0
        0        0        0        0        0        0        0        0        0        0
        0        0        0        0        0        0        0        0        0        0
        0        0        0        0        0        0        0        0        0        0
        0        0        0        0        0        0        0        0        0        0
        0        0        0        0        0        0        0        0        0        0
        0        0        0        0        0        0        0        0        0        0
        0        0        0        0        0        0        0        0        0        0
        0        0        0        0        0        0        0        0        0        0
        0        0        0        0        0        0        0        0        0        0
        0        0        0        0        0        0        0        0        0        0
        0        0        0        0        0        0        0        0        0        0
        0        0        0        0        0        0        0        0        0        0
        0        0        0        0        0        0        0        0        0        0
        0        0        0        0        0        0        0        0        0        0
        0        0        0        0        0        0        0        0        0        0
        0        0        0        0        0        0        0        0        0        0
        0        0        0        0        0        0        0        0        0        0
        0        0        0        0        0        0        0        0        0        0
        0        0        0        0        0        0        0        0        0        0
        0        0        0        0        0        0        0        0        0        0
        0        0        0        0        0        0        0        0        0        0
        0        0        0        0        0        0        0        0        0        0
        0        0        0        0        0        0        0        0        0        0
        0        0        0        0        0        0        0        0        0        0
        0        0        0        0        0        0        0        0        0        0
      inf   0.8385   0.8357   0.8347   0.8352   0.8352   0.8357   0.8353   0.8350   0.8352
      inf   0.8340   0.8328   0.8319   0.8321   0.8321   0.8325   0.8324   0.8321   0.8321
      inf   0.8306   0.8295   0.8281   0.8277   0.8270   0.8276   0.8277   0.8275   0.8273
      inf   0.8271   0.8264   0.8255   0.8252   0.8247   0.8252   0.8253   0.8250   0.8249
      inf   0.8233   0.8229   0.8214   0.8203   0.8197   0.8203   0.8206   0.8203   0.8199
      inf   0.8114   0.8125   0.8123   0.8131   0.8135   0.8131   0.8134   0.8131   0.8133
      inf   0.8115   0.8111   0.8098   0.8092   0.8094   0.8098   0.8099   0.8095   0.8093
      inf   0.8047   0.8032   0.8040   0.8033   0.8039   0.8045   0.8037   0.8040   0.8039
      inf   0.8013   0.7994   0.7978   0.7968   0.7971   0.7977   0.7976   0.7975   0.7969
      inf   0.7867   0.7908   0.7909   0.7918   0.7920   0.7909   0.7917   0.7916   0.7918
      inf   0.7830   0.7873   0.7878   0.7851   0.7851   0.7848   0.7857   0.7860   0.7852
      inf   0.7720   0.7779   0.7810   0.7749   0.7752   0.7745   0.7760   0.7773   0.7755
      inf   0.7673   0.7704   0.7732   0.7691   0.7692   0.7686   0.7692   0.7705   0.7689
      inf   0.7628   0.7640   0.7644   0.7636   0.7638   0.7637   0.7636   0.7638   0.7634
      inf   0.7421   0.7430   0.7438   0.7473   0.7490   0.7481   0.7473   0.7470   0.7483
      inf   0.7412   0.7446   0.7457   0.7433   0.7444   0.7443   0.7443   0.7447   0.7441
      inf   0.7353   0.7296   0.7278   0.7306   0.7309   0.7317   0.7309   0.7296   0.7310
      inf   0.7049   0.7006   0.7085   0.7095   0.7099   0.7117   0.7078   0.7100   0.7099
      inf   0.6534   0.6753   0.6881   0.6963   0.7006   0.6923   0.6933   0.6958   0.6987
      inf   0.6947   0.6961   0.7048   0.7059   0.6941   0.6943   0.6944   0.6980   0.6994
      inf   0.7070   0.6965   0.6998   0.6883   0.6809   0.6858   0.6857   0.6882   0.6847
      inf   0.6070   0.6310   0.6390   0.6509   0.6493   0.6432   0.6458   0.6452   0.6499
      inf   0.5061   0.5626   0.6013   0.6077   0.6049   0.5909   0.5924   0.6026   0.6060
      inf   0.5975   0.5124   0.5376   0.5461   0.5681   0.5732   0.5564   0.5563   0.5580
      inf   0.5839   0.5632   0.5699   0.5716   0.5845   0.5846   0.5787   0.5821   0.5786
      inf   0.6283   0.6059   0.5918   0.5720   0.5775   0.5859   0.5859   0.5825   0.5766
      inf   0.5867   0.5564   0.5622   0.5563   0.5045   0.5174   0.5210   0.5259   0.5289
      inf   0.5415   0.5154   0.5092   0.4853   0.5019   0.5152   0.5219   0.5238   0.5253
      inf  -0.0824  -0.2961  -0.3663  -0.4050  -0.3549  -0.3288  -0.3260  -0.2661  -0.1895
      inf   0.0149  -0.0989  -0.2179  -0.2693  -0.2345  -0.1173  -0.0919  -0.1199  -0.1227
        0        0        0        0        0        0        0        0        0        0
        0        0        0        0        0        0        0        0        0        0
        0        0        0        0        0        0        0        0        0        0
        0        0        0        0        0        0        0        0        0        0
        0        0        0        0        0        0        0        0        0        0
        0        0        0        0        0        0        0        0        0        0
        0        0        0        0        0        0        0        0        0        0
        0        0        0        0        0        0        0        0        0        0
        0        0        0        0        0        0        0        0        0        0
        0        0        0        0        0        0        0        0        0        0
        0        0        0        0        0        0        0        0        0        0
        0        0        0        0        0        0        0        0        0        0
        0        0        0        0        0        0        0        0        0        0
        0        0        0        0        0        0        0        0        0        0
        0        0        0        0        0        0        0        0        0        0
        0        0        0        0        0        0        0        0        0        0
        0        0        0        0        0        0        0        0        0        0
        0        0        0        0        0        0        0        0        0        0
        0        0        0        0        0        0        0        0        0        0
        0        0        0        0        0        0        0        0        0        0
        0        0        0        0        0        0        0        0        0        0
        0        0        0        0        0        0        0        0        0        0
        0        0        0        0        0        0        0        0        0        0
        0        0        0        0        0        0        0        0        0        0
        0        0        0        0        0        0        0        0        0        0
        0        0        0        0        0        0        0        0        0        0
        0        0        0        0        0        0        0        0        0        0
        0        0        0        0        0        0        0        0        0        0
        0        0        0        0        0        0        0        0        0        0
        0        0        0        0        0        0        0        0        0        0
        0        0        0        0        0        0        0        0        0        0
        0        0        0        0        0        0        0        0        0        0
        0        0        0        0        0        0        0        0        0        0
        0        0        0        0        0        0        0        0        0        0
        0        0        0        0        0        0        0        0        0        0
        0        0        0        0        0        0        0        0        0        0
        0        0        0        0        0        0        0        0        0        0
        0        0        0        0        0        0        0        0        0        0
        0        0        0        0        0        0        0        0        0        0
        0        0        0        0        0        0        0        0        0        0
        0        0        0        0        0        0        0        0        0        0
        0        0        0        0        0        0        0        0        0        0
        0        0        0        0        0        0        0        0        0        0
        0        0        0        0        0        0        0        0        0        0
        0        0        0        0        0        0        0        0        0        0
        0        0        0        0        0        0        0        0        0        0
        0        0        0        0        0        0        0        0        0        0
        0        0        0        0        0        0        0        0        0        0
        0        0        0        0        0        0        0        0        0        0
        0        0        0        0        0        0        0        0        0        0
        0        0        0        0        0        0        0        0        0        0
        0        0        0        0        0        0        0        0        0        0
        0        0        0        0        0        0        0        0        0        0
        0        0        0        0        0        0        0        0        0        0
        0        0        0        0        0        0        0        0        0        0
        0        0        0        0        0        0        0        0        0        0
        0        0        0        0        0        0        0        0        0        0
        0        0        0        0        0        0        0        0        0        0
        0        0        0        0        0        0        0        0        0        0
        0        0        0        0        0        0        0        0        0        0

        0        0        0        0        0        0        0        0        0        0
        0        0        0        0        0        0        0        0        0        0
        0        0        0        0        0        0        0        0        0        0
        0        0        0        0        0        0        0        0        0        0
        0        0        0        0        0        0        0        0        0        0
        0        0        0        0        0        0        0        0        0        0
        0        0        0        0        0        0        0        0        0        0
        0        0        0        0        0        0        0        0        0        0
        0        0        0        0        0        0        0        0        0        0
        0        0        0        0        0        0        0        0        0        0
        0        0        0        0        0        0        0        0        0        0
        0        0        0        0        0        0        0        0        0        0
        0        0        0        0        0        0        0        0        0        0
        0        0        0        0        0        0        0        0        0        0
        0        0        0        0        0        0        0        0        0        0
        0        0        0        0        0        0        0        0        0        0
        0        0        0        0        0        0        0        0        0        0
        0        0        0        0        0        0        0        0        0        0
        0        0        0        0        0        0        0        0        0        0
        0        0        0        0        0        0        0        0        0        0
        0        0        0        0        0        0        0        0        0        0
        0        0        0        0        0        0        0        0        0        0
        0        0        0        0        0        0        0        0        0        0
        0        0        0        0        0        0        0        0        0        0
        0        0        0        0        0        0        0        0        0        0
        0        0        0        0        0        0        0        0        0        0
        0        0        0        0        0        0        0        0        0        0
        0        0        0        0        0        0        0        0        0        0
        0        0        0        0        0        0        0        0        0        0
        0        0        0        0        0        0        0        0        0        0
      inf   0.8385   0.8357   0.8347   0.8352   0.8352   0.8357   0.8353   0.8350   0.8352
      inf   0.8340   0.8328   0.8319   0.8321   0.8321   0.8325   0.8324   0.8321   0.8321
      inf   0.8306   0.8295   0.8281   0.8277   0.8270   0.8276   0.8277   0.8275   0.8273
      inf   0.8271   0.8264   0.8255   0.8252   0.8247   0.8252   0.8253   0.8250   0.8249
      inf   0.8233   0.8229   0.8214   0.8203   0.8197   0.8203   0.8206   0.8203   0.8199
      inf   0.8114   0.8125   0.8123   0.8131   0.8135   0.8131   0.8134   0.8131   0.8133
      inf   0.8115   0.8111   0.8098   0.8092   0.8094   0.8098   0.8099   0.8095   0.8093
      inf   0.8047   0.8032   0.8040   0.8033   0.8039   0.8045   0.8037   0.8040   0.8039
      inf   0.8013   0.7994   0.7978   0.7968   0.7971   0.7977   0.7976   0.7975   0.7969
      inf   0.7867   0.7908   0.7909   0.7918   0.7920   0.7909   0.7917   0.7916   0.7918
      inf   0.7830   0.7873   0.7878   0.7851   0.7851   0.7848   0.7857   0.7860   0.7852
      inf   0.7720   0.7779   0.7810   0.7749   0.7752   0.7745   0.7760   0.7773   0.7755
      inf   0.7673   0.7704   0.7732   0.7691   0.7692   0.7686   0.7692   0.7705   0.7689
      inf   0.7628   0.7640   0.7644   0.7636   0.7638   0.7637   0.7636   0.7638   0.7634
      inf   0.7421   0.7430   0.7438   0.7473   0.7490   0.7481   0.7473   0.7470   0.7483
      inf   0.7412   0.7446   0.7457   0.7433   0.7444   0.7443   0.7443   0.7447   0.7441
      inf   0.7353   0.7296   0.7278   0.7306   0.7309   0.7317   0.7309   0.7296   0.7310
      inf   0.7049   0.7006   0.7085   0.7095   0.7099   0.7117   0.7078   0.7100   0.7099
      inf   0.6534   0.6753   0.6881   0.6963   0.7006   0.6923   0.6933   0.6958   0.6987
      inf   0.6947   0.6961   0.7048   0.7059   0.6941   0.6943   0.6944   0.6980   0.6994
      inf   0.7070   0.6965   0.6998   0.6883   0.6809   0.6858   0.6857   0.6882   0.6847
      inf   0.6070   0.6310   0.6390   0.6509   0.6493   0.6432   0.6458   0.6452   0.6499
      inf   0.5074   0.5632   0.6017   0.6081   0.6052   0.5914   0.5927   0.6030   0.6062
      inf   0.5975   0.5214   0.5436   0.5507   0.5717   0.5762   0.5616   0.5608   0.5620
      inf   0.5839   0.5632   0.5699   0.5716   0.5845   0.5846   0.5787   0.5821   0.5786
      inf   0.6283   0.6059   0.5918   0.5720   0.5775   0.5859   0.5859   0.5825   0.5766
      inf   0.5867   0.5571   0.5627   0.5566   0.5288   0.5377   0.5384   0.5411   0.5424
      inf   0.5415   0.5161   0.5097   0.4857   0.5022   0.5155   0.5221   0.5240   0.5254
      inf   0.2798   0.3948   0.4321   0.4544   0.4458   0.4417   0.4248   0.4010   0.4035
      inf   0.2363   0.2522   0.3201   0.3460   0.3515   0.3711   0.3531   0.3515   0.3472
        0        0        0        0        0        0        0        0        0        0
        0        0        0        0        0        0        0        0        0        0
        0        0        0        0        0        0        0        0        0        0
        0        0        0        0        0        0        0        0        0        0
        0        0        0        0        0        0        0        0        0        0
        0        0        0        0        0        0        0        0        0        0
        0        0        0        0        0        0        0        0        0        0
        0        0        0        0        0        0        0        0        0        0
        0        0        0        0        0        0        0        0        0        0
        0        0        0        0        0        0        0        0        0        0
        0        0        0        0        0        0        0        0        0        0
        0        0        0        0        0        0        0        0        0        0
        0        0        0        0        0        0        0        0        0        0
        0        0        0        0        0        0        0        0        0        0
        0        0        0        0        0        0        0        0        0        0
        0        0        0        0        0        0        0        0        0        0
        0        0        0        0        0        0        0        0        0        0
        0        0        0        0        0        0        0        0        0        0
        0        0        0        0        0        0        0        0        0        0
        0        0        0        0        0        0        0        0        0        0
        0        0        0        0        0        0        0        0        0        0
        0        0        0        0        0        0        0        0        0        0
        0        0        0        0        0        0        0        0        0        0
        0        0        0        0        0        0        0        0        0        0
        0        0        0        0        0        0        0        0        0        0
        0        0        0        0        0        0        0        0        0        0
        0        0        0        0        0        0        0        0        0        0
        0        0        0        0        0        0        0        0        0        0
        0        0        0        0        0        0        0        0        0        0
        0        0        0        0        0        0        0        0        0        0
        0        0        0        0        0        0        0        0        0        0
        0        0        0        0        0        0        0        0        0        0
        0        0        0        0        0        0        0        0        0        0
        0        0        0        0        0        0        0        0        0        0
        0        0        0        0        0        0        0        0        0        0
        0        0        0        0        0        0        0        0        0        0
        0        0        0        0        0        0        0        0        0        0
        0        0        0        0        0        0        0        0        0        0
        0        0        0        0        0        0        0        0        0        0
        0        0        0        0        0        0        0        0        0        0
        0        0        0        0        0        0        0        0        0        0
        0        0        0        0        0        0        0        0        0        0
        0        0        0        0        0        0        0        0        0        0
        0        0        0        0        0        0        0        0        0        0
        0        0        0        0        0        0        0        0        0        0
        0        0        0        0        0        0        0        0        0        0
        0        0        0        0        0        0        0        0        0        0
        0        0        0        0        0        0        0        0        0        0
        0        0        0        0        0        0        0        0        0        0
        0        0        0        0        0        0        0        0        0        0
        0        0        0        0        0        0        0        0        0        0
        0        0        0        0        0        0        0        0        0        0
        0        0        0        0        0        0        0        0        0        0
        0        0        0        0        0        0        0        0        0        0
        0        0        0        0        0        0        0        0        0        0
        0        0        0        0        0        0        0        0        0        0
        0        0        0        0        0        0        0        0        0        0
        0        0        0        0        0        0        0        0        0        0
        0        0        0        0        0        0        0        0        0        0
        0        0        0        0        0        0        0        0        0        0

        0        0        0        0        0        0        0        0        0        0
        0        0        0        0        0        0        0        0        0        0
        0        0        0        0        0        0        0        0        0        0
        0        0        0        0        0        0        0        0        0        0
        0        0        0        0        0        0        0        0        0        0
        0        0        0        0        0        0        0        0        0        0
        0        0        0        0        0        0        0        0        0        0
        0        0        0        0        0        0        0        0        0        0
        0        0        0        0        0        0        0        0        0        0
        0        0        0        0        0        0        0        0        0        0
        0        0        0        0        0        0        0        0        0        0
        0        0        0        0        0        0        0        0        0        0
        0        0        0        0        0        0        0        0        0        0
        0        0        0        0        0        0        0        0        0        0
        0        0        0        0        0        0        0        0        0        0
        0        0        0        0        0        0        0        0        0        0
        0        0        0        0        0        0        0        0        0        0
        0        0        0        0        0        0        0        0        0        0
        0        0        0        0        0        0        0        0        0        0
        0        0        0        0        0        0        0        0        0        0
        0        0        0        0        0        0        0        0        0        0
        0        0        0        0        0        0        0        0        0        0
        0        0        0        0        0        0        0        0        0        0
        0        0        0        0        0        0        0        0        0        0
        0        0        0        0        0        0        0        0        0        0
        0        0        0        0        0        0        0        0        0        0
        0        0        0        0        0        0        0        0        0        0
        0        0        0        0        0        0        0        0        0        0
        0        0        0        0        0        0        0        0        0        0
        0        0        0        0        0        0        0        0        0        0
      nan   1.0853   1.0913   1.1386   1.1391   1.1296   1.1243   1.1183   1.1342   1.1334
      nan   1.1034   1.0978   1.1157   1.1252   1.1296   1.1211   1.1199   1.1243   1.1263
      nan   1.1558   1.1136   1.1579   1.1657   1.1845   1.1819   1.1671   1.1727   1.1739
      nan   1.1344   1.1092   1.1276   1.1276   1.1496   1.1487   1.1401   1.1446   1.1420
      nan   1.1575   1.1550   1.1736   1.1824   1.2023   1.1967   1.1921   1.1924   1.1948
      nan   1.2183   1.1865   1.1894   1.1878   1.1995   1.2045   1.2015   1.1971   1.1971
      nan   1.2104   1.2094   1.2141   1.2133   1.2193   1.2180   1.2168   1.2150   1.2155
      nan   1.2784   1.3031   1.2610   1.2791   1.2831   1.2812   1.2896   1.2747   1.2758
      nan   1.3528   1.3169   1.3027   1.3240   1.3332   1.3421   1.3294   1.3162   1.3311
      nan   1.5052   1.4152   1.3692   1.3532   1.3479   1.3824   1.3714   1.3612   1.3559
      nan   1.4724   1.3416   1.3469   1.3945   1.3811   1.3989   1.3725   1.3718   1.3888
      nan   1.4592   1.4121   1.3881   1.4775   1.4557   1.4559   1.4461   1.4348   1.4594
      nan   1.4066   1.4486   1.4024   1.4448   1.4666   1.4634   1.4642   1.4470   1.4608
      nan   1.5706   1.5100   1.4651   1.4523   1.4848   1.4974   1.4920   1.4806   1.4717
      nan   1.6856   1.8301   1.7939   1.7664   1.7515   1.7415   1.7731   1.7653   1.7571
      nan   1.5822   1.5925   1.5543   1.5798   1.5779   1.5835   1.5853   1.5717   1.5769
      nan   1.6419   1.7486   1.7812   1.7094   1.6997   1.6944   1.7118   1.7300   1.7052
      nan   1.7858   1.9551   1.8623   1.8380   1.8153   1.7938   1.8554   1.8356   1.8272
      nan   2.4263   2.0570   1.9910   1.9055   1.8722   1.9868   1.9371   1.9178   1.8917
      nan   1.6984   1.8127   1.8309   1.7832   1.9314   1.8888   1.8935   1.8953   1.8687
      nan   1.9564   1.8574   1.8251   1.9424   1.9591   1.9810   1.9411   1.9245   1.9552
      nan   2.1929   2.0179   2.1091   2.0688   2.1079   2.1328   2.0755   2.1070   2.0896
      nan   2.7665   2.4036   2.3891   2.2894   2.2901   2.3884   2.3321   2.3204   2.2894
      nan   1.8479   2.7890   2.5726   2.5561   2.5062   2.3776   2.5494   2.5339   2.5311
      nan   2.3051   2.5745   2.3840   2.3331   2.2500   2.2608   2.3466   2.3032   2.2872
      nan   1.8245   1.9301   2.0081   2.1520   2.1677   2.1357   2.1112   2.1082   2.1640
      nan   1.8018   2.1421   2.2049   2.1895   2.3395   2.3153   2.2596   2.2676   2.2683
      nan   2.1741   2.4239   2.3070   2.2751   2.2958   2.3231   2.2904   2.2575   2.2161
      nan   1.9720   2.3477   2.3246   2.2839   2.2423   2.1788   2.2374   2.2794   2.2777
      nan   1.5849   1.7022   1.9169   1.9891   2.0149   2.0825   2.0618   2.1044   2.0753
        0        0        0        0        0        0        0        0        0        0
        0        0        0        0        0        0        0        0        0        0
        0        0        0        0        0        0        0        0        0        0
        0        0        0        0        0        0        0        0        0        0
        0        0        0        0        0        0        0        0        0        0
        0        0        0        0        0        0        0        0        0        0
        0        0        0        0        0        0        0        0        0        0
        0        0        0        0        0        0        0        0        0        0
        0        0        0        0        0        0        0        0        0        0
        0        0        0        0        0        0        0        0        0        0
        0        0        0        0        0        0        0        0        0        0
        0        0        0        0        0        0        0        0        0        0
        0        0        0        0        0        0        0        0        0        0
        0        0        0        0        0        0        0        0        0        0
        0        0        0        0        0        0        0        0        0        0
        0        0        0        0        0        0        0        0        0        0
        0        0        0        0        0        0        0        0        0        0
        0        0        0        0        0        0        0        0        0        0
        0        0        0        0        0        0        0        0        0        0
        0        0        0        0        0        0        0        0        0        0
        0        0        0        0        0        0        0        0        0        0
        0        0        0        0        0        0        0        0        0        0
        0        0        0        0        0        0        0        0        0        0
        0        0        0        0        0        0        0        0        0        0
        0        0        0        0        0        0        0        0        0        0
        0        0        0        0        0        0        0        0        0        0
        0        0        0        0        0        0        0        0        0        0
        0        0        0        0        0        0        0        0        0        0
        0        0        0        0        0        0        0        0        0        0
        0        0        0        0        0        0        0        0        0        0
        0        0        0        0        0        0        0        0        0        0
        0        0        0        0        0        0        0        0        0        0
        0        0        0        0        0        0        0        0        0        0
        0        0        0        0        0        0        0        0        0        0
        0        0        0        0        0        0        0        0        0        0
        0        0        0        0        0        0        0        0        0        0
        0        0        0        0        0        0        0        0        0        0
        0        0        0        0        0        0        0        0        0        0
        0        0        0        0        0        0        0        0        0        0
        0        0        0        0        0        0        0        0        0        0
        0        0        0        0        0        0        0        0        0        0
        0        0        0        0        0        0        0        0        0        0
        0        0        0        0        0        0        0        0        0        0
        0        0        0        0        0        0        0        0        0        0
        0        0        0        0        0        0        0        0        0        0
        0        0        0        0        0        0        0        0        0        0
        0        0        0        0        0        0        0        0        0        0
        0        0        0        0        0        0        0        0        0        0
        0        0        0        0        0        0        0        0        0        0
        0        0        0        0        0        0        0        0        0        0
        0        0        0        0        0        0        0        0        0        0
        0        0        0        0        0        0        0        0        0        0
        0        0        0        0        0        0        0        0        0        0
        0        0        0        0        0        0        0        0        0        0
        0        0        0        0        0        0        0        0        0        0
        0        0        0        0        0        0        0        0        0        0
        0        0        0        0        0        0        0        0        0        0
        0        0        0        0        0        0        0        0        0        0
        0        0        0        0        0        0        0        0        0        0
        0        0        0        0        0        0        0        0        0        0

            0            0            0            0            0            0            0            0            0            0
            0            0            0            0            0            0            0            0            0            0
            0            0            0            0            0            0            0            0            0            0
            0            0            0            0            0            0            0            0            0            0
            0            0            0            0            0            0            0            0            0            0
            0            0            0            0            0            0            0            0            0            0
            0            0            0            0            0            0            0            0            0            0
            0            0            0            0            0            0            0            0            0            0
            0            0            0            0            0            0            0            0            0            0
            0            0            0            0            0            0            0            0            0            0
            0            0            0            0            0            0            0            0            0            0
            0            0            0            0            0            0            0            0            0            0
            0            0            0            0            0            0            0            0            0            0
            0            0            0            0            0            0            0            0            0            0
            0            0            0            0            0            0            0            0            0            0
            0            0            0            0            0            0            0            0            0            0
            0            0            0            0            0            0            0            0            0            0
            0            0            0            0            0            0            0            0            0            0
            0            0            0            0            0            0            0            0            0            0
            0            0            0            0            0            0            0            0            0            0
            0            0            0            0            0            0            0            0            0            0
            0            0            0            0            0            0            0            0            0            0
            0            0            0            0            0            0            0            0            0            0
            0            0            0            0            0            0            0            0            0            0
            0            0            0            0            0            0            0            0            0            0
            0            0            0            0            0            0            0            0            0            0
            0            0            0            0            0            0            0            0            0            0
            0            0            0            0            0            0            0            0            0            0
            0            0            0            0            0            0            0            0            0            0
            0            0            0            0            0            0            0            0            0            0
          nan   1.3902e+00   1.6528e+00   2.1275e+00   2.0245e+00   1.9665e+00   1.8788e+00   1.8738e+00   2.0304e+00   1.9899e+00
          nan   1.6017e+00   1.8627e+00   1.8708e+00   1.8531e+00   1.8276e+00   1.7839e+00   1.8367e+00   1.8427e+00   1.8364e+00
          nan   1.9793e+00   1.8335e+00   2.0026e+00   2.0580e+00   2.3192e+00   2.2667e+00   2.1856e+00   2.1922e+00   2.1941e+00
          nan   1.7957e+00   1.7715e+00   1.7896e+00   1.7799e+00   1.8938e+00   1.8786e+00   1.8619e+00   1.8616e+00   1.8481e+00
          nan   1.8464e+00   2.0339e+00   2.0623e+00   2.2324e+00   2.3097e+00   2.2476e+00   2.2501e+00   2.2260e+00   2.2829e+00
          nan   3.1438e+00   2.9473e+00   2.7391e+00   2.6352e+00   2.5681e+00   2.6692e+00   2.6822e+00   2.6397e+00   2.6065e+00
          nan   2.2532e+00   2.6176e+00   2.7605e+00   2.8305e+00   2.7499e+00   2.6635e+00   2.6976e+00   2.7463e+00   2.7818e+00
          nan   3.3474e+00   3.5281e+00   3.1552e+00   3.2136e+00   3.0751e+00   3.0216e+00   3.2079e+00   3.1063e+00   3.0809e+00
          nan   3.2026e+00   3.1719e+00   3.6502e+00   4.0260e+00   3.8786e+00   3.7974e+00   3.6869e+00   3.6839e+00   3.9595e+00
          nan   5.4245e+00   4.4550e+00   4.1468e+00   3.8389e+00   3.7276e+00   4.0764e+00   3.9480e+00   3.8995e+00   3.8192e+00
          nan   4.6979e+00   3.7322e+00   4.1347e+00   5.0503e+00   5.0878e+00   5.0357e+00   4.7089e+00   4.7417e+00   5.0738e+00
          nan   5.5788e+00   4.7088e+00   4.3315e+00   6.8942e+00   6.5195e+00   6.3606e+00   6.0116e+00   5.7428e+00   6.5433e+00
          nan   4.3729e+00   5.0398e+00   4.5694e+00   7.0518e+00   6.8096e+00   6.5155e+00   6.3883e+00   6.0535e+00   6.9820e+00
          nan   5.9327e+00   6.6887e+00   5.9839e+00   5.9169e+00   6.3187e+00   6.2124e+00   6.4279e+00   6.2110e+00   6.1470e+00
          nan   9.2189e+00   1.4294e+01   1.3713e+01   1.2275e+01   1.1287e+01   1.0969e+01   1.2152e+01   1.2208e+01   1.1727e+01
          nan   9.2275e+00   8.2729e+00   7.7668e+00   8.5063e+00   8.0388e+00   8.1983e+00   8.1776e+00   7.9969e+00   8.2654e+00
          nan   1.0490e+01   1.3133e+01   1.3577e+01   1.1883e+01   1.1341e+01   1.1269e+01   1.1751e+01   1.2196e+01   1.1605e+01
          nan   2.3075e+01   2.4148e+01   2.0260e+01   1.8864e+01   1.8913e+01   1.8219e+01   2.0492e+01   1.9496e+01   1.8924e+01
          nan   6.4323e+01   4.2862e+01   3.8058e+01   3.1863e+01   2.7862e+01   3.5189e+01   3.2721e+01   3.1821e+01   2.9680e+01
          nan   1.3054e+01   1.6504e+01   1.5240e+01   1.4301e+01   2.3460e+01   2.1684e+01   2.1411e+01   2.0471e+01   1.9545e+01
          nan   1.1298e+01   1.2977e+01   1.2524e+01   2.1891e+01   2.3465e+01   2.1977e+01   2.0776e+01   1.9776e+01   2.2816e+01
          nan   7.4500e+01   4.9513e+01   4.6740e+01   4.0001e+01   3.8955e+01   4.5711e+01   4.1562e+01   4.1871e+01   3.9373e+01
          nan   1.9781e+02   1.2737e+02   1.0288e+02   8.6389e+01   7.8773e+01   1.0281e+02   9.4001e+01   8.7442e+01   8.2107e+01
          nan   4.1344e+01   2.3705e+02   1.7914e+02   1.5256e+02   1.3382e+02   1.1845e+02   1.5985e+02   1.5163e+02   1.4249e+02
          nan   6.5628e+01   7.5940e+01   6.8020e+01   6.3204e+01   5.6944e+01   5.8611e+01   6.2880e+01   5.8918e+01   5.9891e+01
          nan   2.0774e+01   3.1947e+01   5.4924e+01   6.2765e+01   5.9420e+01   5.4715e+01   5.2510e+01   5.7863e+01   6.0528e+01
          nan   2.9921e+01   8.0993e+01   7.3316e+01   6.9701e+01   2.0475e+02   1.8076e+02   1.6149e+02   1.4945e+02   1.3949e+02
          nan   5.3640e+01   1.0547e+02   9.4638e+01   9.0055e+01   8.5947e+01   8.2012e+01   7.6695e+01   7.3977e+01   7.2720e+01
          nan   4.3317e+02   4.4128e+02   3.5498e+02   2.9930e+02   4.3869e+02   4.9780e+02   4.5996e+02   5.3776e+02   6.9614e+02
          nan   3.0394e+02   3.2898e+02   3.6520e+02   3.2859e+02   4.2189e+02   6.6578e+02   6.4052e+02   6.1447e+02   5.9700e+02
            0            0            0            0            0            0            0            0            0            0
            0            0            0            0            0            0            0            0            0            0
            0            0            0            0            0            0            0            0            0            0
            0            0            0            0            0            0            0            0            0            0
            0            0            0            0            0            0            0            0            0            0
            0            0            0            0            0            0            0            0            0            0
            0            0            0            0            0            0            0            0            0            0
            0            0            0            0            0            0            0            0            0            0
            0            0            0            0            0            0            0            0            0            0
            0            0            0            0            0            0            0            0            0            0
            0            0            0            0            0            0            0            0            0            0
            0            0            0            0            0            0            0            0            0            0
            0            0            0            0            0            0            0            0            0            0
            0            0            0            0            0            0            0            0            0            0
            0            0            0            0            0            0            0            0            0            0
            0            0            0            0            0            0            0            0            0            0
            0            0            0            0            0            0            0            0            0            0
            0            0            0            0            0            0            0            0            0            0
            0            0            0            0            0            0            0            0            0            0
            0            0            0            0            0            0            0            0            0            0
            0            0            0            0            0            0            0            0            0            0
            0            0            0            0            0            0            0            0            0            0
            0            0            0            0            0            0            0            0            0            0
            0            0            0            0            0            0            0            0            0            0
            0            0            0            0            0            0            0            0            0            0
            0            0            0            0            0            0            0            0            0            0
            0            0            0            0            0            0            0            0            0            0
            0            0            0            0            0            0            0            0            0            0
            0            0            0            0            0            0            0            0            0            0
            0            0            0            0            0            0            0            0            0            0
            0            0            0            0            0            0            0            0            0            0
            0            0            0            0            0            0            0            0            0            0
            0            0            0            0            0            0            0            0            0            0
            0            0            0            0            0            0            0            0            0            0
            0            0            0            0            0            0            0            0            0            0
            0            0            0            0            0            0            0            0            0            0
            0            0            0            0            0            0            0            0            0            0
            0            0            0            0            0            0            0            0            0            0
            0            0            0            0            0            0            0            0            0            0
            0            0            0            0            0            0            0            0            0            0
            0            0            0            0            0            0            0            0            0            0
            0            0            0            0            0            0            0            0            0            0
            0            0            0            0            0            0            0            0            0            0
            0            0            0            0            0            0            0            0            0            0
            0            0            0            0            0            0            0            0            0            0
            0            0            0            0            0            0            0            0            0            0
            0            0            0            0            0            0            0            0            0            0
            0            0            0            0            0            0            0            0            0            0
            0            0            0            0            0            0            0            0            0            0
            0            0            0            0            0            0            0            0            0            0
            0            0            0            0            0            0            0            0            0            0
            0            0            0            0            0            0            0            0            0            0
            0            0            0            0            0            0            0            0            0            0
            0            0            0            0            0            0            0            0            0            0
            0            0            0            0            0            0            0            0            0            0
            0            0            0            0            0            0            0            0            0            0
            0            0            0            0            0            0            0            0            0            0
            0            0            0            0            0            0            0            0            0            0
            0            0            0            0            0            0            0            0            0            0
            0            0            0            0            0            0            0            0            0            0

            0            0            0            0            0            0            0            0            0            0
            0            0            0            0            0            0            0            0            0            0
            0            0            0            0            0            0            0            0            0            0
            0            0            0            0            0            0            0            0            0            0
            0            0            0            0            0            0            0            0            0            0
            0            0            0            0            0            0            0            0            0            0
            0            0            0            0            0            0            0            0            0            0
            0            0            0            0            0            0            0            0            0            0
            0            0            0            0            0            0            0            0            0            0
            0            0            0            0            0            0            0            0            0            0
            0            0            0            0            0            0            0            0            0            0
            0            0            0            0            0            0            0            0            0            0
            0            0            0            0            0            0            0            0            0            0
            0            0            0            0            0            0            0            0            0            0
            0            0            0            0            0            0            0            0            0            0
            0            0            0            0            0            0            0            0            0            0
            0            0            0            0            0            0            0            0            0            0
            0            0            0            0            0            0            0            0            0            0
            0            0            0            0            0            0            0            0            0            0
            0            0            0            0            0            0            0            0            0            0
            0            0            0            0            0            0            0            0            0            0
            0            0            0            0            0            0            0            0            0            0
            0            0            0            0            0            0            0            0            0            0
            0            0            0            0            0            0            0            0            0            0
            0            0            0            0            0            0            0            0            0            0
            0            0            0            0            0            0            0            0            0            0
            0            0            0            0            0            0            0            0            0            0
            0            0            0            0            0            0            0            0            0            0
            0            0            0            0            0            0            0            0            0            0
            0            0            0            0            0            0            0            0            0            0
          nan   1.3902e+00   1.6528e+00   2.1275e+00   2.0245e+00   1.9665e+00   1.8788e+00   1.8738e+00   2.0304e+00   1.9899e+00
          nan   1.6017e+00   1.8627e+00   1.8708e+00   1.8531e+00   1.8276e+00   1.7839e+00   1.8367e+00   1.8427e+00   1.8364e+00
          nan   1.9793e+00   1.8335e+00   2.0026e+00   2.0580e+00   2.3192e+00   2.2667e+00   2.1856e+00   2.1922e+00   2.1941e+00
          nan   1.7957e+00   1.7715e+00   1.7896e+00   1.7799e+00   1.8938e+00   1.8786e+00   1.8619e+00   1.8616e+00   1.8481e+00
          nan   1.8464e+00   2.0339e+00   2.0623e+00   2.2324e+00   2.3097e+00   2.2476e+00   2.2501e+00   2.2260e+00   2.2829e+00
          nan   3.1438e+00   2.9473e+00   2.7391e+00   2.6352e+00   2.5681e+00   2.6692e+00   2.6822e+00   2.6397e+00   2.6065e+00
          nan   2.2532e+00   2.6176e+00   2.7605e+00   2.8305e+00   2.7499e+00   2.6635e+00   2.6976e+00   2.7463e+00   2.7818e+00
          nan   3.3474e+00   3.5281e+00   3.1552e+00   3.2136e+00   3.0751e+00   3.0216e+00   3.2079e+00   3.1063e+00   3.0809e+00
          nan   3.2026e+00   3.1719e+00   3.6502e+00   4.0260e+00   3.8786e+00   3.7974e+00   3.6869e+00   3.6839e+00   3.9595e+00
          nan   5.4245e+00   4.4550e+00   4.1468e+00   3.8389e+00   3.7276e+00   4.0764e+00   3.9480e+00   3.8995e+00   3.8192e+00
          nan   4.6979e+00   3.7322e+00   4.1347e+00   5.0503e+00   5.0878e+00   5.0357e+00   4.7089e+00   4.7417e+00   5.0738e+00
          nan   5.5788e+00   4.7088e+00   4.3315e+00   6.8942e+00   6.5195e+00   6.3606e+00   6.0116e+00   5.7428e+00   6.5433e+00
          nan   4.3729e+00   5.0398e+00   4.5694e+00   7.0518e+00   6.8096e+00   6.5155e+00   6.3883e+00   6.0535e+00   6.9820e+00
          nan   5.9327e+00   6.6887e+00   5.9839e+00   5.9169e+00   6.3187e+00   6.2124e+00   6.4279e+00   6.2110e+00   6.1470e+00
          nan   9.2189e+00   1.4294e+01   1.3713e+01   1.2275e+01   1.1287e+01   1.0969e+01   1.2152e+01   1.2208e+01   1.1727e+01
          nan   9.2275e+00   8.2729e+00   7.7668e+00   8.5063e+00   8.0388e+00   8.1983e+00   8.1776e+00   7.9969e+00   8.2654e+00
          nan   1.0490e+01   1.3133e+01   1.3577e+01   1.1883e+01   1.1341e+01   1.1269e+01   1.1751e+01   1.2196e+01   1.1605e+01
          nan   2.3075e+01   2.4148e+01   2.0260e+01   1.8864e+01   1.8913e+01   1.8219e+01   2.0492e+01   1.9496e+01   1.8924e+01
          nan   6.4323e+01   4.2862e+01   3.8058e+01   3.1863e+01   2.7862e+01   3.5189e+01   3.2721e+01   3.1821e+01   2.9680e+01
          nan   1.3054e+01   1.6504e+01   1.5240e+01   1.4301e+01   2.3460e+01   2.1684e+01   2.1411e+01   2.0471e+01   1.9545e+01
          nan   1.1298e+01   1.2977e+01   1.2524e+01   2.1891e+01   2.3465e+01   2.1977e+01   2.0776e+01   1.9776e+01   2.2816e+01
          nan   7.4500e+01   4.9513e+01   4.6740e+01   4.0001e+01   3.8955e+01   4.5711e+01   4.1562e+01   4.1871e+01   3.9373e+01
          nan   1.9194e+02   1.2411e+02   1.0056e+02   8.4630e+01   7.7372e+01   1.0052e+02   9.2040e+01   8.5697e+01   8.0547e+01
          nan   4.1344e+01   1.9576e+02   1.5035e+02   1.3066e+02   1.1561e+02   1.0315e+02   1.3433e+02   1.2933e+02   1.2261e+02
          nan   6.5628e+01   7.5940e+01   6.8020e+01   6.3204e+01   5.6944e+01   5.8611e+01   6.2880e+01   5.8918e+01   5.9891e+01
          nan   2.0774e+01   3.1947e+01   5.4924e+01   6.2765e+01   5.9420e+01   5.4715e+01   5.2510e+01   5.7863e+01   6.0528e+01
          nan   2.9921e+01   7.7543e+01   7.0992e+01   6.7977e+01   9.4527e+01   8.6976e+01   8.0770e+01   7.8316e+01   7.6007e+01
          nan   5.3640e+01   1.0206e+02   9.2386e+01   8.8445e+01   8.4615e+01   8.0873e+01   7.5706e+01   7.3109e+01   7.1946e+01
          nan   1.2090e+02   1.4353e+02   1.2555e+02   1.1409e+02   1.2084e+02   1.1777e+02   1.3590e+02   1.4491e+02   1.4192e+02
          nan   6.1617e+01   9.4370e+01   1.2558e+02   1.2305e+02   1.2337e+02   1.2574e+02   1.3404e+02   1.3886e+02   1.3723e+02
            0            0            0            0            0            0            0            0            0            0
            0            0            0            0            0            0            0            0            0            0
            0            0            0            0            0            0            0            0            0            0
            0            0            0            0            0            0            0            0            0            0
            0            0            0            0            0            0            0            0            0            0
            0            0            0            0            0            0            0            0            0            0
            0            0            0            0            0            0            0            0            0            0
            0            0            0            0            0            0            0            0            0            0
            0            0            0            0            0            0            0            0            0            0
            0            0            0            0            0            0            0            0            0            0
            0            0            0            0            0            0            0            0            0            0
            0            0            0            0            0            0            0            0            0            0
            0            0            0            0            0            0            0            0            0            0
            0            0            0            0            0            0            0            0            0            0
            0            0            0            0            0            0            0            0            0            0
            0            0            0            0            0            0            0            0            0            0
            0            0            0            0            0            0            0            0            0            0
            0            0            0            0            0            0            0            0            0            0
            0            0            0            0            0            0            0            0            0            0
            0            0            0            0            0            0            0            0            0            0
            0            0            0            0            0            0            0            0            0            0
            0            0            0            0            0            0            0            0            0            0
            0            0            0            0            0            0            0            0            0            0
            0            0            0            0            0            0            0            0            0            0
            0            0            0            0            0            0            0            0            0            0
            0            0            0            0            0            0            0            0            0            0
            0            0            0            0            0            0            0            0            0            0
            0            0            0            0            0            0            0            0            0            0
            0            0            0            0            0            0            0            0            0            0
            0            0            0            0            0            0            0            0            0            0
            0            0            0            0            0            0            0            0            0            0
            0            0            0            0            0            0            0            0            0            0
            0            0            0            0            0            0            0            0            0            0
            0            0            0            0            0            0            0            0            0            0
            0            0            0            0            0            0            0            0            0            0
            0            0            0            0            0            0            0            0            0            0
            0            0            0            0            0            0            0            0            0            0
            0            0            0            0            0            0            0            0            0            0
            0            0            0            0            0            0            0            0            0            0
            0            0            0            0            0            0            0            0            0            0
            0            0            0            0            0            0            0            0            0            0
            0            0            0            0            0            0            0            0            0            0
            0            0            0            0            0            0            0            0            0            0
            0            0            0            0            0            0            0            0            0            0
            0            0            0            0            0            0            0            0            0            0
            0            0            0            0            0            0            0            0            0            0
            0            0            0            0            0            0            0            0            0            0
            0            0            0            0            0            0            0            0            0            0
            0            0            0            0            0            0            0            0            0            0
            0            0            0            0            0            0            0            0            0            0
            0            0            0            0            0            0            0            0            0            0
            0            0            0            0            0            0            0            0            0            0
            0            0            0            0            0            0            0            0            0            0
            0            0            0            0            0            0            0            0            0            0
            0            0            0            0            0            0            0            0            0            0
            0            0            0            0            0            0            0            0            0            0
            0            0            0            0            0            0            0            0            0            0
            0            0            0            0            0            0            0            0            0            0
            0            0            0            0            0            0            0            0            0            0
            0            0            0            0            0            0            0            0            0            0

        0        0        0        0        0        0        0        0        0        0
        0        0        0        0        0        0        0        0        0        0
        0        0        0        0        0        0        0        0        0        0
        0        0        0        0        0        0        0        0        0        0
        0        0        0        0        0        0        0        0        0        0
        0        0        0        0        0        0        0        0        0        0
        0        0        0        0        0        0        0        0        0        0
        0        0        0        0        0        0        0        0        0        0
        0        0        0        0        0        0        0        0        0        0
        0        0        0        0        0        0        0        0        0        0
        0        0        0        0        0        0        0        0        0        0
        0        0        0        0        0        0        0        0        0        0
        0        0        0        0        0        0        0        0        0        0
        0        0        0        0        0        0        0        0        0        0
        0        0        0        0        0        0        0        0        0        0
        0        0        0        0        0        0        0        0        0        0
        0        0        0        0        0        0        0        0        0        0
        0        0        0        0        0        0        0        0        0        0
        0        0        0        0        0        0        0        0        0        0
        0        0        0        0        0        0        0        0        0        0
        0        0        0        0        0        0        0        0        0        0
        0        0        0        0        0        0        0        0        0        0
        0        0        0        0        0        0        0        0        0        0
        0        0        0        0        0        0        0        0        0        0
        0        0        0        0        0        0        0        0        0        0
        0        0        0        0        0        0        0        0        0        0
        0        0        0        0        0        0        0        0        0        0
        0        0        0        0        0        0        0        0        0        0
        0        0        0        0        0        0        0        0        0        0
        0        0        0        0        0        0        0        0        0        0
      inf   0.2541   0.1909   0.1699   0.1592   0.1528   0.1485   0.1455   0.1433   0.1415
      inf   0.2581   0.1938   0.1724   0.1616   0.1551   0.1508   0.1477   0.1455   0.1437
      inf   0.2623   0.1968   0.1751   0.1643   0.1578   0.1533   0.1502   0.1479   0.1461
      inf   0.2662   0.1996   0.1776   0.1666   0.1600   0.1555   0.1523   0.1499   0.1481
      inf   0.2708   0.2028   0.1805   0.1694   0.1628   0.1581   0.1548   0.1524   0.1506
      inf   0.2763   0.2071   0.1842   0.1727   0.1658   0.1612   0.1578   0.1554   0.1535
      inf   0.2804   0.2102   0.1870   0.1754   0.1684   0.1637   0.1603   0.1579   0.1559
      inf   0.2849   0.2140   0.1902   0.1785   0.1713   0.1664   0.1631   0.1606   0.1586
      inf   0.2899   0.2176   0.1936   0.1817   0.1744   0.1695   0.1660   0.1634   0.1615
      inf   0.2961   0.2217   0.1971   0.1847   0.1773   0.1726   0.1689   0.1663   0.1642
      inf   0.3009   0.2251   0.1999   0.1878   0.1803   0.1754   0.1717   0.1689   0.1669
      inf   0.3070   0.2296   0.2036   0.1916   0.1840   0.1790   0.1751   0.1722   0.1703
      inf   0.3131   0.2340   0.2076   0.1949   0.1872   0.1821   0.1783   0.1753   0.1732
      inf   0.3176   0.2376   0.2112   0.1981   0.1902   0.1849   0.1811   0.1782   0.1761
      inf   0.3240   0.2431   0.2162   0.2025   0.1942   0.1890   0.1852   0.1823   0.1800
      inf   0.3291   0.2466   0.2191   0.2057   0.1974   0.1919   0.1880   0.1850   0.1828
      inf   0.3350   0.2517   0.2240   0.2099   0.2014   0.1958   0.1919   0.1890   0.1865
      inf   0.3434   0.2586   0.2293   0.2149   0.2062   0.2003   0.1967   0.1934   0.1911
      inf   0.3516   0.2633   0.2331   0.2181   0.2092   0.2040   0.1999   0.1964   0.1938
      inf   0.3588   0.2681   0.2369   0.2218   0.2137   0.2077   0.2034   0.1998   0.1972
      inf   0.3621   0.2714   0.2405   0.2261   0.2177   0.2111   0.2068   0.2032   0.2010
      inf   0.3740   0.2801   0.2484   0.2320   0.2229   0.2170   0.2126   0.2092   0.2063
      inf   0.3872   0.2893   0.2547   0.2384   0.2292   0.2234   0.2190   0.2148   0.2119
      inf   0.3856   0.2923   0.2597   0.2438   0.2331   0.2267   0.2226   0.2192   0.2167
      inf   0.3919   0.2964   0.2634   0.2472   0.2366   0.2301   0.2259   0.2223   0.2197
      inf   0.3984   0.2994   0.2664   0.2510   0.2405   0.2333   0.2285   0.2251   0.2227
      inf   0.4109   0.3083   0.2731   0.2561   0.2471   0.2397   0.2348   0.2309   0.2280
      inf   0.4155   0.3121   0.2782   0.2625   0.2511   0.2435   0.2382   0.2346   0.2315
      inf   0.4318   0.3220   0.2856   0.2671   0.2567   0.2499   0.2454   0.2427   0.2398
      inf   0.4463   0.3348   0.2958   0.2766   0.2652   0.2570   0.2524   0.2486   0.2458
        0        0        0        0        0        0        0        0        0        0
        0        0        0        0        0        0        0        0        0        0
        0        0        0        0        0        0        0        0        0        0
        0        0        0        0        0        0        0        0        0        0
        0        0        0        0        0        0        0        0        0        0
        0        0        0        0        0        0        0        0        0        0
        0        0        0        0        0        0        0        0        0        0
        0        0        0        0        0        0        0        0        0        0
        0        0        0        0        0        0        0        0        0        0
        0        0        0        0        0        0        0        0        0        0
        0        0        0        0        0        0        0        0        0        0
        0        0        0        0        0        0        0        0        0        0
        0        0        0        0        0        0        0        0        0        0
        0        0        0        0        0        0        0        0        0        0
        0        0        0        0        0        0        0        0        0        0
        0        0        0        0        0        0        0        0        0        0
        0        0        0        0        0        0        0        0        0        0
        0        0        0        0        0        0        0        0        0        0
        0        0        0        0        0        0        0        0        0        0
        0        0        0        0        0        0        0        0        0        0
        0        0        0        0        0        0        0        0        0        0
        0        0        0        0        0        0        0        0        0        0
        0        0        0        0        0        0        0        0        0        0
        0        0        0        0        0        0        0        0        0        0
        0        0        0        0        0        0        0        0        0        0
        0        0        0        0        0        0        0        0        0        0
        0        0        0        0        0        0        0        0        0        0
        0        0        0        0        0        0        0        0        0        0
        0        0        0        0        0        0        0        0        0        0
        0        0        0        0        0        0        0        0        0        0
        0        0        0        0        0        0        0        0        0        0
        0        0        0        0        0        0        0        0        0        0
        0        0        0        0        0        0        0        0        0        0
        0        0        0        0        0        0        0        0        0        0
        0        0        0        0        0        0        0        0        0        0
        0        0        0        0        0        0        0        0        0        0
        0        0        0        0        0        0        0        0        0        0
        0        0        0        0        0        0        0        0        0        0
        0        0        0        0        0        0        0        0        0        0
        0        0        0        0        0        0        0        0        0        0
        0        0        0        0        0        0        0        0        0        0
        0        0        0        0        0        0        0        0        0        0
        0        0        0        0        0        0        0        0        0        0
        0        0        0        0        0        0        0        0        0        0
        0        0        0        0        0        0        0        0        0        0
        0        0        0        0        0        0        0        0        0        0
        0        0        0        0        0        0        0        0        0        0
        0        0        0        0        0        0        0        0        0        0
        0        0        0        0        0        0        0        0        0        0
        0        0        0        0        0        0        0        0        0        0
        0        0        0        0        0        0        0        0        0        0
        0        0        0        0        0        0        0        0        0        0
        0        0        0        0        0        0        0        0        0        0
        0        0        0        0        0        0        0        0        0        0
        0        0        0        0        0        0        0        0        0        0
        0        0        0        0        0        0        0        0        0        0
        0        0        0        0        0        0        0        0        0        0
        0        0        0        0        0        0        0        0        0        0
        0        0        0        0        0        0        0        0        0        0
        0        0        0        0        0        0        0        0        0        0

