   2.0000
   2.0050
   2.0100
   2.0150
   2.0200
   2.0250
   2.0300
   2.0350
   2.0400
   2.0450
   2.0500
   2.0550
   2.0600
   2.0650
   2.0700
   2.0750
   2.0800
   2.0850
   2.0900
   2.0950
   2.1000
   2.1050
   2.1100
   2.1150
   2.1200
   2.1250
   2.1300
   2.1350
   2.1400
   2.1450
   2.1500
   2.1550
   2.1600
   2.1650
   2.1700
   2.1750
   2.1800
   2.1850
   2.1900
   2.1950
   2.2000
   2.2050
   2.2100
   2.2150
   2.2200
   2.2250
   2.2300
   2.2350
   2.2400
   2.2450
   2.2500
   2.2550
   2.2600
   2.2650
   2.2700
   2.2750
   2.2800
   2.2850
   2.2900
   2.2950
   2.3000
   2.3050
   2.3100
   2.3150
   2.3200
   2.3250
   2.3300
   2.3350
   2.3400
   2.3450
   2.3500
   2.3550
   2.3600
   2.3650
   2.3700
   2.3750
   2.3800
   2.3850
   2.3900
   2.3950
   2.4000
   2.4050
   2.4100
   2.4150
   2.4200
   2.4250
   2.4300
   2.4350
   2.4400
   2.4450
   2.4500
   2.4550
   2.4600
   2.4650
   2.4700
   2.4750
   2.4800
   2.4850
   2.4900
   2.4950
   2.5000
   2.5050
   2.5100
   2.5150
   2.5200
   2.5250
   2.5300
   2.5350
   2.5400
   2.5450
   2.5500
   2.5550
   2.5600
   2.5650
   2.5700
   2.5750
   2.5800
   2.5850
   2.5900
   2.5950

        0        0        0        0        0        0        0        0        0        0
        0        0        0        0        0        0        0        0        0        0
        0        0        0        0        0        0        0        0        0        0
        0        0        0        0        0        0        0        0        0        0
        0        0        0        0        0        0        0        0        0        0
        0        0        0        0        0        0        0        0        0        0
        0        0        0        0        0        0        0        0        0        0
        0        0        0        0        0        0        0        0        0        0
        0        0        0        0        0        0        0        0        0        0
        0        0        0        0        0        0        0        0        0        0
        0        0        0        0        0        0        0        0        0        0
        0        0        0        0        0        0        0        0        0        0
        0        0        0        0        0        0        0        0        0        0
        0        0        0        0        0        0        0        0        0        0
        0        0        0        0        0        0        0        0        0        0
        0        0        0        0        0        0        0        0        0        0
        0        0        0        0        0        0        0        0        0        0
        0        0        0        0        0        0        0        0        0        0
        0        0        0        0        0        0        0        0        0        0
        0        0        0        0        0        0        0        0        0        0
        0        0        0        0        0        0        0        0        0        0
        0        0        0        0        0        0        0        0        0        0
        0        0        0        0        0        0        0        0        0        0
        0        0        0        0        0        0        0        0        0        0
        0        0        0        0        0        0        0        0        0        0
        0        0        0        0        0        0        0        0        0        0
        0        0        0        0        0        0        0        0        0        0
        0        0        0        0        0        0        0        0        0        0
        0        0        0        0        0        0        0        0        0        0
        0        0        0        0        0        0        0        0        0        0
        0        0        0        0        0        0        0        0        0        0
        0        0        0        0        0        0        0        0        0        0
        0        0        0        0        0        0        0        0        0        0
        0        0        0        0        0        0        0        0        0        0
        0        0        0        0        0        0        0        0        0        0
        0        0        0        0        0        0        0        0        0        0
        0        0        0        0        0        0        0        0        0        0
        0        0        0        0        0        0        0        0        0        0
        0        0        0        0        0        0        0        0        0        0
        0        0        0        0        0        0        0        0        0        0
        0        0        0        0        0        0        0        0        0        0
        0        0        0        0        0        0        0        0        0        0
        0        0        0        0        0        0        0        0        0        0
        0        0        0        0        0        0        0        0        0        0
        0        0        0        0        0        0        0        0        0        0
        0        0        0        0        0        0        0        0        0        0
        0        0        0        0        0        0        0        0        0        0
        0        0        0        0        0        0        0        0        0        0
        0        0        0        0        0        0        0        0        0        0
        0        0        0        0        0        0        0        0        0        0
        0        0        0        0        0        0        0        0        0        0
        0        0        0        0        0        0        0        0        0        0
        0        0        0        0        0        0        0        0        0        0
        0        0        0        0        0        0        0        0        0        0
        0        0        0        0        0        0        0        0        0        0
        0        0        0        0        0        0        0        0        0        0
        0        0        0        0        0        0        0        0        0        0
        0        0        0        0        0        0        0        0        0        0
        0        0        0        0        0        0        0        0        0        0
        0        0        0        0        0        0        0        0        0        0
     -inf  -1.3546  -1.3448  -1.3438  -1.3441  -1.3441  -1.3451  -1.3477  -1.3471  -1.3459
     -inf  -1.3542  -1.3509  -1.3446  -1.3435  -1.3436  -1.3419  -1.3413  -1.3403  -1.3397
     -inf  -1.3237  -1.3239  -1.3255  -1.3283  -1.3275  -1.3290  -1.3301  -1.3297  -1.3287
     -inf  -1.3140  -1.3146  -1.3151  -1.3150  -1.3152  -1.3165  -1.3164  -1.3175  -1.3168
     -inf  -1.3037  -1.3071  -1.3096  -1.3088  -1.3076  -1.3078  -1.3090  -1.3093  -1.3099
     -inf  -1.3027  -1.3055  -1.3038  -1.3039  -1.3028  -1.3029  -1.3032  -1.3040  -1.3039
     -inf  -1.2938  -1.2945  -1.2942  -1.2935  -1.2943  -1.2943  -1.2941  -1.2940  -1.2946
     -inf  -1.2863  -1.2836  -1.2857  -1.2871  -1.2863  -1.2863  -1.2864  -1.2861  -1.2856
     -inf  -1.2769  -1.2805  -1.2775  -1.2773  -1.2768  -1.2768  -1.2768  -1.2765  -1.2772
     -inf  -1.2736  -1.2727  -1.2730  -1.2734  -1.2724  -1.2725  -1.2725  -1.2727  -1.2726
     -inf  -1.2683  -1.2666  -1.2664  -1.2661  -1.2652  -1.2650  -1.2645  -1.2643  -1.2641
     -inf  -1.2602  -1.2609  -1.2605  -1.2602  -1.2594  -1.2594  -1.2591  -1.2588  -1.2586
     -inf  -1.2542  -1.2527  -1.2519  -1.2524  -1.2528  -1.2524  -1.2521  -1.2518  -1.2518
     -inf  -1.2429  -1.2451  -1.2455  -1.2454  -1.2456  -1.2455  -1.2455  -1.2453  -1.2451
     -inf  -1.2410  -1.2415  -1.2405  -1.2410  -1.2404  -1.2401  -1.2403  -1.2401  -1.2398
     -inf  -1.2328  -1.2322  -1.2322  -1.2325  -1.2331  -1.2329  -1.2323  -1.2326  -1.2324
     -inf  -1.2256  -1.2256  -1.2272  -1.2279  -1.2268  -1.2268  -1.2265  -1.2268  -1.2268
     -inf  -1.2226  -1.2218  -1.2214  -1.2222  -1.2216  -1.2213  -1.2210  -1.2212  -1.2209
     -inf  -1.2157  -1.2144  -1.2159  -1.2154  -1.2152  -1.2149  -1.2152  -1.2150  -1.2152
     -inf  -1.2099  -1.2100  -1.2105  -1.2104  -1.2102  -1.2105  -1.2102  -1.2103  -1.2102
     -inf  -1.2036  -1.2035  -1.2043  -1.2039  -1.2037  -1.2041  -1.2041  -1.2041  -1.2039
     -inf  -1.1976  -1.1981  -1.1978  -1.1979  -1.1976  -1.1979  -1.1979  -1.1980  -1.1980
     -inf  -1.1917  -1.1926  -1.1923  -1.1925  -1.1929  -1.1932  -1.1932  -1.1931  -1.1931
     -inf  -1.1858  -1.1858  -1.1864  -1.1866  -1.1871  -1.1870  -1.1868  -1.1867  -1.1868
     -inf  -1.1815  -1.1812  -1.1812  -1.1814  -1.1811  -1.1815  -1.1815  -1.1812  -1.1815
     -inf  -1.1771  -1.1758  -1.1757  -1.1761  -1.1758  -1.1758  -1.1760  -1.1760  -1.1763
     -inf  -1.1717  -1.1718  -1.1713  -1.1722  -1.1726  -1.1724  -1.1724  -1.1720  -1.1721
     -inf  -1.1643  -1.1655  -1.1649  -1.1654  -1.1657  -1.1656  -1.1659  -1.1657  -1.1659
     -inf  -1.1631  -1.1622  -1.1615  -1.1615  -1.1615  -1.1616  -1.1615  -1.1613  -1.1614
     -inf  -1.1570  -1.1569  -1.1565  -1.1566  -1.1566  -1.1565  -1.1563  -1.1564  -1.1563
        0        0        0        0        0        0        0        0        0        0
        0        0        0        0        0        0        0        0        0        0
        0        0        0        0        0        0        0        0        0        0
        0        0        0        0        0        0        0        0        0        0
        0        0        0        0        0        0        0        0        0        0
        0        0        0        0        0        0        0        0        0        0
        0        0        0        0        0        0        0        0        0        0
        0        0        0        0        0        0        0        0        0        0
        0        0        0        0        0        0        0        0        0        0
        0        0        0        0        0        0        0        0        0        0
        0        0        0        0        0        0        0        0        0        0
        0        0        0        0        0        0        0        0        0        0
        0        0        0        0        0        0        0        0        0        0
        0        0        0        0        0        0        0        0        0        0
        0        0        0        0        0        0        0        0        0        0
        0        0        0        0        0        0        0        0        0        0
        0        0        0        0        0        0        0        0        0        0
        0        0        0        0        0        0        0        0        0        0
        0        0        0        0        0        0        0        0        0        0
        0        0        0        0        0        0        0        0        0        0
        0        0        0        0        0        0        0        0        0        0
        0        0        0        0        0        0        0        0        0        0
        0        0        0        0        0        0        0        0        0        0
        0        0        0        0        0        0        0        0        0        0
        0        0        0        0        0        0        0        0        0        0
        0        0        0        0        0        0        0        0        0        0
        0        0        0        0        0        0        0        0        0        0
        0        0        0        0        0        0        0        0        0        0
        0        0        0        0        0        0        0        0        0        0
        0        0        0        0        0        0        0        0        0        0

            0            0            0            0            0            0            0            0            0            0
            0            0            0            0            0            0            0            0            0            0
            0            0            0            0            0            0            0            0            0            0
            0            0            0            0            0            0            0            0            0            0
            0            0            0            0            0            0            0            0            0            0
            0            0            0            0            0            0            0            0            0            0
            0            0            0            0            0            0            0            0            0            0
            0            0            0            0            0            0            0            0            0            0
            0            0            0            0            0            0            0            0            0            0
            0            0            0            0            0            0            0            0            0            0
            0            0            0            0            0            0            0            0            0            0
            0            0            0            0            0            0            0            0            0            0
            0            0            0            0            0            0            0            0            0            0
            0            0            0            0            0            0            0            0            0            0
            0            0            0            0            0            0            0            0            0            0
            0            0            0            0            0            0            0            0            0            0
            0            0            0            0            0            0            0            0            0            0
            0            0            0            0            0            0            0            0            0            0
            0            0            0            0            0            0            0            0            0            0
            0            0            0            0            0            0            0            0            0            0
            0            0            0            0            0            0            0            0            0            0
            0            0            0            0            0            0            0            0            0            0
            0            0            0            0            0            0            0            0            0            0
            0            0            0            0            0            0            0            0            0            0
            0            0            0            0            0            0            0            0            0            0
            0            0            0            0            0            0            0            0            0            0
            0            0            0            0            0            0            0            0            0            0
            0            0            0            0            0            0            0            0            0            0
            0            0            0            0            0            0            0            0            0            0
            0            0            0            0            0            0            0            0            0            0
            0            0            0            0            0            0            0            0            0            0
            0            0            0            0            0            0            0            0            0            0
            0            0            0            0            0            0            0            0            0            0
            0            0            0            0            0            0            0            0            0            0
            0            0            0            0            0            0            0            0            0            0
            0            0            0            0            0            0            0            0            0            0
            0            0            0            0            0            0            0            0            0            0
            0            0            0            0            0            0            0            0            0            0
            0            0            0            0            0            0            0            0            0            0
            0            0            0            0            0            0            0            0            0            0
            0            0            0            0            0            0            0            0            0            0
            0            0            0            0            0            0            0            0            0            0
            0            0            0            0            0            0            0            0            0            0
            0            0            0            0            0            0            0            0            0            0
            0            0            0            0            0            0            0            0            0            0
            0            0            0            0            0            0            0            0            0            0
            0            0            0            0            0            0            0            0            0            0
            0            0            0            0            0            0            0            0            0            0
            0            0            0            0            0            0            0            0            0            0
            0            0            0            0            0            0            0            0            0            0
            0            0            0            0            0            0            0            0            0            0
            0            0            0            0            0            0            0            0            0            0
            0            0            0            0            0            0            0            0            0            0
            0            0            0            0            0            0            0            0            0            0
            0            0            0            0            0            0            0            0            0            0
            0            0            0            0            0            0            0            0            0            0
            0            0            0            0            0            0            0            0            0            0
            0            0            0            0            0            0            0            0            0            0
            0            0            0            0            0            0            0            0            0            0
            0            0            0            0            0            0            0            0            0            0
          inf   2.6244e-01   1.9894e-01   8.7742e-02   8.2641e-04  -4.2712e-02  -1.0068e-01  -1.5508e-01  -1.4413e-01  -1.2927e-01
         -inf  -4.4831e-01  -4.2361e-01  -3.1154e-01  -3.1272e-01  -2.6156e-01  -1.9163e-01  -2.0415e-01  -1.5917e-01  -1.7118e-01
          inf   2.1684e-01   5.3247e-02   8.2672e-03   1.0804e-01   9.0035e-02   1.3277e-01   5.8445e-02   4.8131e-02   6.0948e-02
         -inf  -1.4198e-01  -2.6452e-02  -4.8301e-03   8.1035e-03   2.4847e-02  -9.0734e-03   4.3675e-03  -1.5711e-02  -1.3575e-02
         -inf  -4.3852e-02  -4.3885e-02  -1.2282e-01  -1.2519e-01  -1.1599e-01  -9.1523e-02  -5.0227e-02  -4.6133e-02  -2.9153e-02
          inf   4.3947e-02  -1.1508e-01  -6.5835e-02  -2.6412e-02  -5.1412e-03   2.0253e-02   1.2845e-02   1.0367e-02   1.9878e-02
          inf   3.5688e-02  -6.0607e-03   1.5236e-02   3.3662e-02   5.1118e-02   1.8286e-02  -2.4393e-05   9.0378e-04  -3.1480e-03
          inf   5.9201e-02  -3.2283e-02  -3.4272e-02   1.7663e-02   1.2529e-02   1.1740e-02   4.5836e-03  -7.2546e-03   5.6851e-03
         -inf   5.8372e-02  -2.7074e-02  -1.6595e-02   2.5036e-03   3.4455e-03   1.5049e-02   1.2481e-02   1.1690e-02   1.2341e-02
          inf   5.1182e-02   6.0223e-03   2.4781e-02  -2.4758e-03  -4.9106e-04   1.4417e-02   1.5344e-02   2.0196e-02   2.5935e-02
         -inf  -7.1149e-02  -6.9298e-02  -4.5894e-02  -3.9768e-02  -3.6877e-02  -2.1664e-02  -1.4129e-02  -8.7589e-03  -4.5905e-03
          inf   7.8222e-02   4.9022e-02   6.0492e-02   4.7051e-02   3.8182e-02   2.6639e-02   2.4841e-02   2.3563e-02   2.3051e-02
          inf   3.6547e-02   2.7550e-02   4.0140e-02   5.5412e-02   3.9028e-02   2.7354e-02   1.8855e-02   1.3674e-02   2.2575e-02
          inf  -3.0636e-02  -2.5668e-02  -2.1481e-02  -1.1202e-02   5.2656e-03   4.2690e-03   6.3805e-03   5.1244e-05  -2.4436e-03
          inf  -8.4992e-03  -4.1529e-02  -2.3991e-02  -1.4802e-02   2.1629e-03   5.9896e-03   5.0031e-03   3.6548e-03  -7.8242e-03
          inf   3.1573e-03   8.2207e-03  -1.2802e-02  -1.2595e-02  -2.8461e-02  -1.7145e-02  -7.2789e-03  -4.1808e-03   5.3784e-03
          inf   2.0213e-02   7.2269e-04   6.1731e-03   2.9069e-02   2.5690e-02   2.7810e-02   3.0306e-02   2.7266e-02   2.4485e-02
         -inf  -2.8801e-02   4.1689e-03   1.8006e-02   3.0395e-02   2.8872e-02   3.3887e-02   2.7063e-02   2.9363e-02   2.9693e-02
          inf   6.9019e-02   2.9570e-02   1.3391e-02   1.0399e-02   7.4884e-03   2.6344e-03   1.6965e-03   5.5024e-03   7.0816e-04
         -inf  -4.0501e-03  -1.3966e-02  -1.3969e-02  -1.1387e-02  -1.3981e-02  -2.7167e-03  -6.0143e-03  -4.5221e-03  -5.5186e-03
         -inf   1.5045e-02   1.5254e-02   3.5570e-02   2.7012e-02   2.1840e-02   1.8063e-02   1.8311e-02   1.6802e-02   1.3949e-02
          inf   2.9488e-02   9.3329e-03   8.2501e-03   7.2059e-03   7.5607e-03   1.1110e-02   8.2594e-03   1.2962e-03  -1.7985e-03
          inf   9.4249e-03   1.0676e-02   7.9150e-03   1.1824e-03   2.5141e-03   2.9447e-03   6.4333e-03   1.9304e-03  -6.8816e-04
         -inf   6.3122e-03   8.0669e-04   5.7312e-03   5.9669e-03   2.1964e-03  -3.7816e-03  -3.0603e-04   2.3552e-03  -2.3145e-03
         -inf  -1.1374e-02  -2.5032e-03   3.5924e-03   5.9029e-03   4.9798e-03   9.9811e-03   6.4760e-03   5.3492e-03   6.3059e-03
         -inf  -2.7579e-02  -1.8764e-02  -1.0084e-02  -9.6260e-03  -1.1264e-02  -8.7371e-03  -1.0191e-02  -9.8934e-03  -9.8154e-03
         -inf   6.5374e-03   7.9691e-03   1.1652e-02   1.0236e-02   1.6255e-02   1.2710e-02   1.1759e-02   1.0702e-02   1.1085e-02
         -inf  -1.1045e-03  -6.5872e-03  -7.5945e-03  -4.3138e-03  -4.3087e-03  -2.7698e-03  -3.2974e-03  -1.5671e-03  -1.3050e-03
          inf  -1.1093e-02  -2.6995e-03  -5.3397e-04  -3.6380e-03  -3.5865e-03  -9.6000e-04  -2.1094e-03   7.7597e-04  -7.3369e-04
          inf  -2.6974e-03  -1.8875e-02  -1.4995e-02  -8.4130e-03  -3.6918e-03  -3.9598e-03  -5.3059e-03  -2.6920e-03  -2.7088e-03
            0            0            0            0            0            0            0            0            0            0
            0            0            0            0            0            0            0            0            0            0
            0            0            0            0            0            0            0            0            0            0
            0            0            0            0            0            0            0            0            0            0
            0            0            0            0            0            0            0            0            0            0
            0            0            0            0            0            0            0            0            0            0
            0            0            0            0            0            0            0            0            0            0
            0            0            0            0            0            0            0            0            0            0
            0            0            0            0            0            0            0            0            0            0
            0            0            0            0            0            0            0            0            0            0
            0            0            0            0            0            0            0            0            0            0
            0            0            0            0            0            0            0            0            0            0
            0            0            0            0            0            0            0            0            0            0
            0            0            0            0            0            0            0            0            0            0
            0            0            0            0            0            0            0            0            0            0
            0            0            0            0            0            0            0            0            0            0
            0            0            0            0            0            0            0            0            0            0
            0            0            0            0            0            0            0            0            0            0
            0            0            0            0            0            0            0            0            0            0
            0            0            0            0            0            0            0            0            0            0
            0            0            0            0            0            0            0            0            0            0
            0            0            0            0            0            0            0            0            0            0
            0            0            0            0            0            0            0            0            0            0
            0            0            0            0            0            0            0            0            0            0
            0            0            0            0            0            0            0            0            0            0
            0            0            0            0            0            0            0            0            0            0
            0            0            0            0            0            0            0            0            0            0
            0            0            0            0            0            0            0            0            0            0
            0            0            0            0            0            0            0            0            0            0
            0            0            0            0            0            0            0            0            0            0

        0        0        0        0        0        0        0        0        0        0
        0        0        0        0        0        0        0        0        0        0
        0        0        0        0        0        0        0        0        0        0
        0        0        0        0        0        0        0        0        0        0
        0        0        0        0        0        0        0        0        0        0
        0        0        0        0        0        0        0        0        0        0
        0        0        0        0        0        0        0        0        0        0
        0        0        0        0        0        0        0        0        0        0
        0        0        0        0        0        0        0        0        0        0
        0        0        0        0        0        0        0        0        0        0
        0        0        0        0        0        0        0        0        0        0
        0        0        0        0        0        0        0        0        0        0
        0        0        0        0        0        0        0        0        0        0
        0        0        0        0        0        0        0        0        0        0
        0        0        0        0        0        0        0        0        0        0
        0        0        0        0        0        0        0        0        0        0
        0        0        0        0        0        0        0        0        0        0
        0        0        0        0        0        0        0        0        0        0
        0        0        0        0        0        0        0        0        0        0
        0        0        0        0        0        0        0        0        0        0
        0        0        0        0        0        0        0        0        0        0
        0        0        0        0        0        0        0        0        0        0
        0        0        0        0        0        0        0        0        0        0
        0        0        0        0        0        0        0        0        0        0
        0        0        0        0        0        0        0        0        0        0
        0        0        0        0        0        0        0        0        0        0
        0        0        0        0        0        0        0        0        0        0
        0        0        0        0        0        0        0        0        0        0
        0        0        0        0        0        0        0        0        0        0
        0        0        0        0        0        0        0        0        0        0
        0        0        0        0        0        0        0        0        0        0
        0        0        0        0        0        0        0        0        0        0
        0        0        0        0        0        0        0        0        0        0
        0        0        0        0        0        0        0        0        0        0
        0        0        0        0        0        0        0        0        0        0
        0        0        0        0        0        0        0        0        0        0
        0        0        0        0        0        0        0        0        0        0
        0        0        0        0        0        0        0        0        0        0
        0        0        0        0        0        0        0        0        0        0
        0        0        0        0        0        0        0        0        0        0
        0        0        0        0        0        0        0        0        0        0
        0        0        0        0        0        0        0        0        0        0
        0        0        0        0        0        0        0        0        0        0
        0        0        0        0        0        0        0        0        0        0
        0        0        0        0        0        0        0        0        0        0
        0        0        0        0        0        0        0        0        0        0
        0        0        0        0        0        0        0        0        0        0
        0        0        0        0        0        0        0        0        0        0
        0        0        0        0        0        0        0        0        0        0
        0        0        0        0        0        0        0        0        0        0
        0        0        0        0        0        0        0        0        0        0
        0        0        0        0        0        0        0        0        0        0
        0        0        0        0        0        0        0        0        0        0
        0        0        0        0        0        0        0        0        0        0
        0        0        0        0        0        0        0        0        0        0
        0        0        0        0        0        0        0        0        0        0
        0        0        0        0        0        0        0        0        0        0
        0        0        0        0        0        0        0        0        0        0
        0        0        0        0        0        0        0        0        0        0
        0        0        0        0        0        0        0        0        0        0
      inf   0.4166   0.3407   0.3221   0.3264   0.3185   0.3305   0.3521   0.3424   0.3305
      inf   0.4483   0.4247   0.3615   0.3599   0.3585   0.3435   0.3376   0.3234   0.3200
      inf   0.2266   0.2237   0.2351   0.2782   0.2712   0.2859   0.3007   0.2962   0.2882
      inf   0.1850   0.1769   0.1979   0.1976   0.2053   0.2203   0.2159   0.2269   0.2209
      inf   0.1263   0.1930   0.2279   0.2152   0.2100   0.2069   0.2185   0.2239   0.2312
      inf   0.2214   0.2508   0.2277   0.2214   0.2185   0.2224   0.2254   0.2304   0.2274
      inf   0.1956   0.1885   0.1968   0.1972   0.2063   0.2079   0.2014   0.1986   0.2049
      inf   0.1506   0.1586   0.1722   0.1855   0.1785   0.1784   0.1781   0.1706   0.1722
      inf   0.1402   0.1978   0.1633   0.1560   0.1648   0.1619   0.1602   0.1561   0.1602
      inf   0.1839   0.1773   0.1797   0.1736   0.1630   0.1705   0.1694   0.1709   0.1673
      inf   0.1729   0.1550   0.1558   0.1516   0.1482   0.1537   0.1485   0.1461   0.1465
      inf   0.1724   0.1668   0.1552   0.1508   0.1484   0.1488   0.1475   0.1457   0.1424
      inf   0.1460   0.1473   0.1359   0.1410   0.1461   0.1411   0.1393   0.1389   0.1398
      inf   0.1532   0.1554   0.1514   0.1466   0.1430   0.1392   0.1365   0.1349   0.1294
      inf   0.1480   0.1436   0.1350   0.1402   0.1387   0.1323   0.1310   0.1297   0.1304
      inf   0.1609   0.1406   0.1316   0.1270   0.1305   0.1284   0.1275   0.1286   0.1289
      inf   0.0908   0.0997   0.1148   0.1245   0.1199   0.1205   0.1209   0.1193   0.1178
      inf   0.1151   0.1127   0.1144   0.1192   0.1155   0.1163   0.1151   0.1161   0.1147
      inf   0.1117   0.1018   0.1052   0.1061   0.1068   0.1056   0.1080   0.1066   0.1093
      inf   0.1068   0.1084   0.1124   0.1094   0.1102   0.1100   0.1091   0.1119   0.1108
      inf   0.0972   0.1047   0.1053   0.1030   0.1051   0.1041   0.1033   0.1026   0.1040
      inf   0.0983   0.0950   0.0923   0.0931   0.0943   0.0923   0.0930   0.0934   0.0921
      inf   0.0994   0.0949   0.0922   0.0889   0.0909   0.0938   0.0977   0.0982   0.0983
      inf   0.0983   0.0951   0.0927   0.0919   0.0951   0.0958   0.0938   0.0938   0.0942
      inf   0.0779   0.0786   0.0829   0.0844   0.0820   0.0837   0.0858   0.0848   0.0839
      inf   0.0898   0.0901   0.0839   0.0861   0.0826   0.0821   0.0835   0.0851   0.0849
      inf   0.0772   0.0821   0.0822   0.0845   0.0855   0.0842   0.0849   0.0842   0.0844
      inf   0.0731   0.0839   0.0808   0.0815   0.0832   0.0814   0.0809   0.0800   0.0803
      inf   0.0879   0.0887   0.0852   0.0822   0.0816   0.0812   0.0807   0.0801   0.0803
      inf   0.0706   0.0772   0.0772   0.0768   0.0758   0.0760   0.0758   0.0771   0.0771
        0        0        0        0        0        0        0        0        0        0
        0        0        0        0        0        0        0        0        0        0
        0        0        0        0        0        0        0        0        0        0
        0        0        0        0        0        0        0        0        0        0
        0        0        0        0        0        0        0        0        0        0
        0        0        0        0        0        0        0        0        0        0
        0        0        0        0        0        0        0        0        0        0
        0        0        0        0        0        0        0        0        0        0
        0        0        0        0        0        0        0        0        0        0
        0        0        0        0        0        0        0        0        0        0
        0        0        0        0        0        0        0        0        0        0
        0        0        0        0        0        0        0        0        0        0
        0        0        0        0        0        0        0        0        0        0
        0        0        0        0        0        0        0        0        0        0
        0        0        0        0        0        0        0        0        0        0
        0        0        0        0        0        0        0        0        0        0
        0        0        0        0        0        0        0        0        0        0
        0        0        0        0        0        0        0        0        0        0
        0        0        0        0        0        0        0        0        0        0
        0        0        0        0        0        0        0        0        0        0
        0        0        0        0        0        0        0        0        0        0
        0        0        0        0        0        0        0        0        0        0
        0        0        0        0        0        0        0        0        0        0
        0        0        0        0        0        0        0        0        0        0
        0        0        0        0        0        0        0        0        0        0
        0        0        0        0        0        0        0        0        0        0
        0        0        0        0        0        0        0        0        0        0
        0        0        0        0        0        0        0        0        0        0
        0        0        0        0        0        0        0        0        0        0
        0        0        0        0        0        0        0        0        0        0

        0        0        0        0        0        0        0        0        0        0
        0        0        0        0        0        0        0        0        0        0
        0        0        0        0        0        0        0        0        0        0
        0        0        0        0        0        0        0        0        0        0
        0        0        0        0        0        0        0        0        0        0
        0        0        0        0        0        0        0        0        0        0
        0        0        0        0        0        0        0        0        0        0
        0        0        0        0        0        0        0        0        0        0
        0        0        0        0        0        0        0        0        0        0
        0        0        0        0        0        0        0        0        0        0
        0        0        0        0        0        0        0        0        0        0
        0        0        0        0        0        0        0        0        0        0
        0        0        0        0        0        0        0        0        0        0
        0        0        0        0        0        0        0        0        0        0
        0        0        0        0        0        0        0        0        0        0
        0        0        0        0        0        0        0        0        0        0
        0        0        0        0        0        0        0        0        0        0
        0        0        0        0        0        0        0        0        0        0
        0        0        0        0        0        0        0        0        0        0
        0        0        0        0        0        0        0        0        0        0
        0        0        0        0        0        0        0        0        0        0
        0        0        0        0        0        0        0        0        0        0
        0        0        0        0        0        0        0        0        0        0
        0        0        0        0        0        0        0        0        0        0
        0        0        0        0        0        0        0        0        0        0
        0        0        0        0        0        0        0        0        0        0
        0        0        0        0        0        0        0        0        0        0
        0        0        0        0        0        0        0        0        0        0
        0        0        0        0        0        0        0        0        0        0
        0        0        0        0        0        0        0        0        0        0
        0        0        0        0        0        0        0        0        0        0
        0        0        0        0        0        0        0        0        0        0
        0        0        0        0        0        0        0        0        0        0
        0        0        0        0        0        0        0        0        0        0
        0        0        0        0        0        0        0        0        0        0
        0        0        0        0        0        0        0        0        0        0
        0        0        0        0        0        0        0        0        0        0
        0        0        0        0        0        0        0        0        0        0
        0        0        0        0        0        0        0        0        0        0
        0        0        0        0        0        0        0        0        0        0
        0        0        0        0        0        0        0        0        0        0
        0        0        0        0        0        0        0        0        0        0
        0        0        0        0        0        0        0        0        0        0
        0        0        0        0        0        0        0        0        0        0
        0        0        0        0        0        0        0        0        0        0
        0        0        0        0        0        0        0        0        0        0
        0        0        0        0        0        0        0        0        0        0
        0        0        0        0        0        0        0        0        0        0
        0        0        0        0        0        0        0        0        0        0
        0        0        0        0        0        0        0        0        0        0
        0        0        0        0        0        0        0        0        0        0
        0        0        0        0        0        0        0        0        0        0
        0        0        0        0        0        0        0        0        0        0
        0        0        0        0        0        0        0        0        0        0
        0        0        0        0        0        0        0        0        0        0
        0        0        0        0        0        0        0        0        0        0
        0        0        0        0        0        0        0        0        0        0
        0        0        0        0        0        0        0        0        0        0
        0        0        0        0        0        0        0        0        0        0
        0        0        0        0        0        0        0        0        0        0
      nan   1.8824   1.8950   1.7914   1.8212   1.7852   1.8702   1.9654   2.0091   1.9906
      nan   2.0587   1.9394   1.9200   2.0028   2.0368   2.0649   2.0582   2.0540   2.0367
      nan   1.8443   1.8460   1.9122   1.9261   1.9556   2.0242   2.0685   2.0618   2.0234
      nan   1.3178   1.3806   1.4566   1.4762   1.4931   1.5441   1.5469   1.5794   1.5751
      nan   1.4725   1.5724   1.6039   1.5626   1.5554   1.5458   1.6035   1.5946   1.6272
      nan   1.5175   1.6023   1.5586   1.5540   1.5634   1.5671   1.5892   1.6012   1.6099
      nan   1.5855   1.6557   1.5850   1.5878   1.6052   1.5764   1.5800   1.5838   1.6067
      nan   1.4998   1.5049   1.5050   1.5926   1.5444   1.5430   1.5535   1.5369   1.5303
      nan   1.2317   1.4122   1.3843   1.3911   1.3867   1.3979   1.3932   1.3760   1.3982
      nan   1.3884   1.4173   1.4043   1.3827   1.3567   1.3682   1.3654   1.3924   1.3859
      nan   1.3074   1.3135   1.2783   1.2706   1.2972   1.3132   1.3091   1.3137   1.3057
      nan   1.2821   1.2878   1.3018   1.3264   1.3441   1.3431   1.3394   1.3415   1.3416
      nan   1.2684   1.3191   1.3029   1.2786   1.3074   1.2973   1.3006   1.3100   1.2934
      nan   1.2408   1.3552   1.3339   1.3001   1.2878   1.2706   1.2657   1.2470   1.2470
      nan   1.2192   1.1671   1.1695   1.2049   1.2246   1.2236   1.2353   1.2313   1.2348
      nan   1.3958   1.3056   1.2798   1.2571   1.2628   1.2418   1.2380   1.2248   1.2255
      nan   1.1799   1.2088   1.2549   1.2702   1.2497   1.2396   1.2402   1.2458   1.2360
      nan   1.2467   1.2182   1.2043   1.2143   1.1918   1.1892   1.1891   1.2085   1.2114
      nan   1.1580   1.1490   1.1696   1.1678   1.1455   1.1452   1.1457   1.1384   1.1451
      nan   1.1688   1.1895   1.1615   1.1405   1.1358   1.1367   1.1482   1.1525   1.1558
      nan   1.0907   1.0908   1.0997   1.0838   1.0755   1.0921   1.0874   1.0826   1.0927
      nan   1.1188   1.1229   1.1444   1.1427   1.1285   1.1231   1.1178   1.1175   1.1140
      nan   1.1140   1.0972   1.0695   1.0835   1.0896   1.0766   1.0820   1.0863   1.0841
      nan   1.1050   1.0976   1.0980   1.0781   1.0738   1.0635   1.0622   1.0637   1.0621
      nan   1.0745   1.0842   1.0665   1.0580   1.0617   1.0580   1.0570   1.0591   1.0573
      nan   1.0368   1.0428   1.0453   1.0766   1.0601   1.0455   1.0460   1.0464   1.0495
      nan   0.9759   1.0123   1.0204   1.0356   1.0398   1.0290   1.0269   1.0361   1.0356
      nan   0.9219   0.9850   0.9860   1.0031   1.0012   0.9935   0.9979   0.9986   0.9987
      nan   0.9783   0.9875   0.9750   0.9788   0.9870   0.9880   0.9866   0.9881   0.9897
      nan   0.9662   0.9560   0.9802   0.9724   0.9732   0.9822   0.9817   0.9845   0.9830
        0        0        0        0        0        0        0        0        0        0
        0        0        0        0        0        0        0        0        0        0
        0        0        0        0        0        0        0        0        0        0
        0        0        0        0        0        0        0        0        0        0
        0        0        0        0        0        0        0        0        0        0
        0        0        0        0        0        0        0        0        0        0
        0        0        0        0        0        0        0        0        0        0
        0        0        0        0        0        0        0        0        0        0
        0        0        0        0        0        0        0        0        0        0
        0        0        0        0        0        0        0        0        0        0
        0        0        0        0        0        0        0        0        0        0
        0        0        0        0        0        0        0        0        0        0
        0        0        0        0        0        0        0        0        0        0
        0        0        0        0        0        0        0        0        0        0
        0        0        0        0        0        0        0        0        0        0
        0        0        0        0        0        0        0        0        0        0
        0        0        0        0        0        0        0        0        0        0
        0        0        0        0        0        0        0        0        0        0
        0        0        0        0        0        0        0        0        0        0
        0        0        0        0        0        0        0        0        0        0
        0        0        0        0        0        0        0        0        0        0
        0        0        0        0        0        0        0        0        0        0
        0        0        0        0        0        0        0        0        0        0
        0        0        0        0        0        0        0        0        0        0
        0        0        0        0        0        0        0        0        0        0
        0        0        0        0        0        0        0        0        0        0
        0        0        0        0        0        0        0        0        0        0
        0        0        0        0        0        0        0        0        0        0
        0        0        0        0        0        0        0        0        0        0
        0        0        0        0        0        0        0        0        0        0

            0            0            0            0            0            0            0            0            0            0
            0            0            0            0            0            0            0            0            0            0
            0            0            0            0            0            0            0            0            0            0
            0            0            0            0            0            0            0            0            0            0
            0            0            0            0            0            0            0            0            0            0
            0            0            0            0            0            0            0            0            0            0
            0            0            0            0            0            0            0            0            0            0
            0            0            0            0            0            0            0            0            0            0
            0            0            0            0            0            0            0            0            0            0
            0            0            0            0            0            0            0            0            0            0
            0            0            0            0            0            0            0            0            0            0
            0            0            0            0            0            0            0            0            0            0
            0            0            0            0            0            0            0            0            0            0
            0            0            0            0            0            0            0            0            0            0
            0            0            0            0            0            0            0            0            0            0
            0            0            0            0            0            0            0            0            0            0
            0            0            0            0            0            0            0            0            0            0
            0            0            0            0            0            0            0            0            0            0
            0            0            0            0            0            0            0            0            0            0
            0            0            0            0            0            0            0            0            0            0
            0            0            0            0            0            0            0            0            0            0
            0            0            0            0            0            0            0            0            0            0
            0            0            0            0            0            0            0            0            0            0
            0            0            0            0            0            0            0            0            0            0
            0            0            0            0            0            0            0            0            0            0
            0            0            0            0            0            0            0            0            0            0
            0            0            0            0            0            0            0            0            0            0
            0            0            0            0            0            0            0            0            0            0
            0            0            0            0            0            0            0            0            0            0
            0            0            0            0            0            0            0            0            0            0
            0            0            0            0            0            0            0            0            0            0
            0            0            0            0            0            0            0            0            0            0
            0            0            0            0            0            0            0            0            0            0
            0            0            0            0            0            0            0            0            0            0
            0            0            0            0            0            0            0            0            0            0
            0            0            0            0            0            0            0            0            0            0
            0            0            0            0            0            0            0            0            0            0
            0            0            0            0            0            0            0            0            0            0
            0            0            0            0            0            0            0            0            0            0
            0            0            0            0            0            0            0            0            0            0
            0            0            0            0            0            0            0            0            0            0
            0            0            0            0            0            0            0            0            0            0
            0            0            0            0            0            0            0            0            0            0
            0            0            0            0            0            0            0            0            0            0
            0            0            0            0            0            0            0            0            0            0
            0            0            0            0            0            0            0            0            0            0
            0            0            0            0            0            0            0            0            0            0
            0            0            0            0            0            0            0            0            0            0
            0            0            0            0            0            0            0            0            0            0
            0            0            0            0            0            0            0            0            0            0
            0            0            0            0            0            0            0            0            0            0
            0            0            0            0            0            0            0            0            0            0
            0            0            0            0            0            0            0            0            0            0
            0            0            0            0            0            0            0            0            0            0
            0            0            0            0            0            0            0            0            0            0
            0            0            0            0            0            0            0            0            0            0
            0            0            0            0            0            0            0            0            0            0
            0            0            0            0            0            0            0            0            0            0
            0            0            0            0            0            0            0            0            0            0
            0            0            0            0            0            0            0            0            0            0
          nan   5.5564e+02   4.5651e+02   5.2866e+02   5.6877e+02   5.3473e+02   5.3600e+02   5.4514e+02   5.3738e+02   5.2221e+02
          nan   6.4414e+01   7.9082e+01   2.4866e+02   2.4983e+02   3.8359e+02   4.8254e+02   4.4463e+02   4.7975e+02   4.5015e+02
          nan   1.2314e+02   3.1920e+02   3.6058e+02   4.1643e+02   4.1906e+02   4.1780e+02   5.1599e+02   5.0843e+02   4.7717e+02
          nan   1.1659e+02   1.8883e+02   2.4564e+02   2.4812e+02   2.6436e+02   3.0349e+02   2.9357e+02   3.1590e+02   3.0142e+02
          nan   9.6269e+01   2.2073e+02   2.4667e+02   2.1604e+02   2.1002e+02   2.2586e+02   2.8162e+02   2.9206e+02   3.1443e+02
          nan   2.8191e+02   3.0189e+02   2.9154e+02   2.9539e+02   2.9172e+02   2.9504e+02   3.0456e+02   3.1697e+02   3.1128e+02
          nan   2.3163e+02   2.3343e+02   2.3569e+02   2.3276e+02   2.4657e+02   2.5598e+02   2.4403e+02   2.3956e+02   2.5646e+02
          nan   1.3744e+02   1.6677e+02   1.9027e+02   2.2691e+02   2.1063e+02   2.1133e+02   2.1094e+02   1.9624e+02   1.9748e+02
          nan   1.0761e+02   2.3789e+02   1.7997e+02   1.6580e+02   1.7889e+02   1.7218e+02   1.6796e+02   1.6002e+02   1.6596e+02
          nan   1.8837e+02   1.9047e+02   1.9336e+02   1.8535e+02   1.6724e+02   1.8085e+02   1.7993e+02   1.8365e+02   1.7652e+02
          nan   1.5040e+02   1.3499e+02   1.4750e+02   1.3966e+02   1.3522e+02   1.4832e+02   1.4145e+02   1.4032e+02   1.4051e+02
          nan   1.5567e+02   1.5907e+02   1.3456e+02   1.3426e+02   1.3355e+02   1.3647e+02   1.3515e+02   1.3171e+02   1.2665e+02
          nan   1.1236e+02   1.2311e+02   1.0600e+02   1.0874e+02   1.2704e+02   1.2241e+02   1.2082e+02   1.2107e+02   1.2115e+02
          nan   1.3892e+02   1.4380e+02   1.3879e+02   1.3170e+02   1.2612e+02   1.2018e+02   1.1623e+02   1.1486e+02   1.0781e+02
          nan   1.4324e+02   1.2435e+02   1.1682e+02   1.2503e+02   1.2284e+02   1.1333e+02   1.1127e+02   1.0944e+02   1.1029e+02
          nan   1.5804e+02   1.2518e+02   1.1219e+02   1.0271e+02   1.0558e+02   1.0532e+02   1.0449e+02   1.0632e+02   1.0599e+02
          nan   4.8508e+01   6.2432e+01   8.4995e+01   9.5670e+01   9.0370e+01   9.0384e+01   9.0112e+01   8.9056e+01   8.7455e+01
          nan   8.5828e+01   8.1887e+01   8.3113e+01   8.6085e+01   8.1198e+01   8.0423e+01   8.0300e+01   8.1280e+01   7.9516e+01
          nan   6.0165e+01   6.4541e+01   7.1418e+01   7.2812e+01   7.2707e+01   7.1136e+01   7.4231e+01   7.2074e+01   7.5595e+01
          nan   6.8363e+01   7.5311e+01   7.8239e+01   7.5436e+01   7.6128e+01   7.6619e+01   7.5239e+01   7.9103e+01   7.7654e+01
          nan   5.5864e+01   6.5807e+01   6.2952e+01   6.2248e+01   6.6707e+01   6.6640e+01   6.6080e+01   6.5281e+01   6.7333e+01
          nan   6.0520e+01   5.9634e+01   5.7138e+01   5.7039e+01   5.8403e+01   5.5765e+01   5.6845e+01   5.7338e+01   5.5874e+01
          nan   6.3743e+01   5.9505e+01   5.5714e+01   5.1958e+01   5.3737e+01   5.6237e+01   6.1050e+01   6.2377e+01   6.2152e+01
          nan   5.9852e+01   5.6555e+01   5.4031e+01   5.2915e+01   5.6863e+01   5.7663e+01   5.5800e+01   5.5474e+01   5.5987e+01
          nan   3.8719e+01   3.9907e+01   4.3683e+01   4.4729e+01   4.2651e+01   4.4026e+01   4.6155e+01   4.5104e+01   4.4372e+01
          nan   4.8399e+01   5.0284e+01   4.5505e+01   4.7441e+01   4.4098e+01   4.3625e+01   4.5112e+01   4.6412e+01   4.6154e+01
          nan   3.7128e+01   4.3202e+01   4.1998e+01   4.4746e+01   4.4814e+01   4.4065e+01   4.4465e+01   4.4090e+01   4.4117e+01
          nan   3.6005e+01   4.6172e+01   4.2000e+01   4.2659e+01   4.4322e+01   4.2678e+01   4.2312e+01   4.1313e+01   4.1642e+01
          nan   4.7326e+01   4.8502e+01   4.5790e+01   4.3065e+01   4.1985e+01   4.1775e+01   4.1479e+01   4.0827e+01   4.1260e+01
          nan   3.2994e+01   3.7473e+01   3.7624e+01   3.7792e+01   3.7225e+01   3.7361e+01   3.7183e+01   3.8494e+01   3.8205e+01
            0            0            0            0            0            0            0            0            0            0
            0            0            0            0            0            0            0            0            0            0
            0            0            0            0            0            0            0            0            0            0
            0            0            0            0            0            0            0            0            0            0
            0            0            0            0            0            0            0            0            0            0
            0            0            0            0            0            0            0            0            0            0
            0            0            0            0            0            0            0            0            0            0
            0            0            0            0            0            0            0            0            0            0
            0            0            0            0            0            0            0            0            0            0
            0            0            0            0            0            0            0            0            0            0
            0            0            0            0            0            0            0            0            0            0
            0            0            0            0            0            0            0            0            0            0
            0            0            0            0            0            0            0            0            0            0
            0            0            0            0            0            0            0            0            0            0
            0            0            0            0            0            0            0            0            0            0
            0            0            0            0            0            0            0            0            0            0
            0            0            0            0            0            0            0            0            0            0
            0            0            0            0            0            0            0            0            0            0
            0            0            0            0            0            0            0            0            0            0
            0            0            0            0            0            0            0            0            0            0
            0            0            0            0            0            0            0            0            0            0
            0            0            0            0            0            0            0            0            0            0
            0            0            0            0            0            0            0            0            0            0
            0            0            0            0            0            0            0            0            0            0
            0            0            0            0            0            0            0            0            0            0
            0            0            0            0            0            0            0            0            0            0
            0            0            0            0            0            0            0            0            0            0
            0            0            0            0            0            0            0            0            0            0
            0            0            0            0            0            0            0            0            0            0
            0            0            0            0            0            0            0            0            0            0

            0            0            0            0            0            0            0            0            0            0
            0            0            0            0            0            0            0            0            0            0
            0            0            0            0            0            0            0            0            0            0
            0            0            0            0            0            0            0            0            0            0
            0            0            0            0            0            0            0            0            0            0
            0            0            0            0            0            0            0            0            0            0
            0            0            0            0            0            0            0            0            0            0
            0            0            0            0            0            0            0            0            0            0
            0            0            0            0            0            0            0            0            0            0
            0            0            0            0            0            0            0            0            0            0
            0            0            0            0            0            0            0            0            0            0
            0            0            0            0            0            0            0            0            0            0
            0            0            0            0            0            0            0            0            0            0
            0            0            0            0            0            0            0            0            0            0
            0            0            0            0            0            0            0            0            0            0
            0            0            0            0            0            0            0            0            0            0
            0            0            0            0            0            0            0            0            0            0
            0            0            0            0            0            0            0            0            0            0
            0            0            0            0            0            0            0            0            0            0
            0            0            0            0            0            0            0            0            0            0
            0            0            0            0            0            0            0            0            0            0
            0            0            0            0            0            0            0            0            0            0
            0            0            0            0            0            0            0            0            0            0
            0            0            0            0            0            0            0            0            0            0
            0            0            0            0            0            0            0            0            0            0
            0            0            0            0            0            0            0            0            0            0
            0            0            0            0            0            0            0            0            0            0
            0            0            0            0            0            0            0            0            0            0
            0            0            0            0            0            0            0            0            0            0
            0            0            0            0            0            0            0            0            0            0
            0            0            0            0            0            0            0            0            0            0
            0            0            0            0            0            0            0            0            0            0
            0            0            0            0            0            0            0            0            0            0
            0            0            0            0            0            0            0            0            0            0
            0            0            0            0            0            0            0            0            0            0
            0            0            0            0            0            0            0            0            0            0
            0            0            0            0            0            0            0            0            0            0
            0            0            0            0            0            0            0            0            0            0
            0            0            0            0            0            0            0            0            0            0
            0            0            0            0            0            0            0            0            0            0
            0            0            0            0            0            0            0            0            0            0
            0            0            0            0            0            0            0            0            0            0
            0            0            0            0            0            0            0            0            0            0
            0            0            0            0            0            0            0            0            0            0
            0            0            0            0            0            0            0            0            0            0
            0            0            0            0            0            0            0            0            0            0
            0            0            0            0            0            0            0            0            0            0
            0            0            0            0            0            0            0            0            0            0
            0            0            0            0            0            0            0            0            0            0
            0            0            0            0            0            0            0            0            0            0
            0            0            0            0            0            0            0            0            0            0
            0            0            0            0            0            0            0            0            0            0
            0            0            0            0            0            0            0            0            0            0
            0            0            0            0            0            0            0            0            0            0
            0            0            0            0            0            0            0            0            0            0
            0            0            0            0            0            0            0            0            0            0
            0            0            0            0            0            0            0            0            0            0
            0            0            0            0            0            0            0            0            0            0
            0            0            0            0            0            0            0            0            0            0
            0            0            0            0            0            0            0            0            0            0
          nan   1.0052e+02   1.2395e+02   1.1093e+02   1.0564e+02   1.0158e+02   1.0512e+02   1.1076e+02   1.1783e+02   1.1998e+02
          nan   6.4414e+01   7.5003e+01   1.0268e+02   1.1209e+02   1.2267e+02   1.2984e+02   1.3112e+02   1.3582e+02   1.3315e+02
          nan   1.0439e+02   1.1477e+02   1.2156e+02   1.3189e+02   1.3578e+02   1.4027e+02   1.3939e+02   1.3855e+02   1.3371e+02
          nan   5.5891e+01   5.6720e+01   7.6540e+01   7.9704e+01   8.4924e+01   9.4165e+01   9.2322e+01   9.4580e+01   9.1351e+01
          nan   3.5782e+01   6.8484e+01   8.7847e+01   8.3938e+01   7.7945e+01   7.7365e+01   8.6635e+01   8.5105e+01   8.7704e+01
          nan   7.9316e+01   8.8222e+01   8.7102e+01   8.7553e+01   8.6478e+01   8.4121e+01   8.6846e+01   8.9120e+01   9.0630e+01
          nan   7.2921e+01   8.1105e+01   7.0480e+01   7.0720e+01   7.5145e+01   7.1974e+01   7.0005e+01   7.0312e+01   7.6232e+01
          nan   5.5375e+01   6.3498e+01   6.8325e+01   8.0835e+01   7.4775e+01   7.5547e+01   7.5132e+01   7.1869e+01   7.0631e+01
          nan   3.8195e+01   7.3772e+01   6.7231e+01   6.1824e+01   6.2925e+01   6.1145e+01   5.8992e+01   5.6462e+01   5.6938e+01
          nan   5.5263e+01   5.6605e+01   5.8250e+01   5.6878e+01   5.3918e+01   5.7780e+01   5.8514e+01   6.0873e+01   6.0021e+01
          nan   4.4789e+01   5.3124e+01   5.3112e+01   4.8533e+01   4.7482e+01   4.9850e+01   4.8440e+01   4.9754e+01   4.9249e+01
          nan   5.5512e+01   5.1075e+01   4.7865e+01   4.7151e+01   4.6197e+01   4.5515e+01   4.5393e+01   4.3904e+01   4.2757e+01
          nan   2.7703e+01   3.4400e+01   3.4545e+01   3.7478e+01   4.3002e+01   4.1194e+01   4.0107e+01   4.0122e+01   4.0521e+01
          nan   4.3695e+01   4.4426e+01   4.3829e+01   4.1306e+01   3.9804e+01   3.8292e+01   3.7662e+01   3.7961e+01   3.7054e+01
          nan   5.1117e+01   4.4668e+01   4.2371e+01   4.3001e+01   4.1717e+01   3.9640e+01   3.8945e+01   3.8477e+01   3.8771e+01
          nan   4.9125e+01   4.2283e+01   3.9961e+01   3.5414e+01   3.7312e+01   3.7140e+01   3.6308e+01   3.6736e+01   3.6157e+01
          nan   1.5611e+01   2.0697e+01   2.9735e+01   3.4071e+01   3.2717e+01   3.2598e+01   3.2601e+01   3.2354e+01   3.1651e+01
          nan   3.3795e+01   2.8709e+01   2.9609e+01   3.0361e+01   2.8740e+01   2.8531e+01   2.7808e+01   2.8374e+01   2.8075e+01
          nan   2.7866e+01   2.4844e+01   2.5865e+01   2.6207e+01   2.5207e+01   2.4468e+01   2.5412e+01   2.4638e+01   2.5595e+01
          nan   2.0797e+01   2.7095e+01   2.6318e+01   2.5967e+01   2.6207e+01   2.6109e+01   2.5719e+01   2.6864e+01   2.6566e+01
          nan   1.7444e+01   2.1119e+01   2.2025e+01   2.1116e+01   2.2712e+01   2.2817e+01   2.3002e+01   2.2610e+01   2.3072e+01
          nan   2.3932e+01   2.2504e+01   2.2011e+01   2.1206e+01   2.1641e+01   2.0881e+01   2.1180e+01   2.1062e+01   2.0597e+01
          nan   2.3116e+01   2.2589e+01   2.0726e+01   1.9172e+01   1.9448e+01   1.9741e+01   2.1609e+01   2.2390e+01   2.2090e+01
          nan   1.9965e+01   1.9120e+01   1.8597e+01   1.8087e+01   1.9445e+01   1.9744e+01   1.9337e+01   1.9091e+01   1.9270e+01
          nan   1.4184e+01   1.4435e+01   1.5321e+01   1.5454e+01   1.5001e+01   1.5459e+01   1.5899e+01   1.5476e+01   1.5468e+01
          nan   1.8310e+01   1.8236e+01   1.6924e+01   1.7257e+01   1.6459e+01   1.6114e+01   1.6799e+01   1.6970e+01   1.6836e+01
          nan   1.2790e+01   1.5710e+01   1.4769e+01   1.5777e+01   1.5829e+01   1.5533e+01   1.5364e+01   1.5353e+01   1.5288e+01
          nan   1.4045e+01   1.7409e+01   1.5440e+01   1.5453e+01   1.6004e+01   1.5529e+01   1.5467e+01   1.5058e+01   1.5175e+01
          nan   1.6144e+01   1.6315e+01   1.6031e+01   1.5456e+01   1.4720e+01   1.4748e+01   1.4804e+01   1.4539e+01   1.4838e+01
          nan   1.2665e+01   1.4531e+01   1.4166e+01   1.3970e+01   1.3784e+01   1.3819e+01   1.3787e+01   1.4209e+01   1.3908e+01
            0            0            0            0            0            0            0            0            0            0
            0            0            0            0            0            0            0            0            0            0
            0            0            0            0            0            0            0            0            0            0
            0            0            0            0            0            0            0            0            0            0
            0            0            0            0            0            0            0            0            0            0
            0            0            0            0            0            0            0            0            0            0
            0            0            0            0            0            0            0            0            0            0
            0            0            0            0            0            0            0            0            0            0
            0            0            0            0            0            0            0            0            0            0
            0            0            0            0            0            0            0            0            0            0
            0            0            0            0            0            0            0            0            0            0
            0            0            0            0            0            0            0            0            0            0
            0            0            0            0            0            0            0            0            0            0
            0            0            0            0            0            0            0            0            0            0
            0            0            0            0            0            0            0            0            0            0
            0            0            0            0            0            0            0            0            0            0
            0            0            0            0            0            0            0            0            0            0
            0            0            0            0            0            0            0            0            0            0
            0            0            0            0            0            0            0            0            0            0
            0            0            0            0            0            0            0            0            0            0
            0            0            0            0            0            0            0            0            0            0
            0            0            0            0            0            0            0            0            0            0
            0            0            0            0            0            0            0            0            0            0
            0            0            0            0            0            0            0            0            0            0
            0            0            0            0            0            0            0            0            0            0
            0            0            0            0            0            0            0            0            0            0
            0            0            0            0            0            0            0            0            0            0
            0            0            0            0            0            0            0            0            0            0
            0            0            0            0            0            0            0            0            0            0
            0            0            0            0            0            0            0            0            0            0

        0        0        0        0        0        0        0        0        0        0
        0        0        0        0        0        0        0        0        0        0
        0        0        0        0        0        0        0        0        0        0
        0        0        0        0        0        0        0        0        0        0
        0        0        0        0        0        0        0        0        0        0
        0        0        0        0        0        0        0        0        0        0
        0        0        0        0        0        0        0        0        0        0
        0        0        0        0        0        0        0        0        0        0
        0        0        0        0        0        0        0        0        0        0
        0        0        0        0        0        0        0        0        0        0
        0        0        0        0        0        0        0        0        0        0
        0        0        0        0        0        0        0        0        0        0
        0        0        0        0        0        0        0        0        0        0
        0        0        0        0        0        0        0        0        0        0
        0        0        0        0        0        0        0        0        0        0
        0        0        0        0        0        0        0        0        0        0
        0        0        0        0        0        0        0        0        0        0
        0        0        0        0        0        0        0        0        0        0
        0        0        0        0        0        0        0        0        0        0
        0        0        0        0        0        0        0        0        0        0
        0        0        0        0        0        0        0        0        0        0
        0        0        0        0        0        0        0        0        0        0
        0        0        0        0        0        0        0        0        0        0
        0        0        0        0        0        0        0        0        0        0
        0        0        0        0        0        0        0        0        0        0
        0        0        0        0        0        0        0        0        0        0
        0        0        0        0        0        0        0        0        0        0
        0        0        0        0        0        0        0        0        0        0
        0        0        0        0        0        0        0        0        0        0
        0        0        0        0        0        0        0        0        0        0
        0        0        0        0        0        0        0        0        0        0
        0        0        0        0        0        0        0        0        0        0
        0        0        0        0        0        0        0        0        0        0
        0        0        0        0        0        0        0        0        0        0
        0        0        0        0        0        0        0        0        0        0
        0        0        0        0        0        0        0        0        0        0
        0        0        0        0        0        0        0        0        0        0
        0        0        0        0        0        0        0        0        0        0
        0        0        0        0        0        0        0        0        0        0
        0        0        0        0        0        0        0        0        0        0
        0        0        0        0        0        0        0        0        0        0
        0        0        0        0        0        0        0        0        0        0
        0        0        0        0        0        0        0        0        0        0
        0        0        0        0        0        0        0        0        0        0
        0        0        0        0        0        0        0        0        0        0
        0        0        0        0        0        0        0        0        0        0
        0        0        0        0        0        0        0        0        0        0
        0        0        0        0        0        0        0        0        0        0
        0        0        0        0        0        0        0        0        0        0
        0        0        0        0        0        0        0        0        0        0
        0        0        0        0        0        0        0        0        0        0
        0        0        0        0        0        0        0        0        0        0
        0        0        0        0        0        0        0        0        0        0
        0        0        0        0        0        0        0        0        0        0
        0        0        0        0        0        0        0        0        0        0
        0        0        0        0        0        0        0        0        0        0
        0        0        0        0        0        0        0        0        0        0
        0        0        0        0        0        0        0        0        0        0
        0        0        0        0        0        0        0        0        0        0
        0        0        0        0        0        0        0        0        0        0
      inf   0.4428   0.3361   0.2997   0.2812   0.2702   0.2624   0.2562   0.2525   0.2499
      inf   0.4506   0.3378   0.3020   0.2834   0.2720   0.2650   0.2598   0.2561   0.2531
      inf   0.4665   0.3501   0.3107   0.2903   0.2790   0.2707   0.2647   0.2607   0.2578
      inf   0.4745   0.3559   0.3162   0.2965   0.2845   0.2761   0.2706   0.2659   0.2629
      inf   0.4817   0.3604   0.3195   0.2997   0.2882   0.2801   0.2739   0.2695   0.2660
      inf   0.4828   0.3614   0.3220   0.3019   0.2902   0.2822   0.2763   0.2717   0.2684
      inf   0.4910   0.3680   0.3272   0.3070   0.2945   0.2863   0.2805   0.2762   0.2725
      inf   0.4970   0.3738   0.3316   0.3104   0.2982   0.2900   0.2840   0.2797   0.2764
      inf   0.5029   0.3762   0.3356   0.3147   0.3023   0.2940   0.2880   0.2837   0.2799
      inf   0.5079   0.3811   0.3386   0.3173   0.3049   0.2964   0.2903   0.2857   0.2822
      inf   0.5116   0.3843   0.3417   0.3205   0.3081   0.2996   0.2937   0.2892   0.2857
      inf   0.5181   0.3882   0.3452   0.3238   0.3111   0.3024   0.2964   0.2918   0.2883
      inf   0.5236   0.3931   0.3497   0.3276   0.3144   0.3058   0.2996   0.2951   0.2914
      inf   0.5300   0.3971   0.3528   0.3309   0.3176   0.3088   0.3026   0.2979   0.2943
      inf   0.5329   0.3996   0.3556   0.3332   0.3201   0.3114   0.3050   0.3003   0.2967
      inf   0.5383   0.4043   0.3596   0.3371   0.3235   0.3146   0.3085   0.3036   0.2999
      inf   0.5441   0.4085   0.3627   0.3398   0.3266   0.3176   0.3112   0.3063   0.3025
      inf   0.5493   0.4120   0.3663   0.3431   0.3296   0.3205   0.3141   0.3091   0.3054
      inf   0.5535   0.4157   0.3691   0.3462   0.3324   0.3233   0.3166   0.3117   0.3078
      inf   0.5579   0.4185   0.3719   0.3488   0.3349   0.3255   0.3190   0.3140   0.3102
      inf   0.5640   0.4230   0.3757   0.3523   0.3383   0.3287   0.3220   0.3170   0.3131
      inf   0.5680   0.4260   0.3788   0.3551   0.3411   0.3315   0.3247   0.3196   0.3157
      inf   0.5727   0.4294   0.3819   0.3580   0.3435   0.3339   0.3271   0.3220   0.3180
      inf   0.5768   0.4330   0.3849   0.3608   0.3462   0.3367   0.3299   0.3248   0.3208
      inf   0.5811   0.4362   0.3878   0.3636   0.3492   0.3394   0.3325   0.3274   0.3233
      inf   0.5860   0.4399   0.3911   0.3665   0.3520   0.3422   0.3352   0.3299   0.3258
      inf   0.5894   0.4422   0.3934   0.3685   0.3537   0.3439   0.3369   0.3318   0.3277
      inf   0.5947   0.4460   0.3968   0.3719   0.3569   0.3471   0.3400   0.3347   0.3305
      inf   0.5977   0.4486   0.3991   0.3742   0.3592   0.3492   0.3422   0.3369   0.3327
      inf   0.6027   0.4521   0.4020   0.3769   0.3618   0.3518   0.3447   0.3392   0.3351
        0        0        0        0        0        0        0        0        0        0
        0        0        0        0        0        0        0        0        0        0
        0        0        0        0        0        0        0        0        0        0
        0        0        0        0        0        0        0        0        0        0
        0        0        0        0        0        0        0        0        0        0
        0        0        0        0        0        0        0        0        0        0
        0        0        0        0        0        0        0        0        0        0
        0        0        0        0        0        0        0        0        0        0
        0        0        0        0        0        0        0        0        0        0
        0        0        0        0        0        0        0        0        0        0
        0        0        0        0        0        0        0        0        0        0
        0        0        0        0        0        0        0        0        0        0
        0        0        0        0        0        0        0        0        0        0
        0        0        0        0        0        0        0        0        0        0
        0        0        0        0        0        0        0        0        0        0
        0        0        0        0        0        0        0        0        0        0
        0        0        0        0        0        0        0        0        0        0
        0        0        0        0        0        0        0        0        0        0
        0        0        0        0        0        0        0        0        0        0
        0        0        0        0        0        0        0        0        0        0
        0        0        0        0        0        0        0        0        0        0
        0        0        0        0        0        0        0        0        0        0
        0        0        0        0        0        0        0        0        0        0
        0        0        0        0        0        0        0        0        0        0
        0        0        0        0        0        0        0        0        0        0
        0        0        0        0        0        0        0        0        0        0
        0        0        0        0        0        0        0        0        0        0
        0        0        0        0        0        0        0        0        0        0
        0        0        0        0        0        0        0        0        0        0
        0        0        0        0        0        0        0        0        0        0

