   2.0000
   2.0050
   2.0100
   2.0150
   2.0200
   2.0250
   2.0300
   2.0350
   2.0400
   2.0450
   2.0500
   2.0550
   2.0600
   2.0650
   2.0700
   2.0750
   2.0800
   2.0850
   2.0900
   2.0950
   2.1000
   2.1050
   2.1100
   2.1150
   2.1200
   2.1250
   2.1300
   2.1350
   2.1400
   2.1450
   2.1500
   2.1550
   2.1600
   2.1650
   2.1700
   2.1750
   2.1800
   2.1850
   2.1900
   2.1950
   2.2000
   2.2050
   2.2100
   2.2150
   2.2200
   2.2250
   2.2300
   2.2350
   2.2400
   2.2450
   2.2500
   2.2550
   2.2600
   2.2650
   2.2700
   2.2750
   2.2800
   2.2850
   2.2900
   2.2950
   2.3000
   2.3050
   2.3100
   2.3150
   2.3200
   2.3250
   2.3300
   2.3350
   2.3400
   2.3450
   2.3500
   2.3550
   2.3600
   2.3650
   2.3700
   2.3750
   2.3800
   2.3850
   2.3900
   2.3950
   2.4000
   2.4050
   2.4100
   2.4150
   2.4200
   2.4250
   2.4300
   2.4350
   2.4400
   2.4450
   2.4500
   2.4550
   2.4600
   2.4650
   2.4700
   2.4750
   2.4800
   2.4850
   2.4900
   2.4950
   2.5000
   2.5050
   2.5100
   2.5150
   2.5200
   2.5250
   2.5300
   2.5350
   2.5400
   2.5450
   2.5500
   2.5550
   2.5600
   2.5650
   2.5700
   2.5750
   2.5800
   2.5850
   2.5900
   2.5950

        0        0        0        0        0        0        0        0        0        0
        0        0        0        0        0        0        0        0        0        0
        0        0        0        0        0        0        0        0        0        0
        0        0        0        0        0        0        0        0        0        0
        0        0        0        0        0        0        0        0        0        0
        0        0        0        0        0        0        0        0        0        0
        0        0        0        0        0        0        0        0        0        0
        0        0        0        0        0        0        0        0        0        0
        0        0        0        0        0        0        0        0        0        0
        0        0        0        0        0        0        0        0        0        0
        0        0        0        0        0        0        0        0        0        0
        0        0        0        0        0        0        0        0        0        0
        0        0        0        0        0        0        0        0        0        0
        0        0        0        0        0        0        0        0        0        0
        0        0        0        0        0        0        0        0        0        0
        0        0        0        0        0        0        0        0        0        0
        0        0        0        0        0        0        0        0        0        0
        0        0        0        0        0        0        0        0        0        0
        0        0        0        0        0        0        0        0        0        0
        0        0        0        0        0        0        0        0        0        0
        0        0        0        0        0        0        0        0        0        0
        0        0        0        0        0        0        0        0        0        0
        0        0        0        0        0        0        0        0        0        0
        0        0        0        0        0        0        0        0        0        0
        0        0        0        0        0        0        0        0        0        0
        0        0        0        0        0        0        0        0        0        0
        0        0        0        0        0        0        0        0        0        0
        0        0        0        0        0        0        0        0        0        0
        0        0        0        0        0        0        0        0        0        0
        0        0        0        0        0        0        0        0        0        0
        0        0        0        0        0        0        0        0        0        0
        0        0        0        0        0        0        0        0        0        0
        0        0        0        0        0        0        0        0        0        0
        0        0        0        0        0        0        0        0        0        0
        0        0        0        0        0        0        0        0        0        0
        0        0        0        0        0        0        0        0        0        0
        0        0        0        0        0        0        0        0        0        0
        0        0        0        0        0        0        0        0        0        0
        0        0        0        0        0        0        0        0        0        0
        0        0        0        0        0        0        0        0        0        0
        0        0        0        0        0        0        0        0        0        0
        0        0        0        0        0        0        0        0        0        0
        0        0        0        0        0        0        0        0        0        0
        0        0        0        0        0        0        0        0        0        0
        0        0        0        0        0        0        0        0        0        0
        0        0        0        0        0        0        0        0        0        0
        0        0        0        0        0        0        0        0        0        0
        0        0        0        0        0        0        0        0        0        0
        0        0        0        0        0        0        0        0        0        0
        0        0        0        0        0        0        0        0        0        0
        0        0        0        0        0        0        0        0        0        0
        0        0        0        0        0        0        0        0        0        0
        0        0        0        0        0        0        0        0        0        0
        0        0        0        0        0        0        0        0        0        0
        0        0        0        0        0        0        0        0        0        0
        0        0        0        0        0        0        0        0        0        0
        0        0        0        0        0        0        0        0        0        0
        0        0        0        0        0        0        0        0        0        0
        0        0        0        0        0        0        0        0        0        0
        0        0        0        0        0        0        0        0        0        0
        0        0        0        0        0        0        0        0        0        0
        0        0        0        0        0        0        0        0        0        0
        0        0        0        0        0        0        0        0        0        0
        0        0        0        0        0        0        0        0        0        0
        0        0        0        0        0        0        0        0        0        0
        0        0        0        0        0        0        0        0        0        0
        0        0        0        0        0        0        0        0        0        0
        0        0        0        0        0        0        0        0        0        0
        0        0        0        0        0        0        0        0        0        0
        0        0        0        0        0        0        0        0        0        0
        0        0        0        0        0        0        0        0        0        0
        0        0        0        0        0        0        0        0        0        0
        0        0        0        0        0        0        0        0        0        0
        0        0        0        0        0        0        0        0        0        0
        0        0        0        0        0        0        0        0        0        0
        0        0        0        0        0        0        0        0        0        0
        0        0        0        0        0        0        0        0        0        0
        0        0        0        0        0        0        0        0        0        0
        0        0        0        0        0        0        0        0        0        0
        0        0        0        0        0        0        0        0        0        0
        0        0        0        0        0        0        0        0        0        0
        0        0        0        0        0        0        0        0        0        0
        0        0        0        0        0        0        0        0        0        0
        0        0        0        0        0        0        0        0        0        0
        0        0        0        0        0        0        0        0        0        0
        0        0        0        0        0        0        0        0        0        0
        0        0        0        0        0        0        0        0        0        0
        0        0        0        0        0        0        0        0        0        0
        0        0        0        0        0        0        0        0        0        0
        0        0        0        0        0        0        0        0        0        0
     -inf  -1.1608  -1.1453  -1.1453  -1.1498  -1.1438  -1.1421  -1.1433  -1.1418  -1.1486
     -inf  -1.1888  -1.1596  -1.1537  -1.1445  -1.1370  -1.1413  -1.1474  -1.1470  -1.1442
     -inf  -1.1930  -1.1937  -1.1873  -1.1860  -1.1858  -1.1786  -1.1662  -1.1617  -1.1597
     -inf  -1.1419  -1.1359  -1.1384  -1.1443  -1.1418  -1.1360  -1.1344  -1.1293  -1.1249
     -inf  -1.1411  -1.1148  -1.1242  -1.1265  -1.1189  -1.1196  -1.1264  -1.1250  -1.1235
     -inf  -1.1007  -1.1070  -1.1262  -1.1321  -1.1229  -1.1308  -1.1284  -1.1345  -1.1351
     -inf  -1.1413  -1.1416  -1.1353  -1.1325  -1.1192  -1.1134  -1.1126  -1.1178  -1.1205
     -inf  -1.1355  -1.1279  -1.1296  -1.1284  -1.1284  -1.1303  -1.1316  -1.1279  -1.1257
     -inf  -1.1105  -1.1232  -1.1214  -1.1222  -1.1128  -1.1174  -1.1198  -1.1222  -1.1226
     -inf  -1.1286  -1.1242  -1.1215  -1.1146  -1.1118  -1.1088  -1.1076  -1.1071  -1.1075
     -inf  -1.1669  -1.1382  -1.1296  -1.1161  -1.1095  -1.1075  -1.1084  -1.1118  -1.1146
     -inf  -1.0955  -1.0769  -1.0849  -1.0864  -1.0851  -1.0882  -1.0919  -1.0909  -1.0862
     -inf  -1.0611  -1.0573  -1.0564  -1.0567  -1.0605  -1.0615  -1.0711  -1.0751  -1.0747
     -inf  -1.1097  -1.0873  -1.1020  -1.1027  -1.1004  -1.0989  -1.0926  -1.0912  -1.0888
     -inf  -1.1040  -1.0817  -1.0824  -1.0836  -1.0855  -1.0867  -1.0843  -1.0844  -1.0840
     -inf  -1.0663  -1.0897  -1.0928  -1.0913  -1.0827  -1.0832  -1.0825  -1.0773  -1.0795
     -inf  -1.0461  -1.0401  -1.0451  -1.0530  -1.0558  -1.0597  -1.0618  -1.0643  -1.0650
     -inf  -1.1152  -1.0947  -1.0898  -1.0959  -1.0981  -1.0929  -1.0941  -1.0971  -1.0956
     -inf  -1.0818  -1.0651  -1.0619  -1.0677  -1.0732  -1.0718  -1.0734  -1.0674  -1.0668
     -inf  -1.1234  -1.0862  -1.0857  -1.0777  -1.0769  -1.0766  -1.0725  -1.0713  -1.0736
     -inf  -1.0569  -1.0721  -1.0806  -1.0779  -1.0680  -1.0642  -1.0645  -1.0624  -1.0591
     -inf  -1.0528  -1.0624  -1.0685  -1.0601  -1.0536  -1.0508  -1.0490  -1.0538  -1.0651
     -inf  -1.0492  -1.0606  -1.0754  -1.0652  -1.0624  -1.0635  -1.0565  -1.0560  -1.0548
     -inf  -1.0452  -1.0444  -1.0620  -1.0536  -1.0474  -1.0452  -1.0473  -1.0467  -1.0472
     -inf  -1.0447  -1.0456  -1.0419  -1.0505  -1.0515  -1.0471  -1.0480  -1.0493  -1.0496
     -inf  -1.0611  -1.0397  -1.0416  -1.0368  -1.0419  -1.0479  -1.0477  -1.0444  -1.0401
     -inf  -1.0211  -1.0162  -1.0209  -1.0262  -1.0218  -1.0191  -1.0219  -1.0223  -1.0268
     -inf  -1.0685  -1.0632  -1.0624  -1.0614  -1.0601  -1.0578  -1.0577  -1.0599  -1.0586
     -inf  -1.0722  -1.0679  -1.0567  -1.0557  -1.0492  -1.0522  -1.0503  -1.0455  -1.0445
     -inf  -1.0225  -1.0285  -1.0259  -1.0222  -1.0287  -1.0350  -1.0331  -1.0331  -1.0355

            0            0            0            0            0            0            0            0            0            0
            0            0            0            0            0            0            0            0            0            0
            0            0            0            0            0            0            0            0            0            0
            0            0            0            0            0            0            0            0            0            0
            0            0            0            0            0            0            0            0            0            0
            0            0            0            0            0            0            0            0            0            0
            0            0            0            0            0            0            0            0            0            0
            0            0            0            0            0            0            0            0            0            0
            0            0            0            0            0            0            0            0            0            0
            0            0            0            0            0            0            0            0            0            0
            0            0            0            0            0            0            0            0            0            0
            0            0            0            0            0            0            0            0            0            0
            0            0            0            0            0            0            0            0            0            0
            0            0            0            0            0            0            0            0            0            0
            0            0            0            0            0            0            0            0            0            0
            0            0            0            0            0            0            0            0            0            0
            0            0            0            0            0            0            0            0            0            0
            0            0            0            0            0            0            0            0            0            0
            0            0            0            0            0            0            0            0            0            0
            0            0            0            0            0            0            0            0            0            0
            0            0            0            0            0            0            0            0            0            0
            0            0            0            0            0            0            0            0            0            0
            0            0            0            0            0            0            0            0            0            0
            0            0            0            0            0            0            0            0            0            0
            0            0            0            0            0            0            0            0            0            0
            0            0            0            0            0            0            0            0            0            0
            0            0            0            0            0            0            0            0            0            0
            0            0            0            0            0            0            0            0            0            0
            0            0            0            0            0            0            0            0            0            0
            0            0            0            0            0            0            0            0            0            0
            0            0            0            0            0            0            0            0            0            0
            0            0            0            0            0            0            0            0            0            0
            0            0            0            0            0            0            0            0            0            0
            0            0            0            0            0            0            0            0            0            0
            0            0            0            0            0            0            0            0            0            0
            0            0            0            0            0            0            0            0            0            0
            0            0            0            0            0            0            0            0            0            0
            0            0            0            0            0            0            0            0            0            0
            0            0            0            0            0            0            0            0            0            0
            0            0            0            0            0            0            0            0            0            0
            0            0            0            0            0            0            0            0            0            0
            0            0            0            0            0            0            0            0            0            0
            0            0            0            0            0            0            0            0            0            0
            0            0            0            0            0            0            0            0            0            0
            0            0            0            0            0            0            0            0            0            0
            0            0            0            0            0            0            0            0            0            0
            0            0            0            0            0            0            0            0            0            0
            0            0            0            0            0            0            0            0            0            0
            0            0            0            0            0            0            0            0            0            0
            0            0            0            0            0            0            0            0            0            0
            0            0            0            0            0            0            0            0            0            0
            0            0            0            0            0            0            0            0            0            0
            0            0            0            0            0            0            0            0            0            0
            0            0            0            0            0            0            0            0            0            0
            0            0            0            0            0            0            0            0            0            0
            0            0            0            0            0            0            0            0            0            0
            0            0            0            0            0            0            0            0            0            0
            0            0            0            0            0            0            0            0            0            0
            0            0            0            0            0            0            0            0            0            0
            0            0            0            0            0            0            0            0            0            0
            0            0            0            0            0            0            0            0            0            0
            0            0            0            0            0            0            0            0            0            0
            0            0            0            0            0            0            0            0            0            0
            0            0            0            0            0            0            0            0            0            0
            0            0            0            0            0            0            0            0            0            0
            0            0            0            0            0            0            0            0            0            0
            0            0            0            0            0            0            0            0            0            0
            0            0            0            0            0            0            0            0            0            0
            0            0            0            0            0            0            0            0            0            0
            0            0            0            0            0            0            0            0            0            0
            0            0            0            0            0            0            0            0            0            0
            0            0            0            0            0            0            0            0            0            0
            0            0            0            0            0            0            0            0            0            0
            0            0            0            0            0            0            0            0            0            0
            0            0            0            0            0            0            0            0            0            0
            0            0            0            0            0            0            0            0            0            0
            0            0            0            0            0            0            0            0            0            0
            0            0            0            0            0            0            0            0            0            0
            0            0            0            0            0            0            0            0            0            0
            0            0            0            0            0            0            0            0            0            0
            0            0            0            0            0            0            0            0            0            0
            0            0            0            0            0            0            0            0            0            0
            0            0            0            0            0            0            0            0            0            0
            0            0            0            0            0            0            0            0            0            0
            0            0            0            0            0            0            0            0            0            0
            0            0            0            0            0            0            0            0            0            0
            0            0            0            0            0            0            0            0            0            0
            0            0            0            0            0            0            0            0            0            0
            0            0            0            0            0            0            0            0            0            0
            0            0            0            0            0            0            0            0            0            0
          inf   3.8257e-01   2.3516e-01   1.2080e-01   4.1564e-02   9.1697e-03   2.7386e-03  -1.5399e-02  -3.1240e-02  -7.1823e-02
          inf   4.2724e-01   3.1191e-01   2.1443e-01   1.5661e-01   1.0304e-01   4.7408e-02  -1.4745e-02  -4.0961e-02  -3.9831e-02
          inf   4.0837e-01   3.9261e-01   3.8487e-01   4.0612e-01   4.0493e-01   3.8254e-01   3.4336e-01   2.9488e-01   2.3316e-01
          inf   2.4751e-01   6.2033e-02  -1.0428e-03  -1.4526e-02  -8.2529e-03  -3.3432e-02  -4.8618e-02  -3.5033e-02  -3.0503e-02
          inf   2.3683e-01   1.6552e-01   1.6708e-01   1.8037e-01   1.4426e-01   1.5386e-01   1.8265e-01   1.6353e-01   1.4143e-01
          inf   3.2462e-02  -4.5689e-02  -9.5967e-02  -1.0386e-01  -1.2072e-01  -1.4230e-01  -1.2584e-01  -8.9263e-02  -6.7111e-02
          inf   4.3972e-01   3.8374e-01   3.2987e-01   2.8704e-01   2.2678e-01   1.8850e-01   1.7095e-01   1.7387e-01   1.8510e-01
          inf   1.7180e-01   9.7277e-02   8.9009e-02   8.8761e-03  -4.3829e-02  -7.9721e-02  -9.3734e-02  -8.1992e-02  -9.5730e-02
          inf   2.3841e-01   1.8106e-01   1.9816e-01   1.9618e-01   1.7665e-01   1.8353e-01   1.6047e-01   1.3498e-01   1.1227e-01
          inf   3.5902e-01   3.1341e-01   2.7723e-01   2.4546e-01   2.2205e-01   2.0855e-01   1.7707e-01   1.5447e-01   1.3036e-01
          inf   4.2805e-01   4.0114e-01   3.3584e-01   2.8720e-01   2.5393e-01   2.3813e-01   1.9592e-01   1.4444e-01   8.6701e-02
          inf   1.9120e-01   1.1366e-01   8.8971e-02   1.2064e-01   1.0819e-01   9.9307e-02   1.0365e-01   8.8597e-02   7.4866e-02
          inf   1.7700e-01   1.3637e-01   1.2004e-01   9.7103e-02   1.0234e-01   1.0943e-01   1.3215e-01   1.3405e-01   1.1303e-01
          inf   1.3383e-03   3.4554e-02   7.6480e-03  -6.0043e-03  -9.6997e-03   6.6402e-05  -3.0145e-02  -5.2010e-02  -4.9567e-02
          inf   2.0124e-01   1.7824e-01   1.1191e-01   6.6736e-02   6.8246e-02   7.0111e-02   3.5024e-02   1.8041e-03  -2.1637e-02
          inf   8.5892e-02   1.7048e-01   2.0002e-01   1.6689e-01   1.2257e-01   1.0020e-01   9.8972e-02   9.5253e-02   9.9291e-02
          inf   1.7016e-01   8.6488e-02   3.7593e-02   1.4859e-02   2.5236e-03  -3.2107e-02  -2.9550e-02  -4.5015e-02  -5.4978e-02
          inf   2.9368e-01   2.5568e-01   2.7512e-01   2.7952e-01   2.3918e-01   2.0296e-01   1.9516e-01   1.7625e-01   1.4313e-01
          inf   2.3337e-01   1.2754e-01   7.6406e-02   5.8407e-02  -4.3454e-04  -3.3095e-02  -5.1656e-02  -6.5317e-02  -4.6363e-02
          inf   2.7343e-01   2.2197e-01   1.8752e-01   1.2654e-01   5.4361e-02   2.7261e-02   2.2315e-02   4.3449e-02   6.2698e-02
          inf   2.6237e-01   2.5274e-01   2.5192e-01   2.0492e-01   1.8801e-01   1.5651e-01   1.0032e-01   6.6793e-02   5.8828e-02
          inf   2.6075e-01   2.2123e-01   2.2395e-01   1.9497e-01   1.6352e-01   1.6008e-01   1.4047e-01   1.4465e-01   1.6703e-01
          inf   1.4863e-01   2.0124e-03  -8.9625e-02  -1.1332e-01  -1.0664e-01  -9.5701e-02  -8.9888e-02  -6.7379e-02  -5.8820e-02
          inf   2.7976e-01   2.2542e-01   1.6897e-01   1.3319e-01   1.2180e-01   8.5405e-02   3.3836e-02   2.2782e-02   2.5335e-02
          inf   1.8061e-01   1.4160e-01   1.0711e-01   1.3369e-02  -1.7672e-02  -2.3373e-02  -2.5380e-03  -7.2399e-03  -1.1474e-02
          inf   3.4560e-02  -6.0090e-02  -3.9276e-02  -2.6284e-02  -9.7710e-03  -6.4746e-03  -2.1628e-02  -4.1038e-02  -4.7885e-02
          inf   1.1128e-01   3.6359e-02   8.2681e-02   5.6749e-02   3.4329e-02   3.1710e-02   4.1141e-02   3.8032e-02   1.7382e-02
          inf   2.0049e-01   1.3650e-01   1.5883e-01   2.0323e-01   1.9609e-01   1.5511e-01   1.5548e-01   1.4602e-01   1.1584e-01
          inf   2.6171e-01   2.3834e-01   1.5473e-01   1.6795e-01   1.4843e-01   1.4850e-01   1.4238e-01   1.5495e-01   1.4841e-01
          inf   1.8725e-01   1.3280e-01   7.9501e-02   6.1444e-02   6.6294e-02   9.8381e-02   9.2143e-02   6.7554e-02   4.7813e-02

        0        0        0        0        0        0        0        0        0        0
        0        0        0        0        0        0        0        0        0        0
        0        0        0        0        0        0        0        0        0        0
        0        0        0        0        0        0        0        0        0        0
        0        0        0        0        0        0        0        0        0        0
        0        0        0        0        0        0        0        0        0        0
        0        0        0        0        0        0        0        0        0        0
        0        0        0        0        0        0        0        0        0        0
        0        0        0        0        0        0        0        0        0        0
        0        0        0        0        0        0        0        0        0        0
        0        0        0        0        0        0        0        0        0        0
        0        0        0        0        0        0        0        0        0        0
        0        0        0        0        0        0        0        0        0        0
        0        0        0        0        0        0        0        0        0        0
        0        0        0        0        0        0        0        0        0        0
        0        0        0        0        0        0        0        0        0        0
        0        0        0        0        0        0        0        0        0        0
        0        0        0        0        0        0        0        0        0        0
        0        0        0        0        0        0        0        0        0        0
        0        0        0        0        0        0        0        0        0        0
        0        0        0        0        0        0        0        0        0        0
        0        0        0        0        0        0        0        0        0        0
        0        0        0        0        0        0        0        0        0        0
        0        0        0        0        0        0        0        0        0        0
        0        0        0        0        0        0        0        0        0        0
        0        0        0        0        0        0        0        0        0        0
        0        0        0        0        0        0        0        0        0        0
        0        0        0        0        0        0        0        0        0        0
        0        0        0        0        0        0        0        0        0        0
        0        0        0        0        0        0        0        0        0        0
        0        0        0        0        0        0        0        0        0        0
        0        0        0        0        0        0        0        0        0        0
        0        0        0        0        0        0        0        0        0        0
        0        0        0        0        0        0        0        0        0        0
        0        0        0        0        0        0        0        0        0        0
        0        0        0        0        0        0        0        0        0        0
        0        0        0        0        0        0        0        0        0        0
        0        0        0        0        0        0        0        0        0        0
        0        0        0        0        0        0        0        0        0        0
        0        0        0        0        0        0        0        0        0        0
        0        0        0        0        0        0        0        0        0        0
        0        0        0        0        0        0        0        0        0        0
        0        0        0        0        0        0        0        0        0        0
        0        0        0        0        0        0        0        0        0        0
        0        0        0        0        0        0        0        0        0        0
        0        0        0        0        0        0        0        0        0        0
        0        0        0        0        0        0        0        0        0        0
        0        0        0        0        0        0        0        0        0        0
        0        0        0        0        0        0        0        0        0        0
        0        0        0        0        0        0        0        0        0        0
        0        0        0        0        0        0        0        0        0        0
        0        0        0        0        0        0        0        0        0        0
        0        0        0        0        0        0        0        0        0        0
        0        0        0        0        0        0        0        0        0        0
        0        0        0        0        0        0        0        0        0        0
        0        0        0        0        0        0        0        0        0        0
        0        0        0        0        0        0        0        0        0        0
        0        0        0        0        0        0        0        0        0        0
        0        0        0        0        0        0        0        0        0        0
        0        0        0        0        0        0        0        0        0        0
        0        0        0        0        0        0        0        0        0        0
        0        0        0        0        0        0        0        0        0        0
        0        0        0        0        0        0        0        0        0        0
        0        0        0        0        0        0        0        0        0        0
        0        0        0        0        0        0        0        0        0        0
        0        0        0        0        0        0        0        0        0        0
        0        0        0        0        0        0        0        0        0        0
        0        0        0        0        0        0        0        0        0        0
        0        0        0        0        0        0        0        0        0        0
        0        0        0        0        0        0        0        0        0        0
        0        0        0        0        0        0        0        0        0        0
        0        0        0        0        0        0        0        0        0        0
        0        0        0        0        0        0        0        0        0        0
        0        0        0        0        0        0        0        0        0        0
        0        0        0        0        0        0        0        0        0        0
        0        0        0        0        0        0        0        0        0        0
        0        0        0        0        0        0        0        0        0        0
        0        0        0        0        0        0        0        0        0        0
        0        0        0        0        0        0        0        0        0        0
        0        0        0        0        0        0        0        0        0        0
        0        0        0        0        0        0        0        0        0        0
        0        0        0        0        0        0        0        0        0        0
        0        0        0        0        0        0        0        0        0        0
        0        0        0        0        0        0        0        0        0        0
        0        0        0        0        0        0        0        0        0        0
        0        0        0        0        0        0        0        0        0        0
        0        0        0        0        0        0        0        0        0        0
        0        0        0        0        0        0        0        0        0        0
        0        0        0        0        0        0        0        0        0        0
        0        0        0        0        0        0        0        0        0        0
      inf   0.3826   0.2495   0.2039   0.2020   0.1857   0.1645   0.1587   0.1567   0.1833
      inf   0.4272   0.3119   0.2236   0.1823   0.1683   0.1787   0.2085   0.2105   0.1920
      inf   0.4084   0.3926   0.3849   0.4061   0.4049   0.3825   0.3450   0.3182   0.3118
      inf   0.2475   0.1870   0.1671   0.1437   0.1249   0.1307   0.1320   0.1286   0.1195
      inf   0.2368   0.1680   0.1687   0.1816   0.1552   0.1643   0.1916   0.1854   0.1742
      inf   0.0903   0.1072   0.1370   0.1346   0.1453   0.1628   0.1464   0.1489   0.1446
      inf   0.4397   0.3837   0.3299   0.2888   0.2405   0.2072   0.1902   0.1907   0.2000
      inf   0.1718   0.1131   0.1042   0.1361   0.1598   0.1764   0.1766   0.1589   0.1641
      inf   0.2384   0.1811   0.1982   0.1962   0.1798   0.1862   0.1697   0.1567   0.1499
      inf   0.3590   0.3134   0.2772   0.2455   0.2235   0.2097   0.1869   0.1719   0.1599
      inf   0.4281   0.4011   0.3358   0.2872   0.2551   0.2391   0.2219   0.2211   0.2382
      inf   0.1912   0.1372   0.1344   0.1547   0.1427   0.1324   0.1320   0.1242   0.1167
      inf   0.1770   0.1364   0.1277   0.1159   0.1174   0.1220   0.1429   0.1435   0.1398
      inf   0.0717   0.0808   0.0888   0.0892   0.0806   0.0769   0.0961   0.1097   0.1047
      inf   0.2017   0.1791   0.1582   0.1416   0.1294   0.1297   0.1362   0.1480   0.1548
      inf   0.0927   0.1739   0.2023   0.1702   0.1582   0.1544   0.1459   0.1382   0.1375
      inf   0.1762   0.1254   0.1042   0.1040   0.0986   0.1167   0.1116   0.1168   0.1188
      inf   0.2937   0.2557   0.2751   0.2795   0.2392   0.2086   0.2003   0.1819   0.1775
      inf   0.2338   0.1454   0.1154   0.1026   0.1293   0.1404   0.1437   0.1458   0.1452
      inf   0.2734   0.2220   0.1876   0.1666   0.1801   0.1682   0.1489   0.1542   0.1611
      inf   0.2624   0.2527   0.2519   0.2054   0.1884   0.1657   0.1759   0.1749   0.1591
      inf   0.2607   0.2212   0.2240   0.1981   0.1698   0.1653   0.1520   0.1551   0.1763
      inf   0.1492   0.1515   0.1920   0.1901   0.1685   0.1485   0.1364   0.1393   0.1309
      inf   0.2798   0.2254   0.1696   0.1378   0.1288   0.1239   0.1455   0.1396   0.1305
      inf   0.1806   0.1417   0.1279   0.1629   0.1587   0.1432   0.1414   0.1317   0.1246
      inf   0.0380   0.1063   0.0857   0.0804   0.0765   0.0785   0.0845   0.0961   0.0987
      inf   0.1747   0.1213   0.1393   0.1282   0.1150   0.1043   0.1036   0.0961   0.1018
      inf   0.2005   0.1465   0.1655   0.2082   0.2001   0.1770   0.1744   0.1645   0.1603
      inf   0.2618   0.2384   0.1728   0.1815   0.1614   0.1598   0.1536   0.1648   0.1632
      inf   0.1872   0.1462   0.1257   0.1096   0.1106   0.1353   0.1281   0.1252   0.1235

        0        0        0        0        0        0        0        0        0        0
        0        0        0        0        0        0        0        0        0        0
        0        0        0        0        0        0        0        0        0        0
        0        0        0        0        0        0        0        0        0        0
        0        0        0        0        0        0        0        0        0        0
        0        0        0        0        0        0        0        0        0        0
        0        0        0        0        0        0        0        0        0        0
        0        0        0        0        0        0        0        0        0        0
        0        0        0        0        0        0        0        0        0        0
        0        0        0        0        0        0        0        0        0        0
        0        0        0        0        0        0        0        0        0        0
        0        0        0        0        0        0        0        0        0        0
        0        0        0        0        0        0        0        0        0        0
        0        0        0        0        0        0        0        0        0        0
        0        0        0        0        0        0        0        0        0        0
        0        0        0        0        0        0        0        0        0        0
        0        0        0        0        0        0        0        0        0        0
        0        0        0        0        0        0        0        0        0        0
        0        0        0        0        0        0        0        0        0        0
        0        0        0        0        0        0        0        0        0        0
        0        0        0        0        0        0        0        0        0        0
        0        0        0        0        0        0        0        0        0        0
        0        0        0        0        0        0        0        0        0        0
        0        0        0        0        0        0        0        0        0        0
        0        0        0        0        0        0        0        0        0        0
        0        0        0        0        0        0        0        0        0        0
        0        0        0        0        0        0        0        0        0        0
        0        0        0        0        0        0        0        0        0        0
        0        0        0        0        0        0        0        0        0        0
        0        0        0        0        0        0        0        0        0        0
        0        0        0        0        0        0        0        0        0        0
        0        0        0        0        0        0        0        0        0        0
        0        0        0        0        0        0        0        0        0        0
        0        0        0        0        0        0        0        0        0        0
        0        0        0        0        0        0        0        0        0        0
        0        0        0        0        0        0        0        0        0        0
        0        0        0        0        0        0        0        0        0        0
        0        0        0        0        0        0        0        0        0        0
        0        0        0        0        0        0        0        0        0        0
        0        0        0        0        0        0        0        0        0        0
        0        0        0        0        0        0        0        0        0        0
        0        0        0        0        0        0        0        0        0        0
        0        0        0        0        0        0        0        0        0        0
        0        0        0        0        0        0        0        0        0        0
        0        0        0        0        0        0        0        0        0        0
        0        0        0        0        0        0        0        0        0        0
        0        0        0        0        0        0        0        0        0        0
        0        0        0        0        0        0        0        0        0        0
        0        0        0        0        0        0        0        0        0        0
        0        0        0        0        0        0        0        0        0        0
        0        0        0        0        0        0        0        0        0        0
        0        0        0        0        0        0        0        0        0        0
        0        0        0        0        0        0        0        0        0        0
        0        0        0        0        0        0        0        0        0        0
        0        0        0        0        0        0        0        0        0        0
        0        0        0        0        0        0        0        0        0        0
        0        0        0        0        0        0        0        0        0        0
        0        0        0        0        0        0        0        0        0        0
        0        0        0        0        0        0        0        0        0        0
        0        0        0        0        0        0        0        0        0        0
        0        0        0        0        0        0        0        0        0        0
        0        0        0        0        0        0        0        0        0        0
        0        0        0        0        0        0        0        0        0        0
        0        0        0        0        0        0        0        0        0        0
        0        0        0        0        0        0        0        0        0        0
        0        0        0        0        0        0        0        0        0        0
        0        0        0        0        0        0        0        0        0        0
        0        0        0        0        0        0        0        0        0        0
        0        0        0        0        0        0        0        0        0        0
        0        0        0        0        0        0        0        0        0        0
        0        0        0        0        0        0        0        0        0        0
        0        0        0        0        0        0        0        0        0        0
        0        0        0        0        0        0        0        0        0        0
        0        0        0        0        0        0        0        0        0        0
        0        0        0        0        0        0        0        0        0        0
        0        0        0        0        0        0        0        0        0        0
        0        0        0        0        0        0        0        0        0        0
        0        0        0        0        0        0        0        0        0        0
        0        0        0        0        0        0        0        0        0        0
        0        0        0        0        0        0        0        0        0        0
        0        0        0        0        0        0        0        0        0        0
        0        0        0        0        0        0        0        0        0        0
        0        0        0        0        0        0        0        0        0        0
        0        0        0        0        0        0        0        0        0        0
        0        0        0        0        0        0        0        0        0        0
        0        0        0        0        0        0        0        0        0        0
        0        0        0        0        0        0        0        0        0        0
        0        0        0        0        0        0        0        0        0        0
        0        0        0        0        0        0        0        0        0        0
        0        0        0        0        0        0        0        0        0        0
      nan   0.4514   0.5402   0.5975   0.6189   0.6401   0.6041   0.5880   0.5843   0.8088
      nan   0.7493   1.0045   0.8988   0.8628   0.8933   0.8972   0.9154   0.8657   0.8676
      nan   1.0775   1.0498   1.0569   1.1058   1.0036   1.0282   1.1959   1.1925   1.1790
      nan   0.6380   0.6204   0.7191   0.8306   0.7582   0.7531   0.7824   0.8283   0.8921
      nan   1.1304   1.0545   1.0191   0.9318   0.9281   0.8734   0.9809   0.9134   0.8719
      nan   1.2024   0.8928   1.3371   1.3827   1.3889   1.3878   1.2954   1.3210   1.3240
      nan   0.5051   0.6908   0.6301   0.7160   0.9072   0.8850   0.8491   0.8428   0.8362
      nan   0.5702   0.7869   0.7241   0.7017   0.6771   0.6881   0.6563   0.6794   0.6907
      nan   0.5412   0.9719   0.8605   0.8176   0.9299   0.9632   0.9724   0.9416   0.9046
      nan   0.7013   0.6151   0.7179   0.7000   0.7277   0.7638   0.7215   0.7199   0.6820
      nan   0.8588   1.0965   1.0207   0.9974   0.9507   0.8850   0.8730   0.8497   0.8913
      nan   0.8360   0.6701   0.6260   0.6744   0.6586   0.6521   0.6993   0.7488   0.7782
      nan   0.5896   0.5851   0.6982   0.6704   0.6813   0.6804   0.8229   0.8233   0.7991
      nan   0.7825   1.1031   1.0725   1.0120   0.9169   0.8463   0.8819   0.9471   0.8907
      nan   0.6436   0.6345   0.5594   0.5637   0.5487   0.5139   0.6124   0.6094   0.6004
      nan   0.5671   0.8079   0.7673   0.6573   0.6996   0.7826   0.7536   0.7915   0.7914
      nan   1.2661   0.9178   0.7765   0.7913   0.7566   0.7309   0.7196   0.7026   0.7162
      nan   0.7546   0.7340   0.7316   0.7165   0.7112   0.6981   0.6408   0.6742   0.6986
      nan   0.8298   0.6567   0.7014   0.6777   0.6445   0.6202   0.5982   0.6527   0.6617
      nan   0.5967   0.9546   1.0456   1.0309   0.9234   0.8686   0.8531   0.8006   0.7860
      nan   0.6252   0.6480   0.5982   0.8536   0.8993   0.8811   0.8554   0.8491   0.8235
      nan   0.7155   0.6838   0.6882   0.7161   0.7829   0.7631   0.7511   0.8017   1.0216
      nan   0.5936   0.7052   0.8484   0.8773   0.8326   0.7433   0.7856   0.8092   0.8139
      nan   0.3676   0.7317   0.8326   0.8100   0.8091   0.7693   0.7427   0.7228   0.7047
      nan   0.6382   0.6292   0.6653   0.7059   0.7336   0.7351   0.7084   0.7127   0.7468
      nan   0.9508   0.7808   0.7292   0.7003   0.7749   0.7817   0.7645   0.7513   0.7699
      nan   0.4413   0.7571   0.7827   0.9694   0.9364   0.9726   0.9148   0.8950   0.9153
      nan   0.5779   0.5008   0.7711   0.7561   0.7237   0.7453   0.7167   0.6912   0.6745
      nan   0.6109   0.5789   0.6279   0.6260   0.7169   0.7148   0.7114   0.7295   0.7091
      nan   0.6665   0.6764   0.6687   0.5973   0.6559   0.6908   0.7086   0.6707   0.6938

         0         0         0         0         0         0         0         0         0         0
         0         0         0         0         0         0         0         0         0         0
         0         0         0         0         0         0         0         0         0         0
         0         0         0         0         0         0         0         0         0         0
         0         0         0         0         0         0         0         0         0         0
         0         0         0         0         0         0         0         0         0         0
         0         0         0         0         0         0         0         0         0         0
         0         0         0         0         0         0         0         0         0         0
         0         0         0         0         0         0         0         0         0         0
         0         0         0         0         0         0         0         0         0         0
         0         0         0         0         0         0         0         0         0         0
         0         0         0         0         0         0         0         0         0         0
         0         0         0         0         0         0         0         0         0         0
         0         0         0         0         0         0         0         0         0         0
         0         0         0         0         0         0         0         0         0         0
         0         0         0         0         0         0         0         0         0         0
         0         0         0         0         0         0         0         0         0         0
         0         0         0         0         0         0         0         0         0         0
         0         0         0         0         0         0         0         0         0         0
         0         0         0         0         0         0         0         0         0         0
         0         0         0         0         0         0         0         0         0         0
         0         0         0         0         0         0         0         0         0         0
         0         0         0         0         0         0         0         0         0         0
         0         0         0         0         0         0         0         0         0         0
         0         0         0         0         0         0         0         0         0         0
         0         0         0         0         0         0         0         0         0         0
         0         0         0         0         0         0         0         0         0         0
         0         0         0         0         0         0         0         0         0         0
         0         0         0         0         0         0         0         0         0         0
         0         0         0         0         0         0         0         0         0         0
         0         0         0         0         0         0         0         0         0         0
         0         0         0         0         0         0         0         0         0         0
         0         0         0         0         0         0         0         0         0         0
         0         0         0         0         0         0         0         0         0         0
         0         0         0         0         0         0         0         0         0         0
         0         0         0         0         0         0         0         0         0         0
         0         0         0         0         0         0         0         0         0         0
         0         0         0         0         0         0         0         0         0         0
         0         0         0         0         0         0         0         0         0         0
         0         0         0         0         0         0         0         0         0         0
         0         0         0         0         0         0         0         0         0         0
         0         0         0         0         0         0         0         0         0         0
         0         0         0         0         0         0         0         0         0         0
         0         0         0         0         0         0         0         0         0         0
         0         0         0         0         0         0         0         0         0         0
         0         0         0         0         0         0         0         0         0         0
         0         0         0         0         0         0         0         0         0         0
         0         0         0         0         0         0         0         0         0         0
         0         0         0         0         0         0         0         0         0         0
         0         0         0         0         0         0         0         0         0         0
         0         0         0         0         0         0         0         0         0         0
         0         0         0         0         0         0         0         0         0         0
         0         0         0         0         0         0         0         0         0         0
         0         0         0         0         0         0         0         0         0         0
         0         0         0         0         0         0         0         0         0         0
         0         0         0         0         0         0         0         0         0         0
         0         0         0         0         0         0         0         0         0         0
         0         0         0         0         0         0         0         0         0         0
         0         0         0         0         0         0         0         0         0         0
         0         0         0         0         0         0         0         0         0         0
         0         0         0         0         0         0         0         0         0         0
         0         0         0         0         0         0         0         0         0         0
         0         0         0         0         0         0         0         0         0         0
         0         0         0         0         0         0         0         0         0         0
         0         0         0         0         0         0         0         0         0         0
         0         0         0         0         0         0         0         0         0         0
         0         0         0         0         0         0         0         0         0         0
         0         0         0         0         0         0         0         0         0         0
         0         0         0         0         0         0         0         0         0         0
         0         0         0         0         0         0         0         0         0         0
         0         0         0         0         0         0         0         0         0         0
         0         0         0         0         0         0         0         0         0         0
         0         0         0         0         0         0         0         0         0         0
         0         0         0         0         0         0         0         0         0         0
         0         0         0         0         0         0         0         0         0         0
         0         0         0         0         0         0         0         0         0         0
         0         0         0         0         0         0         0         0         0         0
         0         0         0         0         0         0         0         0         0         0
         0         0         0         0         0         0         0         0         0         0
         0         0         0         0         0         0         0         0         0         0
         0         0         0         0         0         0         0         0         0         0
         0         0         0         0         0         0         0         0         0         0
         0         0         0         0         0         0         0         0         0         0
         0         0         0         0         0         0         0         0         0         0
         0         0         0         0         0         0         0         0         0         0
         0         0         0         0         0         0         0         0         0         0
         0         0         0         0         0         0         0         0         0         0
         0         0         0         0         0         0         0         0         0         0
         0         0         0         0         0         0         0         0         0         0
         0         0         0         0         0         0         0         0         0         0
       nan    5.3290   19.8468   31.6602   36.4829   32.2435   27.4196   25.0392   23.3087   29.9348
       nan    5.1558   12.4779   21.3602   23.3005   26.5999   32.5880   43.5302   41.9271   37.4082
       nan    2.4031    2.1327    3.1691    4.4089    3.7070    5.1010   11.1809   22.0455   39.6995
       nan    5.0323   27.0068   23.8555   19.1049   15.8542   15.5649   14.9516   14.7661   13.4505
       nan   17.9891   13.8811   11.1274    9.4711   11.3984   11.1534   13.3503   15.3106   16.7523
       nan    6.3219    7.7784    9.2687    7.4227    7.5193    8.5676    8.6080   13.8931   15.0088
       nan    1.2525    5.7762    8.8581   11.2282   18.7680   20.6665   19.5062   17.4040   16.5725
       nan    8.7478    9.5476    7.8082   20.8986   24.9707   26.1442   23.9573   21.7521   20.8742
       nan    4.5301    4.8915    4.3840    4.1833    5.7000    5.1723    7.1432    9.6077   11.7261
       nan    2.9879    4.1937    5.3279    6.6696    7.8689    7.5920   10.6597   12.1032   13.8662
       nan    1.9617    2.8539    7.7689   10.6163   12.2172   11.2926   17.8942   27.7908   42.0478
       nan    7.7139   10.0179   12.0315   11.5054   10.7077    9.9706    9.1526    9.5205    9.7058
       nan    6.1990    5.1691    6.1360    7.0341    5.9908    5.5134    7.3265    6.5789    8.9139
       nan    5.9106    6.0134    7.6066    7.4288    6.3356    5.8230    8.8290   10.3134    9.5204
       nan    5.2457    4.4042   12.5565   14.3835   12.0276   11.6129   15.0240   18.2314   19.0905
       nan    1.9083   12.2152    9.9930   10.0864   14.5212   16.1704   14.2811   12.9703   11.8124
       nan    9.2116   11.4665   10.9617   10.9598    9.8888   13.2182   12.1783   11.9563   11.3375
       nan    6.9973    7.5772    6.0338    6.4858    9.4435   12.4307   11.2606   11.5975   16.5968
       nan    9.3238   13.0033   12.7479   11.1610   18.0006   18.4536   17.3664   16.2450   17.4267
       nan    4.8471    6.3397    6.3767   13.2778   24.2459   22.7585   19.7587   19.7521   19.5458
       nan    2.1823    1.9251    1.8317    6.2073    5.9050    8.4298   19.8697   22.6124   20.5310
       nan    6.9856    6.9689    5.0011    7.2234    8.6845    7.4209    8.4403    8.7240   10.3964
       nan    4.2027   18.7698   23.4814   19.8416   16.3902   14.2166   12.6020   14.8956   13.9767
       nan    2.8530    5.0822    7.6200    8.5037    7.7519   10.9386   19.4708   18.3085   16.4786
       nan    4.4546    4.1834    6.5179   22.4235   20.6369   17.6786   17.2361   15.6153   14.3087
       nan    0.8508   10.0895    7.8966    7.1651    6.6529    6.8067    7.2884    8.1874    8.4455
       nan   19.9082   14.8901   13.3763   13.0964   12.0576   10.4044    9.5094    8.5773   10.1337
       nan    1.6100    5.7755    4.9959    7.6926    7.0304   11.3767   10.5372   10.5067   14.3360
       nan    9.3300    7.8099   14.3752   11.8655   11.1947   10.6970   10.2224   10.2417   10.5636
       nan    2.9499    6.0117   10.0991    8.9508    9.2020   11.0097   10.1370   11.6121   12.4353

         0         0         0         0         0         0         0         0         0         0
         0         0         0         0         0         0         0         0         0         0
         0         0         0         0         0         0         0         0         0         0
         0         0         0         0         0         0         0         0         0         0
         0         0         0         0         0         0         0         0         0         0
         0         0         0         0         0         0         0         0         0         0
         0         0         0         0         0         0         0         0         0         0
         0         0         0         0         0         0         0         0         0         0
         0         0         0         0         0         0         0         0         0         0
         0         0         0         0         0         0         0         0         0         0
         0         0         0         0         0         0         0         0         0         0
         0         0         0         0         0         0         0         0         0         0
         0         0         0         0         0         0         0         0         0         0
         0         0         0         0         0         0         0         0         0         0
         0         0         0         0         0         0         0         0         0         0
         0         0         0         0         0         0         0         0         0         0
         0         0         0         0         0         0         0         0         0         0
         0         0         0         0         0         0         0         0         0         0
         0         0         0         0         0         0         0         0         0         0
         0         0         0         0         0         0         0         0         0         0
         0         0         0         0         0         0         0         0         0         0
         0         0         0         0         0         0         0         0         0         0
         0         0         0         0         0         0         0         0         0         0
         0         0         0         0         0         0         0         0         0         0
         0         0         0         0         0         0         0         0         0         0
         0         0         0         0         0         0         0         0         0         0
         0         0         0         0         0         0         0         0         0         0
         0         0         0         0         0         0         0         0         0         0
         0         0         0         0         0         0         0         0         0         0
         0         0         0         0         0         0         0         0         0         0
         0         0         0         0         0         0         0         0         0         0
         0         0         0         0         0         0         0         0         0         0
         0         0         0         0         0         0         0         0         0         0
         0         0         0         0         0         0         0         0         0         0
         0         0         0         0         0         0         0         0         0         0
         0         0         0         0         0         0         0         0         0         0
         0         0         0         0         0         0         0         0         0         0
         0         0         0         0         0         0         0         0         0         0
         0         0         0         0         0         0         0         0         0         0
         0         0         0         0         0         0         0         0         0         0
         0         0         0         0         0         0         0         0         0         0
         0         0         0         0         0         0         0         0         0         0
         0         0         0         0         0         0         0         0         0         0
         0         0         0         0         0         0         0         0         0         0
         0         0         0         0         0         0         0         0         0         0
         0         0         0         0         0         0         0         0         0         0
         0         0         0         0         0         0         0         0         0         0
         0         0         0         0         0         0         0         0         0         0
         0         0         0         0         0         0         0         0         0         0
         0         0         0         0         0         0         0         0         0         0
         0         0         0         0         0         0         0         0         0         0
         0         0         0         0         0         0         0         0         0         0
         0         0         0         0         0         0         0         0         0         0
         0         0         0         0         0         0         0         0         0         0
         0         0         0         0         0         0         0         0         0         0
         0         0         0         0         0         0         0         0         0         0
         0         0         0         0         0         0         0         0         0         0
         0         0         0         0         0         0         0         0         0         0
         0         0         0         0         0         0         0         0         0         0
         0         0         0         0         0         0         0         0         0         0
         0         0         0         0         0         0         0         0         0         0
         0         0         0         0         0         0         0         0         0         0
         0         0         0         0         0         0         0         0         0         0
         0         0         0         0         0         0         0         0         0         0
         0         0         0         0         0         0         0         0         0         0
         0         0         0         0         0         0         0         0         0         0
         0         0         0         0         0         0         0         0         0         0
         0         0         0         0         0         0         0         0         0         0
         0         0         0         0         0         0         0         0         0         0
         0         0         0         0         0         0         0         0         0         0
         0         0         0         0         0         0         0         0         0         0
         0         0         0         0         0         0         0         0         0         0
         0         0         0         0         0         0         0         0         0         0
         0         0         0         0         0         0         0         0         0         0
         0         0         0         0         0         0         0         0         0         0
         0         0         0         0         0         0         0         0         0         0
         0         0         0         0         0         0         0         0         0         0
         0         0         0         0         0         0         0         0         0         0
         0         0         0         0         0         0         0         0         0         0
         0         0         0         0         0         0         0         0         0         0
         0         0         0         0         0         0         0         0         0         0
         0         0         0         0         0         0         0         0         0         0
         0         0         0         0         0         0         0         0         0         0
         0         0         0         0         0         0         0         0         0         0
         0         0         0         0         0         0         0         0         0         0
         0         0         0         0         0         0         0         0         0         0
         0         0         0         0         0         0         0         0         0         0
         0         0         0         0         0         0         0         0         0         0
         0         0         0         0         0         0         0         0         0         0
         0         0         0         0         0         0         0         0         0         0
       nan    5.3290   15.3023   14.0281   10.9673    9.7713    9.7616    8.7392    7.9187   11.3601
       nan    5.1558   12.4779   18.7363   17.6254   15.0668   13.2445   15.3295   14.1341   14.4206
       nan    2.4031    2.1327    3.1691    4.4089    3.7070    5.1010   10.4525   12.7483   11.8268
       nan    5.0309    6.8039    5.7382    5.8341    5.7751    5.2084    5.1821    4.8267    4.7892
       nan   17.9888   13.3432   10.7664    9.1793    9.2815    9.0110   11.1902   10.3681   10.0567
       nan    1.7347    1.6939    3.0893    2.6781    3.2850    4.5211    4.9960    4.7071    4.4017
       nan    1.2525    5.7762    8.8581   10.5666   14.6198   15.8934   15.0323   13.4519   12.8611
       nan    8.7478    7.3993    5.9125    9.0191    9.7603   10.2044    9.5343    9.8192    9.4338
       nan    4.5301    4.8915    4.3840    4.1833    4.9788    4.5489    5.1874    5.5384    5.3857
       nan    2.9879    4.1937    5.3279    6.6436    7.4638    7.2751    8.3541    8.4566    8.3613
       nan    1.9617    2.8539    7.7689   10.6163   11.8458   11.0024   10.9557    9.8498   10.5309
       nan    7.7139    6.2510    5.5503    5.5135    5.1857    5.0780    4.8839    4.6833    4.5828
       nan    6.1990    5.1602    4.9228    4.4789    3.8823    3.6628    5.4412    4.9146    4.6050
       nan    2.6451    2.6236    2.6294    2.3936    2.2613    2.0652    3.5345    4.3761    4.1155
       nan    5.1378    4.2204    4.6142    4.4890    4.3499    4.0586    4.0224    4.3207    4.1688
       nan    1.1427   11.4769    9.4180    9.3877    8.1888    7.4297    6.9937    6.6149    6.0832
       nan    7.8800    6.2483    4.9828    4.2559    3.7495    5.2607    4.8496    4.6048    4.3205
       nan    6.9973    7.5772    6.0338    6.4858    9.4379   10.9599    9.9779   10.3187    9.6404
       nan    9.1856    9.9297    8.0360    6.6757    7.4759    6.7177    6.0443    5.5359    5.5014
       nan    4.8471    6.3254    6.3679    5.9006    5.7034    5.4494    6.1344    5.9893    5.6912
       nan    2.1823    1.9251    1.8317    6.0738    5.8070    6.5733    6.7807    6.2261    6.8166
       nan    6.9856    6.9689    5.0011    6.4472    7.3682    6.3502    6.3232    6.7683    8.4051
       nan    4.1011    4.4234    5.4666    5.2844    5.7536    6.1596    6.0309    5.6084    5.4256
       nan    2.8530    5.0822    7.4758    7.7241    6.6636    5.9180    6.9724    6.4809    6.2526
       nan    4.4546    4.1688    3.4745    6.0159    5.1555    5.2593    4.7846    4.8532    4.7265
       nan    0.6940    5.3057    4.2894    3.5797    3.0774    3.0053    3.1394    3.4983    3.8154
       nan    8.6676    6.5830    5.5789    4.8963    4.5801    4.2842    3.9093    3.7477    3.8890
       nan    1.6100    4.0202    3.6548    6.4166    6.0475    6.8702    6.6845    6.9555    6.7285
       nan    9.3089    7.7968   10.7133    8.9353    8.7217    8.5497    8.1701    8.3019    7.7131
       nan    2.9499    3.7147    4.2512    3.8747    4.3685    5.6887    5.2504    4.7641    4.4398

        0        0        0        0        0        0        0        0        0        0
        0        0        0        0        0        0        0        0        0        0
        0        0        0        0        0        0        0        0        0        0
        0        0        0        0        0        0        0        0        0        0
        0        0        0        0        0        0        0        0        0        0
        0        0        0        0        0        0        0        0        0        0
        0        0        0        0        0        0        0        0        0        0
        0        0        0        0        0        0        0        0        0        0
        0        0        0        0        0        0        0        0        0        0
        0        0        0        0        0        0        0        0        0        0
        0        0        0        0        0        0        0        0        0        0
        0        0        0        0        0        0        0        0        0        0
        0        0        0        0        0        0        0        0        0        0
        0        0        0        0        0        0        0        0        0        0
        0        0        0        0        0        0        0        0        0        0
        0        0        0        0        0        0        0        0        0        0
        0        0        0        0        0        0        0        0        0        0
        0        0        0        0        0        0        0        0        0        0
        0        0        0        0        0        0        0        0        0        0
        0        0        0        0        0        0        0        0        0        0
        0        0        0        0        0        0        0        0        0        0
        0        0        0        0        0        0        0        0        0        0
        0        0        0        0        0        0        0        0        0        0
        0        0        0        0        0        0        0        0        0        0
        0        0        0        0        0        0        0        0        0        0
        0        0        0        0        0        0        0        0        0        0
        0        0        0        0        0        0        0        0        0        0
        0        0        0        0        0        0        0        0        0        0
        0        0        0        0        0        0        0        0        0        0
        0        0        0        0        0        0        0        0        0        0
        0        0        0        0        0        0        0        0        0        0
        0        0        0        0        0        0        0        0        0        0
        0        0        0        0        0        0        0        0        0        0
        0        0        0        0        0        0        0        0        0        0
        0        0        0        0        0        0        0        0        0        0
        0        0        0        0        0        0        0        0        0        0
        0        0        0        0        0        0        0        0        0        0
        0        0        0        0        0        0        0        0        0        0
        0        0        0        0        0        0        0        0        0        0
        0        0        0        0        0        0        0        0        0        0
        0        0        0        0        0        0        0        0        0        0
        0        0        0        0        0        0        0        0        0        0
        0        0        0        0        0        0        0        0        0        0
        0        0        0        0        0        0        0        0        0        0
        0        0        0        0        0        0        0        0        0        0
        0        0        0        0        0        0        0        0        0        0
        0        0        0        0        0        0        0        0        0        0
        0        0        0        0        0        0        0        0        0        0
        0        0        0        0        0        0        0        0        0        0
        0        0        0        0        0        0        0        0        0        0
        0        0        0        0        0        0        0        0        0        0
        0        0        0        0        0        0        0        0        0        0
        0        0        0        0        0        0        0        0        0        0
        0        0        0        0        0        0        0        0        0        0
        0        0        0        0        0        0        0        0        0        0
        0        0        0        0        0        0        0        0        0        0
        0        0        0        0        0        0        0        0        0        0
        0        0        0        0        0        0        0        0        0        0
        0        0        0        0        0        0        0        0        0        0
        0        0        0        0        0        0        0        0        0        0
        0        0        0        0        0        0        0        0        0        0
        0        0        0        0        0        0        0        0        0        0
        0        0        0        0        0        0        0        0        0        0
        0        0        0        0        0        0        0        0        0        0
        0        0        0        0        0        0        0        0        0        0
        0        0        0        0        0        0        0        0        0        0
        0        0        0        0        0        0        0        0        0        0
        0        0        0        0        0        0        0        0        0        0
        0        0        0        0        0        0        0        0        0        0
        0        0        0        0        0        0        0        0        0        0
        0        0        0        0        0        0        0        0        0        0
        0        0        0        0        0        0        0        0        0        0
        0        0        0        0        0        0        0        0        0        0
        0        0        0        0        0        0        0        0        0        0
        0        0        0        0        0        0        0        0        0        0
        0        0        0        0        0        0        0        0        0        0
        0        0        0        0        0        0        0        0        0        0
        0        0        0        0        0        0        0        0        0        0
        0        0        0        0        0        0        0        0        0        0
        0        0        0        0        0        0        0        0        0        0
        0        0        0        0        0        0        0        0        0        0
        0        0        0        0        0        0        0        0        0        0
        0        0        0        0        0        0        0        0        0        0
        0        0        0        0        0        0        0        0        0        0
        0        0        0        0        0        0        0        0        0        0
        0        0        0        0        0        0        0        0        0        0
        0        0        0        0        0        0        0        0        0        0
        0        0        0        0        0        0        0        0        0        0
        0        0        0        0        0        0        0        0        0        0
        0        0        0        0        0        0        0        0        0        0
      inf   0.5324   0.4204   0.3823   0.3620   0.3520   0.3451   0.3391   0.3354   0.3298
      inf   0.5241   0.4191   0.3829   0.3664   0.3574   0.3476   0.3396   0.3356   0.3331
      inf   0.5230   0.4052   0.3692   0.3498   0.3380   0.3329   0.3322   0.3299   0.3274
      inf   0.5575   0.4348   0.3921   0.3693   0.3573   0.3514   0.3463   0.3439   0.3422
      inf   0.5722   0.4504   0.4023   0.3793   0.3689   0.3607   0.3520   0.3475   0.3444
      inf   0.6039   0.4627   0.4088   0.3838   0.3726   0.3600   0.3541   0.3470   0.3428
      inf   0.5571   0.4339   0.3959   0.3760   0.3680   0.3617   0.3563   0.3498   0.3452
      inf   0.5642   0.4410   0.3976   0.3765   0.3638   0.3548   0.3481   0.3450   0.3426
      inf   0.5772   0.4442   0.4017   0.3797   0.3709   0.3609   0.3544   0.3486   0.3445
      inf   0.5627   0.4403   0.3994   0.3813   0.3695   0.3623   0.3571   0.3529   0.3495
      inf   0.5653   0.4437   0.4026   0.3858   0.3748   0.3668   0.3601   0.3543   0.3496
      inf   0.5740   0.4575   0.4141   0.3923   0.3805   0.3710   0.3634   0.3594   0.3577
      inf   0.6117   0.4780   0.4328   0.4101   0.3953   0.3857   0.3755   0.3691   0.3656
      inf   0.5963   0.4693   0.4174   0.3940   0.3816   0.3728   0.3682   0.3640   0.3612
      inf   0.6000   0.4718   0.4259   0.4025   0.3878   0.3773   0.3718   0.3667   0.3633
      inf   0.6540   0.4876   0.4351   0.4091   0.3962   0.3856   0.3786   0.3748   0.3696
      inf   0.6077   0.4800   0.4343   0.4099   0.3961   0.3862   0.3790   0.3736   0.3695
      inf   0.5847   0.4610   0.4186   0.3942   0.3805   0.3740   0.3672   0.3610   0.3579
      inf   0.6176   0.4821   0.4357   0.4105   0.3947   0.3856   0.3781   0.3755   0.3717
      inf   0.6326   0.4903   0.4384   0.4150   0.3996   0.3893   0.3832   0.3780   0.3728
      inf   0.6208   0.4771   0.4285   0.4063   0.3960   0.3884   0.3817   0.3776   0.3750
      inf   0.6167   0.4790   0.4315   0.4122   0.4010   0.3932   0.3875   0.3808   0.3727
      inf   0.6554   0.4981   0.4404   0.4184   0.4045   0.3941   0.3894   0.3843   0.3803
      inf   0.6583   0.5053   0.4464   0.4240   0.4114   0.4020   0.3938   0.3887   0.3844
      inf   0.6471   0.4969   0.4491   0.4211   0.4057   0.3982   0.3912   0.3854   0.3810
      inf   0.6566   0.5091   0.4562   0.4312   0.4132   0.4010   0.3937   0.3898   0.3873
      inf   0.6666   0.5158   0.4625   0.4347   0.4212   0.4118   0.4034   0.3977   0.3918
      inf   0.6350   0.4900   0.4425   0.4180   0.4035   0.3947   0.3877   0.3816   0.3783
      inf   0.6213   0.4826   0.4403   0.4172   0.4056   0.3947   0.3893   0.3859   0.3824
      inf   0.6801   0.5184   0.4660   0.4401   0.4215   0.4086   0.4019   0.3961   0.3907

