   2.0000
   2.0500
   2.1000
   2.1500
   2.2000
   2.2500
   2.3000

  -1.9928e+04  -9.9122e+03  -6.5572e+03  -4.8885e+03  -3.8854e+03  -3.2056e+03  -2.7311e+03  -2.3787e+03  -2.0990e+03  -1.8804e+03  -1.7060e+03  -1.5638e+03  -1.4369e+03  -1.3278e+03  -1.2363e+03  -1.1529e+03  -1.0812e+03  -1.0207e+03  -9.6633e+02  -9.1739e+02  -8.7202e+02  -8.3244e+02  -7.9436e+02  -7.5529e+02  -7.2371e+02  -6.9779e+02  -6.7218e+02  -6.4778e+02  -6.2405e+02  -6.0105e+02  -5.8160e+02  -5.6289e+02  -5.4497e+02  -5.2854e+02  -5.1367e+02  -5.0050e+02  -4.8673e+02  -4.7344e+02  -4.6212e+02  -4.5002e+02  -4.3995e+02  -4.2815e+02  -4.1749e+02  -4.0901e+02  -3.9857e+02  -3.8845e+02  -3.7994e+02  -3.7284e+02  -3.6479e+02  -3.5644e+02  -3.4998e+02  -3.4376e+02  -3.3681e+02  -3.3075e+02  -3.2457e+02  -3.1880e+02  -3.1315e+02  -3.0674e+02  -3.0165e+02  -2.9562e+02  -2.9082e+02  -2.8696e+02  -2.8339e+02  -2.7922e+02  -2.7487e+02  -2.6985e+02  -2.6620e+02  -2.6256e+02  -2.5876e+02  -2.5381e+02  -2.4973e+02  -2.4590e+02  -2.4323e+02  -2.4063e+02  -2.3730e+02  -2.3296e+02  -2.2913e+02  -2.2584e+02  -2.2290e+02  -2.2007e+02  -2.1752e+02  -2.1438e+02  -2.1190e+02  -2.0879e+02  -2.0632e+02  -2.0324e+02  -2.0065e+02  -1.9877e+02  -1.9666e+02  -1.9414e+02  -1.9269e+02  -1.9050e+02  -1.8875e+02  -1.8664e+02  -1.8423e+02  -1.8241e+02  -1.8059e+02  -1.7864e+02  -1.7685e+02  -1.7530e+02
  -1.9946e+04  -9.9211e+03  -6.5685e+03  -4.8983e+03  -3.9067e+03  -3.2348e+03  -2.7553e+03  -2.3992e+03  -2.1282e+03  -1.9082e+03  -1.7299e+03  -1.5780e+03  -1.4532e+03  -1.3455e+03  -1.2468e+03  -1.1632e+03  -1.0913e+03  -1.0285e+03  -9.7349e+02  -9.2419e+02  -8.7667e+02  -8.3315e+02  -7.9736e+02  -7.6271e+02  -7.2922e+02  -6.9745e+02  -6.7020e+02  -6.4674e+02  -6.2454e+02  -6.0253e+02  -5.8528e+02  -5.6655e+02  -5.4794e+02  -5.3048e+02  -5.1504e+02  -5.0113e+02  -4.8601e+02  -4.7192e+02  -4.5843e+02  -4.4717e+02  -4.3575e+02  -4.2631e+02  -4.1498e+02  -4.0505e+02  -3.9569e+02  -3.8776e+02  -3.7915e+02  -3.7209e+02  -3.6348e+02  -3.5470e+02  -3.4747e+02  -3.3965e+02  -3.3197e+02  -3.2624e+02  -3.2115e+02  -3.1759e+02  -3.1298e+02  -3.0710e+02  -3.0121e+02  -2.9609e+02  -2.9182e+02  -2.8820e+02  -2.8267e+02  -2.7725e+02  -2.7303e+02  -2.7001e+02  -2.6617e+02  -2.6282e+02  -2.5791e+02  -2.5331e+02  -2.4826e+02  -2.4376e+02  -2.4076e+02  -2.3781e+02  -2.3437e+02  -2.3137e+02  -2.2874e+02  -2.2545e+02  -2.2197e+02  -2.1957e+02  -2.1692e+02  -2.1487e+02  -2.1211e+02  -2.0995e+02  -2.0759e+02  -2.0530e+02  -2.0229e+02  -1.9945e+02  -1.9705e+02  -1.9453e+02  -1.9191e+02  -1.8987e+02  -1.8894e+02  -1.8687e+02  -1.8461e+02  -1.8255e+02  -1.8103e+02  -1.7904e+02  -1.7680e+02  -1.7449e+02
  -1.9904e+04  -9.8544e+03  -6.5230e+03  -4.8582e+03  -3.8674e+03  -3.1963e+03  -2.7279e+03  -2.3763e+03  -2.0996e+03  -1.8806e+03  -1.6992e+03  -1.5581e+03  -1.4361e+03  -1.3289e+03  -1.2356e+03  -1.1585e+03  -1.0863e+03  -1.0206e+03  -9.6406e+02  -9.1189e+02  -8.6614e+02  -8.2920e+02  -7.9006e+02  -7.5456e+02  -7.2666e+02  -6.9634e+02  -6.7009e+02  -6.4369e+02  -6.2200e+02  -5.9969e+02  -5.7888e+02  -5.6305e+02  -5.4610e+02  -5.2847e+02  -5.1415e+02  -4.9914e+02  -4.8127e+02  -4.6711e+02  -4.5409e+02  -4.4255e+02  -4.3083e+02  -4.1977e+02  -4.1088e+02  -4.0306e+02  -3.9335e+02  -3.8385e+02  -3.7472e+02  -3.6689e+02  -3.5849e+02  -3.5100e+02  -3.4306e+02  -3.3718e+02  -3.3122e+02  -3.2446e+02  -3.1853e+02  -3.1166e+02  -3.0538e+02  -3.0019e+02  -2.9534e+02  -2.8961e+02  -2.8416e+02  -2.7931e+02  -2.7492e+02  -2.7026e+02  -2.6607e+02  -2.6251e+02  -2.5941e+02  -2.5607e+02  -2.5234e+02  -2.4846e+02  -2.4505e+02  -2.4149e+02  -2.3787e+02  -2.3457e+02  -2.3087e+02  -2.2854e+02  -2.2514e+02  -2.2065e+02  -2.1756e+02  -2.1438e+02  -2.1156e+02  -2.0901e+02  -2.0668e+02  -2.0357e+02  -2.0093e+02  -1.9748e+02  -1.9466e+02  -1.9303e+02  -1.9103e+02  -1.8866e+02  -1.8663e+02  -1.8464e+02  -1.8279e+02  -1.8031e+02  -1.7890e+02  -1.7744e+02  -1.7562e+02  -1.7311e+02  -1.7083e+02  -1.6879e+02
  -1.9874e+04  -9.8678e+03  -6.5179e+03  -4.8311e+03  -3.8436e+03  -3.1901e+03  -2.7244e+03  -2.3674e+03  -2.0905e+03  -1.8721e+03  -1.6894e+03  -1.5431e+03  -1.4177e+03  -1.3142e+03  -1.2253e+03  -1.1447e+03  -1.0731e+03  -1.0111e+03  -9.5452e+02  -9.0382e+02  -8.5717e+02  -8.1358e+02  -7.7535e+02  -7.3769e+02  -7.0422e+02  -6.7729e+02  -6.5330e+02  -6.3036e+02  -6.0660e+02  -5.8487e+02  -5.6528e+02  -5.4783e+02  -5.3044e+02  -5.1406e+02  -4.9985e+02  -4.8464e+02  -4.6924e+02  -4.5623e+02  -4.4435e+02  -4.3283e+02  -4.2256e+02  -4.1230e+02  -4.0093e+02  -3.9304e+02  -3.8435e+02  -3.7466e+02  -3.6574e+02  -3.5700e+02  -3.4868e+02  -3.4007e+02  -3.3293e+02  -3.2503e+02  -3.1730e+02  -3.1176e+02  -3.0675e+02  -3.0059e+02  -2.9574e+02  -2.9004e+02  -2.8629e+02  -2.8013e+02  -2.7420e+02  -2.7059e+02  -2.6642e+02  -2.6055e+02  -2.5530e+02  -2.5035e+02  -2.4626e+02  -2.4161e+02  -2.3805e+02  -2.3364e+02  -2.2924e+02  -2.2661e+02  -2.2447e+02  -2.2169e+02  -2.1829e+02  -2.1465e+02  -2.1156e+02  -2.0835e+02  -2.0685e+02  -2.0467e+02  -2.0244e+02  -2.0006e+02  -1.9748e+02  -1.9548e+02  -1.9287e+02  -1.9068e+02  -1.8905e+02  -1.8701e+02  -1.8500e+02  -1.8276e+02  -1.8108e+02  -1.7954e+02  -1.7761e+02  -1.7535e+02  -1.7345e+02  -1.7056e+02  -1.6840e+02  -1.6706e+02  -1.6542e+02  -1.6383e+02
  -1.9885e+04  -9.8499e+03  -6.4828e+03  -4.8077e+03  -3.8094e+03  -3.1460e+03  -2.6832e+03  -2.3364e+03  -2.0666e+03  -1.8469e+03  -1.6755e+03  -1.5274e+03  -1.4014e+03  -1.2912e+03  -1.2009e+03  -1.1222e+03  -1.0513e+03  -9.8793e+02  -9.3115e+02  -8.8050e+02  -8.3622e+02  -7.9366e+02  -7.5388e+02  -7.2007e+02  -6.9305e+02  -6.6557e+02  -6.4026e+02  -6.1411e+02  -5.8929e+02  -5.6739e+02  -5.4867e+02  -5.3023e+02  -5.1237e+02  -4.9482e+02  -4.8033e+02  -4.6566e+02  -4.5368e+02  -4.4014e+02  -4.2700e+02  -4.1557e+02  -4.0637e+02  -3.9643e+02  -3.8733e+02  -3.7810e+02  -3.6935e+02  -3.6143e+02  -3.5186e+02  -3.4431e+02  -3.3658e+02  -3.2836e+02  -3.2116e+02  -3.1471e+02  -3.0715e+02  -2.9969e+02  -2.9460e+02  -2.8843e+02  -2.8266e+02  -2.7830e+02  -2.7404e+02  -2.6972e+02  -2.6611e+02  -2.6262e+02  -2.5804e+02  -2.5339e+02  -2.5016e+02  -2.4539e+02  -2.4081e+02  -2.3684e+02  -2.3335e+02  -2.2919e+02  -2.2548e+02  -2.2187e+02  -2.1901e+02  -2.1588e+02  -2.1195e+02  -2.0941e+02  -2.0634e+02  -2.0287e+02  -1.9970e+02  -1.9739e+02  -1.9637e+02  -1.9438e+02  -1.9186e+02  -1.8999e+02  -1.8804e+02  -1.8544e+02  -1.8359e+02  -1.8171e+02  -1.7940e+02  -1.7777e+02  -1.7555e+02  -1.7382e+02  -1.7209e+02  -1.7113e+02  -1.6958e+02  -1.6742e+02  -1.6578e+02  -1.6320e+02  -1.6146e+02  -1.6045e+02
  -1.9885e+04  -9.8399e+03  -6.4965e+03  -4.8278e+03  -3.8180e+03  -3.1541e+03  -2.6727e+03  -2.3305e+03  -2.0621e+03  -1.8449e+03  -1.6715e+03  -1.5277e+03  -1.4037e+03  -1.2971e+03  -1.2062e+03  -1.1254e+03  -1.0506e+03  -9.8433e+02  -9.2981e+02  -8.7946e+02  -8.3556e+02  -7.9449e+02  -7.5517e+02  -7.2172e+02  -6.9007e+02  -6.6151e+02  -6.3582e+02  -6.1294e+02  -5.9219e+02  -5.6924e+02  -5.4748e+02  -5.2767e+02  -5.1084e+02  -4.9488e+02  -4.8035e+02  -4.6870e+02  -4.5616e+02  -4.4348e+02  -4.3052e+02  -4.1763e+02  -4.0633e+02  -3.9553e+02  -3.8433e+02  -3.7375e+02  -3.6460e+02  -3.5787e+02  -3.4811e+02  -3.3989e+02  -3.3356e+02  -3.2663e+02  -3.1880e+02  -3.1094e+02  -3.0431e+02  -2.9678e+02  -2.9103e+02  -2.8514e+02  -2.7965e+02  -2.7258e+02  -2.6718e+02  -2.6342e+02  -2.6032e+02  -2.5617e+02  -2.5179e+02  -2.4730e+02  -2.4250e+02  -2.3758e+02  -2.3357e+02  -2.3017e+02  -2.2689e+02  -2.2407e+02  -2.2020e+02  -2.1774e+02  -2.1444e+02  -2.1083e+02  -2.0713e+02  -2.0402e+02  -2.0155e+02  -1.9929e+02  -1.9806e+02  -1.9733e+02  -1.9487e+02  -1.9228e+02  -1.8938e+02  -1.8713e+02  -1.8506e+02  -1.8264e+02  -1.8008e+02  -1.7750e+02  -1.7516e+02  -1.7200e+02  -1.7018e+02  -1.6907e+02  -1.6774e+02  -1.6596e+02  -1.6381e+02  -1.6179e+02  -1.6082e+02  -1.5909e+02  -1.5721e+02  -1.5548e+02
  -1.9865e+04  -9.8178e+03  -6.4736e+03  -4.8021e+03  -3.7987e+03  -3.1313e+03  -2.6593e+03  -2.3077e+03  -2.0350e+03  -1.8206e+03  -1.6456e+03  -1.5021e+03  -1.3772e+03  -1.2670e+03  -1.1730e+03  -1.0918e+03  -1.0216e+03  -9.6039e+02  -9.0557e+02  -8.6045e+02  -8.1553e+02  -7.7703e+02  -7.4019e+02  -7.0377e+02  -6.7470e+02  -6.4960e+02  -6.2142e+02  -5.9872e+02  -5.7726e+02  -5.5591e+02  -5.3515e+02  -5.1847e+02  -5.0053e+02  -4.8717e+02  -4.7259e+02  -4.5661e+02  -4.4197e+02  -4.3185e+02  -4.2121e+02  -4.1053e+02  -3.9910e+02  -3.8873e+02  -3.8052e+02  -3.7017e+02  -3.6074e+02  -3.5142e+02  -3.4284e+02  -3.3391e+02  -3.2678e+02  -3.2042e+02  -3.1386e+02  -3.0715e+02  -3.0048e+02  -2.9298e+02  -2.8692e+02  -2.8218e+02  -2.7568e+02  -2.7122e+02  -2.6697e+02  -2.6154e+02  -2.5715e+02  -2.5167e+02  -2.4889e+02  -2.4483e+02  -2.4209e+02  -2.3900e+02  -2.3560e+02  -2.3278e+02  -2.2979e+02  -2.2638e+02  -2.2265e+02  -2.1924e+02  -2.1503e+02  -2.1126e+02  -2.0754e+02  -2.0392e+02  -2.0061e+02  -1.9727e+02  -1.9404e+02  -1.8976e+02  -1.8710e+02  -1.8508e+02  -1.8349e+02  -1.8106e+02  -1.7843e+02  -1.7537e+02  -1.7273e+02  -1.7037e+02  -1.6798e+02  -1.6613e+02  -1.6470e+02  -1.6366e+02  -1.6202e+02  -1.6043e+02  -1.5809e+02  -1.5603e+02  -1.5438e+02  -1.5226e+02  -1.5007e+02  -1.4849e+02

   9.9819e+03   4.9805e+03   3.3056e+03   2.4713e+03   1.9704e+03   1.6336e+03   1.3953e+03   1.2173e+03   1.0782e+03   9.6824e+02   8.7868e+02   8.0518e+02   7.4097e+02   6.8607e+02   6.3967e+02   5.9735e+02   5.6056e+02   5.2896e+02   5.0031e+02   4.7490e+02   4.5166e+02   4.3151e+02   4.1224e+02   3.9325e+02   3.7715e+02   3.6307e+02   3.4975e+02   3.3722e+02   3.2525e+02   3.1362e+02   3.0364e+02   2.9399e+02   2.8475e+02   2.7595e+02   2.6818e+02   2.6099e+02   2.5377e+02   2.4703e+02   2.4104e+02   2.3472e+02   2.2928e+02   2.2321e+02   2.1784e+02   2.1305e+02   2.0790e+02   2.0282e+02   1.9832e+02   1.9449e+02   1.9033e+02   1.8611e+02   1.8248e+02   1.7915e+02   1.7562e+02   1.7232e+02   1.6909e+02   1.6609e+02   1.6313e+02   1.6006e+02   1.5742e+02   1.5448e+02   1.5202e+02   1.4988e+02   1.4769e+02   1.4553e+02   1.4317e+02   1.4077e+02   1.3882e+02   1.3673e+02   1.3469e+02   1.3227e+02   1.3021e+02   1.2823e+02   1.2657e+02   1.2504e+02   1.2340e+02   1.2150e+02   1.1977e+02   1.1807e+02   1.1653e+02   1.1504e+02   1.1375e+02   1.1225e+02   1.1083e+02   1.0937e+02   1.0818e+02   1.0671e+02   1.0545e+02   1.0440e+02   1.0325e+02   1.0191e+02   1.0093e+02   9.9741e+01   9.8652e+01   9.7615e+01   9.6608e+01   9.5544e+01   9.4521e+01   9.3510e+01   9.2629e+01   9.1768e+01
   9.9857e+03   4.9822e+03   3.3090e+03   2.4737e+03   1.9754e+03   1.6402e+03   1.4008e+03   1.2227e+03   1.0855e+03   9.7492e+02   8.8453e+02   8.0842e+02   7.4502e+02   6.9030e+02   6.4145e+02   5.9935e+02   5.6292e+02   5.3103e+02   5.0272e+02   4.7741e+02   4.5368e+02   4.3190e+02   4.1309e+02   3.9544e+02   3.7854e+02   3.6289e+02   3.4877e+02   3.3664e+02   3.2495e+02   3.1361e+02   3.0411e+02   2.9453e+02   2.8537e+02   2.7666e+02   2.6879e+02   2.6141e+02   2.5369e+02   2.4656e+02   2.3973e+02   2.3383e+02   2.2793e+02   2.2286e+02   2.1749e+02   2.1238e+02   2.0746e+02   2.0312e+02   1.9867e+02   1.9484e+02   1.9058e+02   1.8642e+02   1.8272e+02   1.7879e+02   1.7515e+02   1.7209e+02   1.6925e+02   1.6671e+02   1.6401e+02   1.6092e+02   1.5782e+02   1.5528e+02   1.5282e+02   1.5072e+02   1.4791e+02   1.4524e+02   1.4291e+02   1.4108e+02   1.3902e+02   1.3718e+02   1.3494e+02   1.3277e+02   1.3055e+02   1.2847e+02   1.2662e+02   1.2508e+02   1.2341e+02   1.2166e+02   1.2005e+02   1.1846e+02   1.1667e+02   1.1535e+02   1.1387e+02   1.1261e+02   1.1119e+02   1.0990e+02   1.0852e+02   1.0744e+02   1.0610e+02   1.0468e+02   1.0328e+02   1.0198e+02   1.0091e+02   9.9918e+01   9.9135e+01   9.8030e+01   9.6936e+01   9.5903e+01   9.5100e+01   9.4107e+01   9.3067e+01   9.1853e+01
   9.9759e+03   4.9654e+03   3.2973e+03   2.4635e+03   1.9652e+03   1.6300e+03   1.3936e+03   1.2162e+03   1.0782e+03   9.6788e+02   8.7676e+02   8.0352e+02   7.4097e+02   6.8657e+02   6.3918e+02   5.9884e+02   5.6240e+02   5.2964e+02   5.0077e+02   4.7393e+02   4.5052e+02   4.3085e+02   4.1105e+02   3.9315e+02   3.7834e+02   3.6326e+02   3.4961e+02   3.3637e+02   3.2457e+02   3.1351e+02   3.0305e+02   2.9401e+02   2.8519e+02   2.7634e+02   2.6855e+02   2.6045e+02   2.5193e+02   2.4451e+02   2.3792e+02   2.3202e+02   2.2592e+02   2.2028e+02   2.1568e+02   2.1122e+02   2.0620e+02   2.0140e+02   1.9658e+02   1.9244e+02   1.8817e+02   1.8409e+02   1.8015e+02   1.7689e+02   1.7354e+02   1.6996e+02   1.6714e+02   1.6399e+02   1.6057e+02   1.5771e+02   1.5509e+02   1.5212e+02   1.4926e+02   1.4671e+02   1.4428e+02   1.4179e+02   1.3956e+02   1.3742e+02   1.3537e+02   1.3349e+02   1.3166e+02   1.2977e+02   1.2811e+02   1.2612e+02   1.2441e+02   1.2268e+02   1.2101e+02   1.1943e+02   1.1764e+02   1.1555e+02   1.1407e+02   1.1251e+02   1.1085e+02   1.0945e+02   1.0815e+02   1.0655e+02   1.0519e+02   1.0368e+02   1.0228e+02   1.0117e+02   9.9969e+01   9.8784e+01   9.7611e+01   9.6650e+01   9.5444e+01   9.4192e+01   9.3551e+01   9.2676e+01   9.1837e+01   9.0684e+01   8.9300e+01   8.8163e+01
   9.9682e+03   4.9689e+03   3.2961e+03   2.4560e+03   1.9586e+03   1.6284e+03   1.3926e+03   1.2140e+03   1.0751e+03   9.6440e+02   8.7330e+02   7.9873e+02   7.3457e+02   6.8060e+02   6.3429e+02   5.9328e+02   5.5702e+02   5.2505e+02   4.9606e+02   4.7048e+02   4.4751e+02   4.2572e+02   4.0635e+02   3.8749e+02   3.7044e+02   3.5552e+02   3.4241e+02   3.3015e+02   3.1819e+02   3.0717e+02   2.9708e+02   2.8807e+02   2.7910e+02   2.7050e+02   2.6274e+02   2.5503e+02   2.4759e+02   2.4084e+02   2.3443e+02   2.2838e+02   2.2294e+02   2.1717e+02   2.1132e+02   2.0695e+02   2.0220e+02   1.9745e+02   1.9259e+02   1.8822e+02   1.8391e+02   1.7943e+02   1.7547e+02   1.7183e+02   1.6808e+02   1.6498e+02   1.6231e+02   1.5922e+02   1.5658e+02   1.5356e+02   1.5153e+02   1.4850e+02   1.4542e+02   1.4344e+02   1.4123e+02   1.3841e+02   1.3587e+02   1.3371e+02   1.3143e+02   1.2901e+02   1.2691e+02   1.2475e+02   1.2275e+02   1.2110e+02   1.1959e+02   1.1811e+02   1.1677e+02   1.1509e+02   1.1358e+02   1.1210e+02   1.1113e+02   1.0983e+02   1.0842e+02   1.0684e+02   1.0535e+02   1.0406e+02   1.0261e+02   1.0124e+02   1.0017e+02   9.9062e+01   9.7934e+01   9.6867e+01   9.6026e+01   9.5168e+01   9.4178e+01   9.3080e+01   9.2135e+01   9.0994e+01   8.9818e+01   8.8982e+01   8.8060e+01   8.7218e+01
   9.9705e+03   4.9637e+03   3.2857e+03   2.4497e+03   1.9494e+03   1.6158e+03   1.3808e+03   1.2045e+03   1.0678e+03   9.5745e+02   8.6879e+02   7.9348e+02   7.2986e+02   6.7421e+02   6.2787e+02   5.8721e+02   5.5101e+02   5.1871e+02   4.8924e+02   4.6344e+02   4.4095e+02   4.1954e+02   3.9973e+02   3.8180e+02   3.6666e+02   3.5236e+02   3.3909e+02   3.2623e+02   3.1350e+02   3.0168e+02   2.9187e+02   2.8235e+02   2.7312e+02   2.6416e+02   2.5601e+02   2.4822e+02   2.4128e+02   2.3446e+02   2.2765e+02   2.2174e+02   2.1684e+02   2.1179e+02   2.0655e+02   2.0138e+02   1.9654e+02   1.9194e+02   1.8713e+02   1.8317e+02   1.7922e+02   1.7522e+02   1.7154e+02   1.6792e+02   1.6421e+02   1.6084e+02   1.5845e+02   1.5533e+02   1.5221e+02   1.4965e+02   1.4716e+02   1.4446e+02   1.4223e+02   1.3996e+02   1.3759e+02   1.3500e+02   1.3316e+02   1.3078e+02   1.2881e+02   1.2646e+02   1.2448e+02   1.2235e+02   1.2040e+02   1.1878e+02   1.1690e+02   1.1517e+02   1.1317e+02   1.1189e+02   1.1039e+02   1.0875e+02   1.0728e+02   1.0599e+02   1.0523e+02   1.0394e+02   1.0261e+02   1.0144e+02   1.0062e+02   9.9350e+01   9.8285e+01   9.6926e+01   9.5763e+01   9.4866e+01   9.3765e+01   9.2711e+01   9.1625e+01   9.0858e+01   8.9878e+01   8.8777e+01   8.7676e+01   8.6676e+01   8.5654e+01   8.4890e+01
   9.9711e+03   4.9615e+03   3.2900e+03   2.4550e+03   1.9516e+03   1.6179e+03   1.3788e+03   1.2038e+03   1.0662e+03   9.5624e+02   8.6809e+02   7.9414e+02   7.3106e+02   6.7631e+02   6.2937e+02   5.8848e+02   5.5096e+02   5.1708e+02   4.8860e+02   4.6268e+02   4.3974e+02   4.1874e+02   3.9918e+02   3.8237e+02   3.6572e+02   3.5070e+02   3.3720e+02   3.2509e+02   3.1360e+02   3.0189e+02   2.9056e+02   2.8058e+02   2.7166e+02   2.6328e+02   2.5574e+02   2.4907e+02   2.4232e+02   2.3573e+02   2.2873e+02   2.2245e+02   2.1660e+02   2.1116e+02   2.0518e+02   1.9967e+02   1.9511e+02   1.9147e+02   1.8654e+02   1.8236e+02   1.7840e+02   1.7479e+02   1.7102e+02   1.6691e+02   1.6347e+02   1.5939e+02   1.5620e+02   1.5340e+02   1.5041e+02   1.4700e+02   1.4429e+02   1.4174e+02   1.3955e+02   1.3702e+02   1.3460e+02   1.3222e+02   1.2964e+02   1.2702e+02   1.2483e+02   1.2291e+02   1.2113e+02   1.1959e+02   1.1766e+02   1.1627e+02   1.1471e+02   1.1301e+02   1.1124e+02   1.0983e+02   1.0853e+02   1.0727e+02   1.0651e+02   1.0553e+02   1.0408e+02   1.0284e+02   1.0119e+02   1.0001e+02   9.9115e+01   9.7865e+01   9.6500e+01   9.5229e+01   9.4003e+01   9.2695e+01   9.1828e+01   9.0958e+01   8.9974e+01   8.8728e+01   8.7710e+01   8.6702e+01   8.6122e+01   8.5383e+01   8.4279e+01   8.3278e+01
   9.9663e+03   4.9562e+03   3.2847e+03   2.4488e+03   1.9462e+03   1.6114e+03   1.3735e+03   1.1959e+03   1.0578e+03   9.4859e+02   8.5926e+02   7.8525e+02   7.2172e+02   6.6621e+02   6.1894e+02   5.7775e+02   5.4211e+02   5.1034e+02   4.8175e+02   4.5739e+02   4.3473e+02   4.1484e+02   3.9582e+02   3.7759e+02   3.6217e+02   3.4800e+02   3.3352e+02   3.2073e+02   3.0877e+02   2.9783e+02   2.8686e+02   2.7809e+02   2.6918e+02   2.6106e+02   2.5257e+02   2.4467e+02   2.3758e+02   2.3147e+02   2.2547e+02   2.1968e+02   2.1416e+02   2.0859e+02   2.0377e+02   1.9807e+02   1.9298e+02   1.8814e+02   1.8382e+02   1.7937e+02   1.7556e+02   1.7203e+02   1.6861e+02   1.6518e+02   1.6174e+02   1.5786e+02   1.5506e+02   1.5240e+02   1.4923e+02   1.4680e+02   1.4433e+02   1.4161e+02   1.3944e+02   1.3672e+02   1.3489e+02   1.3272e+02   1.3107e+02   1.2905e+02   1.2676e+02   1.2503e+02   1.2317e+02   1.2126e+02   1.1919e+02   1.1722e+02   1.1489e+02   1.1298e+02   1.1108e+02   1.0938e+02   1.0782e+02   1.0607e+02   1.0440e+02   1.0232e+02   1.0101e+02   1.0014e+02   9.9103e+01   9.7740e+01   9.6075e+01   9.4468e+01   9.3198e+01   9.1885e+01   9.0783e+01   8.9959e+01   8.9148e+01   8.8169e+01   8.7133e+01   8.6181e+01   8.4838e+01   8.3618e+01   8.2576e+01   8.1658e+01   8.0712e+01   7.9811e+01

   9.9819e+03   4.9805e+03   3.3056e+03   2.4713e+03   1.9704e+03   1.6336e+03   1.3953e+03   1.2173e+03   1.0782e+03   9.6824e+02   8.7868e+02   8.0518e+02   7.4097e+02   6.8607e+02   6.3967e+02   5.9735e+02   5.6056e+02   5.2896e+02   5.0031e+02   4.7490e+02   4.5166e+02   4.3151e+02   4.1224e+02   3.9325e+02   3.7715e+02   3.6307e+02   3.4975e+02   3.3722e+02   3.2525e+02   3.1362e+02   3.0364e+02   2.9399e+02   2.8475e+02   2.7595e+02   2.6818e+02   2.6099e+02   2.5377e+02   2.4703e+02   2.4104e+02   2.3472e+02   2.2928e+02   2.2321e+02   2.1784e+02   2.1305e+02   2.0790e+02   2.0282e+02   1.9832e+02   1.9449e+02   1.9033e+02   1.8611e+02   1.8248e+02   1.7915e+02   1.7562e+02   1.7232e+02   1.6909e+02   1.6609e+02   1.6313e+02   1.6006e+02   1.5742e+02   1.5448e+02   1.5202e+02   1.4988e+02   1.4769e+02   1.4553e+02   1.4317e+02   1.4077e+02   1.3882e+02   1.3673e+02   1.3469e+02   1.3227e+02   1.3021e+02   1.2823e+02   1.2657e+02   1.2504e+02   1.2340e+02   1.2150e+02   1.1977e+02   1.1807e+02   1.1653e+02   1.1504e+02   1.1375e+02   1.1225e+02   1.1083e+02   1.0937e+02   1.0818e+02   1.0671e+02   1.0545e+02   1.0440e+02   1.0325e+02   1.0191e+02   1.0093e+02   9.9741e+01   9.8652e+01   9.7615e+01   9.6608e+01   9.5544e+01   9.4521e+01   9.3510e+01   9.2629e+01   9.1768e+01
   9.9857e+03   4.9822e+03   3.3090e+03   2.4737e+03   1.9754e+03   1.6402e+03   1.4008e+03   1.2227e+03   1.0855e+03   9.7492e+02   8.8453e+02   8.0842e+02   7.4502e+02   6.9030e+02   6.4145e+02   5.9935e+02   5.6292e+02   5.3103e+02   5.0272e+02   4.7741e+02   4.5368e+02   4.3190e+02   4.1309e+02   3.9544e+02   3.7854e+02   3.6289e+02   3.4877e+02   3.3664e+02   3.2495e+02   3.1361e+02   3.0411e+02   2.9453e+02   2.8537e+02   2.7666e+02   2.6879e+02   2.6141e+02   2.5369e+02   2.4656e+02   2.3973e+02   2.3383e+02   2.2793e+02   2.2286e+02   2.1749e+02   2.1238e+02   2.0746e+02   2.0312e+02   1.9867e+02   1.9484e+02   1.9058e+02   1.8642e+02   1.8272e+02   1.7879e+02   1.7515e+02   1.7209e+02   1.6925e+02   1.6671e+02   1.6401e+02   1.6092e+02   1.5782e+02   1.5528e+02   1.5282e+02   1.5072e+02   1.4791e+02   1.4524e+02   1.4291e+02   1.4108e+02   1.3902e+02   1.3718e+02   1.3494e+02   1.3277e+02   1.3055e+02   1.2847e+02   1.2662e+02   1.2508e+02   1.2341e+02   1.2166e+02   1.2005e+02   1.1846e+02   1.1667e+02   1.1535e+02   1.1387e+02   1.1261e+02   1.1119e+02   1.0990e+02   1.0852e+02   1.0744e+02   1.0610e+02   1.0468e+02   1.0328e+02   1.0198e+02   1.0091e+02   9.9918e+01   9.9135e+01   9.8030e+01   9.6936e+01   9.5903e+01   9.5100e+01   9.4107e+01   9.3067e+01   9.1853e+01
   9.9759e+03   4.9654e+03   3.2973e+03   2.4635e+03   1.9652e+03   1.6300e+03   1.3936e+03   1.2162e+03   1.0782e+03   9.6788e+02   8.7676e+02   8.0352e+02   7.4097e+02   6.8657e+02   6.3918e+02   5.9884e+02   5.6240e+02   5.2964e+02   5.0077e+02   4.7393e+02   4.5052e+02   4.3085e+02   4.1105e+02   3.9315e+02   3.7834e+02   3.6326e+02   3.4961e+02   3.3637e+02   3.2457e+02   3.1351e+02   3.0305e+02   2.9401e+02   2.8519e+02   2.7634e+02   2.6855e+02   2.6045e+02   2.5193e+02   2.4451e+02   2.3792e+02   2.3202e+02   2.2592e+02   2.2028e+02   2.1568e+02   2.1122e+02   2.0620e+02   2.0140e+02   1.9658e+02   1.9244e+02   1.8817e+02   1.8409e+02   1.8015e+02   1.7689e+02   1.7354e+02   1.6996e+02   1.6714e+02   1.6399e+02   1.6057e+02   1.5771e+02   1.5509e+02   1.5212e+02   1.4926e+02   1.4671e+02   1.4428e+02   1.4179e+02   1.3956e+02   1.3742e+02   1.3537e+02   1.3349e+02   1.3166e+02   1.2977e+02   1.2811e+02   1.2612e+02   1.2441e+02   1.2268e+02   1.2101e+02   1.1943e+02   1.1764e+02   1.1555e+02   1.1407e+02   1.1251e+02   1.1085e+02   1.0945e+02   1.0815e+02   1.0655e+02   1.0519e+02   1.0368e+02   1.0228e+02   1.0117e+02   9.9969e+01   9.8784e+01   9.7611e+01   9.6650e+01   9.5444e+01   9.4192e+01   9.3551e+01   9.2676e+01   9.1837e+01   9.0684e+01   8.9300e+01   8.8163e+01
   9.9682e+03   4.9689e+03   3.2961e+03   2.4560e+03   1.9586e+03   1.6284e+03   1.3926e+03   1.2140e+03   1.0751e+03   9.6440e+02   8.7330e+02   7.9873e+02   7.3457e+02   6.8060e+02   6.3429e+02   5.9328e+02   5.5702e+02   5.2505e+02   4.9606e+02   4.7048e+02   4.4751e+02   4.2572e+02   4.0635e+02   3.8749e+02   3.7044e+02   3.5552e+02   3.4241e+02   3.3015e+02   3.1819e+02   3.0717e+02   2.9708e+02   2.8807e+02   2.7910e+02   2.7050e+02   2.6274e+02   2.5503e+02   2.4759e+02   2.4084e+02   2.3443e+02   2.2838e+02   2.2294e+02   2.1717e+02   2.1132e+02   2.0695e+02   2.0220e+02   1.9745e+02   1.9259e+02   1.8822e+02   1.8391e+02   1.7943e+02   1.7547e+02   1.7183e+02   1.6808e+02   1.6498e+02   1.6231e+02   1.5922e+02   1.5658e+02   1.5356e+02   1.5153e+02   1.4850e+02   1.4542e+02   1.4344e+02   1.4123e+02   1.3841e+02   1.3587e+02   1.3371e+02   1.3143e+02   1.2901e+02   1.2691e+02   1.2475e+02   1.2275e+02   1.2110e+02   1.1959e+02   1.1811e+02   1.1677e+02   1.1509e+02   1.1358e+02   1.1210e+02   1.1113e+02   1.0983e+02   1.0842e+02   1.0684e+02   1.0535e+02   1.0406e+02   1.0261e+02   1.0124e+02   1.0017e+02   9.9062e+01   9.7934e+01   9.6867e+01   9.6026e+01   9.5168e+01   9.4178e+01   9.3080e+01   9.2135e+01   9.0994e+01   8.9818e+01   8.8982e+01   8.8060e+01   8.7218e+01
   9.9705e+03   4.9637e+03   3.2857e+03   2.4497e+03   1.9494e+03   1.6158e+03   1.3808e+03   1.2045e+03   1.0678e+03   9.5745e+02   8.6879e+02   7.9348e+02   7.2986e+02   6.7421e+02   6.2787e+02   5.8721e+02   5.5101e+02   5.1871e+02   4.8924e+02   4.6344e+02   4.4095e+02   4.1954e+02   3.9973e+02   3.8180e+02   3.6666e+02   3.5236e+02   3.3909e+02   3.2623e+02   3.1350e+02   3.0168e+02   2.9187e+02   2.8235e+02   2.7312e+02   2.6416e+02   2.5601e+02   2.4822e+02   2.4128e+02   2.3446e+02   2.2765e+02   2.2174e+02   2.1684e+02   2.1179e+02   2.0655e+02   2.0138e+02   1.9654e+02   1.9194e+02   1.8713e+02   1.8317e+02   1.7922e+02   1.7522e+02   1.7154e+02   1.6792e+02   1.6421e+02   1.6084e+02   1.5845e+02   1.5533e+02   1.5221e+02   1.4965e+02   1.4716e+02   1.4446e+02   1.4223e+02   1.3996e+02   1.3759e+02   1.3500e+02   1.3316e+02   1.3078e+02   1.2881e+02   1.2646e+02   1.2448e+02   1.2235e+02   1.2040e+02   1.1878e+02   1.1690e+02   1.1517e+02   1.1317e+02   1.1189e+02   1.1039e+02   1.0875e+02   1.0728e+02   1.0599e+02   1.0523e+02   1.0394e+02   1.0261e+02   1.0144e+02   1.0062e+02   9.9350e+01   9.8285e+01   9.6926e+01   9.5763e+01   9.4866e+01   9.3765e+01   9.2711e+01   9.1625e+01   9.0858e+01   8.9878e+01   8.8777e+01   8.7676e+01   8.6676e+01   8.5654e+01   8.4890e+01
   9.9711e+03   4.9615e+03   3.2900e+03   2.4550e+03   1.9516e+03   1.6179e+03   1.3788e+03   1.2038e+03   1.0662e+03   9.5624e+02   8.6809e+02   7.9414e+02   7.3106e+02   6.7631e+02   6.2937e+02   5.8848e+02   5.5096e+02   5.1708e+02   4.8860e+02   4.6268e+02   4.3974e+02   4.1874e+02   3.9918e+02   3.8237e+02   3.6572e+02   3.5070e+02   3.3720e+02   3.2509e+02   3.1360e+02   3.0189e+02   2.9056e+02   2.8058e+02   2.7166e+02   2.6328e+02   2.5574e+02   2.4907e+02   2.4232e+02   2.3573e+02   2.2873e+02   2.2245e+02   2.1660e+02   2.1116e+02   2.0518e+02   1.9967e+02   1.9511e+02   1.9147e+02   1.8654e+02   1.8236e+02   1.7840e+02   1.7479e+02   1.7102e+02   1.6691e+02   1.6347e+02   1.5939e+02   1.5620e+02   1.5340e+02   1.5041e+02   1.4700e+02   1.4429e+02   1.4174e+02   1.3955e+02   1.3702e+02   1.3460e+02   1.3222e+02   1.2964e+02   1.2702e+02   1.2483e+02   1.2291e+02   1.2113e+02   1.1959e+02   1.1766e+02   1.1627e+02   1.1471e+02   1.1301e+02   1.1124e+02   1.0983e+02   1.0853e+02   1.0727e+02   1.0651e+02   1.0553e+02   1.0408e+02   1.0284e+02   1.0119e+02   1.0001e+02   9.9115e+01   9.7865e+01   9.6500e+01   9.5229e+01   9.4003e+01   9.2695e+01   9.1828e+01   9.0958e+01   8.9974e+01   8.8728e+01   8.7710e+01   8.6702e+01   8.6122e+01   8.5383e+01   8.4279e+01   8.3278e+01
   9.9663e+03   4.9562e+03   3.2847e+03   2.4488e+03   1.9462e+03   1.6114e+03   1.3735e+03   1.1959e+03   1.0578e+03   9.4859e+02   8.5926e+02   7.8525e+02   7.2172e+02   6.6621e+02   6.1894e+02   5.7775e+02   5.4211e+02   5.1034e+02   4.8175e+02   4.5739e+02   4.3473e+02   4.1484e+02   3.9582e+02   3.7759e+02   3.6217e+02   3.4800e+02   3.3352e+02   3.2073e+02   3.0877e+02   2.9783e+02   2.8686e+02   2.7809e+02   2.6918e+02   2.6106e+02   2.5257e+02   2.4467e+02   2.3758e+02   2.3147e+02   2.2547e+02   2.1968e+02   2.1416e+02   2.0859e+02   2.0377e+02   1.9807e+02   1.9298e+02   1.8814e+02   1.8382e+02   1.7937e+02   1.7556e+02   1.7203e+02   1.6861e+02   1.6518e+02   1.6174e+02   1.5786e+02   1.5506e+02   1.5240e+02   1.4923e+02   1.4680e+02   1.4433e+02   1.4161e+02   1.3944e+02   1.3672e+02   1.3489e+02   1.3272e+02   1.3107e+02   1.2905e+02   1.2676e+02   1.2503e+02   1.2317e+02   1.2126e+02   1.1919e+02   1.1722e+02   1.1489e+02   1.1298e+02   1.1108e+02   1.0938e+02   1.0782e+02   1.0607e+02   1.0440e+02   1.0232e+02   1.0101e+02   1.0014e+02   9.9103e+01   9.7740e+01   9.6075e+01   9.4468e+01   9.3198e+01   9.1885e+01   9.0783e+01   8.9959e+01   8.9148e+01   8.8169e+01   8.7133e+01   8.6181e+01   8.4838e+01   8.3618e+01   8.2576e+01   8.1658e+01   8.0712e+01   7.9811e+01

   3.9464e+02   2.4514e+07   2.1482e+07   1.7915e+07   1.5092e+07   1.2842e+07   1.1186e+07   9.9003e+06   8.8104e+06   7.9546e+06   7.2752e+06   6.7240e+06   6.1937e+06   5.7299e+06   5.3490e+06   4.9838e+06   4.6758e+06   4.4274e+06   4.2018e+06   3.9974e+06   3.8019e+06   3.6379e+06   3.4704e+06   3.2800e+06   3.1424e+06   3.0431e+06   2.9368e+06   2.8323e+06   2.7260e+06   2.6190e+06   2.5369e+06   2.4555e+06   2.3758e+06   2.3046e+06   2.2428e+06   2.1918e+06   2.1321e+06   2.0733e+06   2.0287e+06   1.9745e+06   1.9355e+06   1.8789e+06   1.8301e+06   1.7983e+06   1.7474e+06   1.6976e+06   1.6601e+06   1.6333e+06   1.5969e+06   1.5564e+06   1.5310e+06   1.5067e+06   1.4747e+06   1.4494e+06   1.4222e+06   1.3974e+06   1.3729e+06   1.3407e+06   1.3194e+06   1.2890e+06   1.2687e+06   1.2558e+06   1.2448e+06   1.2279e+06   1.2088e+06   1.1833e+06   1.1693e+06   1.1547e+06   1.1382e+06   1.1112e+06   1.0914e+06   1.0733e+06   1.0649e+06   1.0567e+06   1.0417e+06   1.0175e+06   9.9750e+05   9.8177e+05   9.6887e+05   9.5647e+05   9.4631e+05   9.3062e+05   9.2045e+05   9.0458e+05   8.9388e+05   8.7776e+05   8.6560e+05   8.5936e+05   8.5088e+05   8.3857e+05   8.3536e+05   8.2562e+05   8.1942e+05   8.0988e+05   7.9764e+05   7.9021e+05   7.8267e+05   7.7382e+05   7.6629e+05   7.6055e+05
   2.5458e+02   2.3375e+07   2.0518e+07   1.7121e+07   1.4522e+07   1.2447e+07   1.0837e+07   9.5862e+06   8.6208e+06   7.7974e+06   7.1203e+06   6.5173e+06   6.0298e+06   5.5999e+06   5.1781e+06   4.8290e+06   4.5340e+06   4.2788e+06   4.0589e+06   3.8614e+06   3.6574e+06   3.4684e+06   3.3281e+06   3.1836e+06   3.0368e+06   2.8936e+06   2.7788e+06   2.6872e+06   2.5987e+06   2.5051e+06   2.4453e+06   2.3676e+06   2.2861e+06   2.2097e+06   2.1460e+06   2.0914e+06   2.0234e+06   1.9607e+06   1.9002e+06   1.8556e+06   1.8073e+06   1.7730e+06   1.7210e+06   1.6787e+06   1.6392e+06   1.6099e+06   1.5735e+06   1.5484e+06   1.5090e+06   1.4669e+06   1.4364e+06   1.4000e+06   1.3636e+06   1.3422e+06   1.3252e+06   1.3200e+06   1.3053e+06   1.2792e+06   1.2521e+06   1.2308e+06   1.2158e+06   1.2056e+06   1.1788e+06   1.1523e+06   1.1352e+06   1.1276e+06   1.1126e+06   1.1013e+06   1.0763e+06   1.0535e+06   1.0266e+06   1.0039e+06   9.9306e+05   9.8239e+05   9.6725e+05   9.5533e+05   9.4618e+05   9.3130e+05   9.1447e+05   9.0631e+05   8.9570e+05   8.8984e+05   8.7788e+05   8.7058e+05   8.6131e+05   8.5252e+05   8.3738e+05   8.2355e+05   8.1305e+05   8.0142e+05   7.8876e+05   7.8064e+05   7.8151e+05   7.7275e+05   7.6229e+05   7.5330e+05   7.4858e+05   7.3987e+05   7.2890e+05   7.1722e+05
   1.0311e+03   2.1977e+07   1.9283e+07   1.6049e+07   1.3562e+07   1.1580e+07   1.0123e+07   8.9615e+06   7.9961e+06   7.2168e+06   6.5467e+06   6.0547e+06   5.6113e+06   5.2054e+06   4.8464e+06   4.5644e+06   4.2810e+06   4.0155e+06   3.7933e+06   3.5824e+06   3.4021e+06   3.2740e+06   3.1137e+06   2.9693e+06   2.8735e+06   2.7487e+06   2.6472e+06   2.5366e+06   2.4564e+06   2.3648e+06   2.2795e+06   2.2284e+06   2.1639e+06   2.0898e+06   2.0380e+06   1.9773e+06   1.8907e+06   1.8306e+06   1.7767e+06   1.7319e+06   1.6836e+06   1.6382e+06   1.6078e+06   1.5840e+06   1.5437e+06   1.5034e+06   1.4646e+06   1.4345e+06   1.3988e+06   1.3689e+06   1.3344e+06   1.3148e+06   1.2936e+06   1.2651e+06   1.2424e+06   1.2114e+06   1.1842e+06   1.1648e+06   1.1472e+06   1.1221e+06   1.0986e+06   1.0791e+06   1.0626e+06   1.0434e+06   1.0274e+06   1.0157e+06   1.0071e+06   9.9621e+05   9.8183e+05   9.6590e+05   9.5317e+05   9.3891e+05   9.2379e+05   9.1082e+05   8.9440e+05   8.8829e+05   8.7356e+05   8.5010e+05   8.3719e+05   8.2326e+05   8.1194e+05   8.0233e+05   7.9424e+05   7.7998e+05   7.6899e+05   7.5166e+05   7.3897e+05   7.3509e+05   7.2820e+05   7.1827e+05   7.1081e+05   7.0348e+05   6.9702e+05   6.8559e+05   6.8216e+05   6.7823e+05   6.7136e+05   6.5911e+05   6.4849e+05   6.3956e+05
   8.2066e+02   2.1023e+07   1.8368e+07   1.5141e+07   1.2780e+07   1.1006e+07   9.6322e+06   8.4857e+06   7.5623e+06   6.8231e+06   6.1740e+06   5.6655e+06   5.2174e+06   4.8565e+06   4.5470e+06   4.2515e+06   3.9859e+06   3.7599e+06   3.5477e+06   3.3575e+06   3.1788e+06   3.0070e+06   2.8610e+06   2.7076e+06   2.5747e+06   2.4808e+06   2.4005e+06   2.3209e+06   2.2288e+06   2.1460e+06   2.0738e+06   2.0126e+06   1.9477e+06   1.8865e+06   1.8377e+06   1.7783e+06   1.7147e+06   1.6660e+06   1.6231e+06   1.5806e+06   1.5451e+06   1.5077e+06   1.4605e+06   1.4370e+06   1.4061e+06   1.3665e+06   1.3311e+06   1.2958e+06   1.2624e+06   1.2259e+06   1.1989e+06   1.1655e+06   1.1325e+06   1.1144e+06   1.0992e+06   1.0750e+06   1.0595e+06   1.0373e+06   1.0284e+06   1.0016e+06   9.7591e+05   9.6622e+05   9.5203e+05   9.2518e+05   9.0237e+05   8.8134e+05   8.6585e+05   8.4608e+05   8.3360e+05   8.1480e+05   7.9582e+05   7.8874e+05   7.8483e+05   7.7612e+05   7.6283e+05   7.4755e+05   7.3584e+05   7.2312e+05   7.2198e+05   7.1588e+05   7.0928e+05   7.0135e+05   6.9182e+05   6.8613e+05   6.7597e+05   6.6860e+05   6.6494e+05   6.5822e+05   6.5155e+05   6.4310e+05   6.3838e+05   6.3460e+05   6.2786e+05   6.1863e+05   6.1179e+05   5.9787e+05   5.8891e+05   5.8563e+05   5.8012e+05   5.7482e+05
   6.6553e+02   2.0006e+07   1.7354e+07   1.4321e+07   1.1990e+07   1.0222e+07   8.9234e+06   7.8937e+06   7.0582e+06   6.3424e+06   5.7997e+06   5.3014e+06   4.8690e+06   4.4776e+06   4.1714e+06   3.9028e+06   3.6532e+06   3.4279e+06   3.2243e+06   3.0433e+06   2.8894e+06   2.7329e+06   2.5833e+06   2.4638e+06   2.3817e+06   2.2881e+06   2.2020e+06   2.1037e+06   2.0089e+06   1.9289e+06   1.8659e+06   1.8006e+06   1.7356e+06   1.6694e+06   1.6207e+06   1.5680e+06   1.5309e+06   1.4809e+06   1.4315e+06   1.3915e+06   1.3648e+06   1.3313e+06   1.3019e+06   1.2701e+06   1.2401e+06   1.2145e+06   1.1767e+06   1.1512e+06   1.1235e+06   1.0916e+06   1.0655e+06   1.0436e+06   1.0136e+06   9.8348e+05   9.6829e+05   9.4534e+05   9.2444e+05   9.1209e+05   8.9990e+05   8.8677e+05   8.7784e+05   8.6926e+05   8.5292e+05   8.3572e+05   8.2751e+05   8.0870e+05   7.9073e+05   7.7650e+05   7.6501e+05   7.4881e+05   7.3531e+05   7.2214e+05   7.1349e+05   7.0293e+05   6.8683e+05   6.7949e+05   6.6851e+05   6.5478e+05   6.4270e+05   6.3599e+05   6.3735e+05   6.3234e+05   6.2367e+05   6.1898e+05   6.1366e+05   6.0395e+05   5.9887e+05   5.9351e+05   5.8514e+05   5.8109e+05   5.7305e+05   5.6803e+05   5.6292e+05   5.6271e+05   5.5849e+05   5.5015e+05   5.4512e+05   5.3377e+05   5.2786e+05   5.2657e+05
   1.0296e+03   1.9088e+07   1.6661e+07   1.3806e+07   1.1514e+07   9.8233e+06   8.4645e+06   7.5083e+06   6.7187e+06   6.0499e+06   5.5182e+06   5.0706e+06   4.6703e+06   4.3204e+06   4.0231e+06   3.7527e+06   3.4885e+06   3.2534e+06   3.0738e+06   2.9027e+06   2.7581e+06   2.6182e+06   2.4782e+06   2.3663e+06   2.2574e+06   2.1608e+06   2.0761e+06   2.0036e+06   1.9395e+06   1.8562e+06   1.7761e+06   1.7049e+06   1.6494e+06   1.5964e+06   1.5496e+06   1.5187e+06   1.4796e+06   1.4374e+06   1.3912e+06   1.3436e+06   1.3045e+06   1.2670e+06   1.2254e+06   1.1864e+06   1.1553e+06   1.1384e+06   1.1011e+06   1.0725e+06   1.0549e+06   1.0326e+06   1.0038e+06   9.7401e+05   9.5121e+05   9.2207e+05   9.0344e+05   8.8330e+05   8.6503e+05   8.3657e+05   8.1785e+05   8.0869e+05   8.0312e+05   7.9073e+05   7.7640e+05   7.6109e+05   7.4341e+05   7.2468e+05   7.1120e+05   7.0116e+05   6.9147e+05   6.8432e+05   6.7047e+05   6.6492e+05   6.5398e+05   6.4094e+05   6.2713e+05   6.1667e+05   6.0982e+05   6.0406e+05   6.0436e+05   6.0764e+05   6.0010e+05   5.9153e+05   5.8093e+05   5.7408e+05   5.6827e+05   5.6009e+05   5.5092e+05   5.4142e+05   5.3333e+05   5.2008e+05   5.1485e+05   5.1383e+05   5.1134e+05   5.0597e+05   4.9823e+05   4.9122e+05   4.9047e+05   4.8493e+05   4.7843e+05   4.7271e+05
   1.4753e+03   1.8185e+07   1.5833e+07   1.3072e+07   1.0908e+07   9.2652e+06   8.0195e+06   7.0459e+06   6.2618e+06   5.6387e+06   5.1183e+06   4.6912e+06   4.3022e+06   3.9447e+06   3.6413e+06   3.3795e+06   3.1566e+06   2.9639e+06   2.7902e+06   2.6591e+06   2.5144e+06   2.3967e+06   2.2785e+06   2.1534e+06   2.0652e+06   1.9942e+06   1.8979e+06   1.8296e+06   1.7637e+06   1.6941e+06   1.6241e+06   1.5752e+06   1.5154e+06   1.4805e+06   1.4354e+06   1.3794e+06   1.3293e+06   1.3044e+06   1.2744e+06   1.2425e+06   1.2044e+06   1.1712e+06   1.1496e+06   1.1138e+06   1.0824e+06   1.0505e+06   1.0220e+06   9.9058e+05   9.6895e+05   9.5097e+05   9.3105e+05   9.0954e+05   8.8748e+05   8.5996e+05   8.4035e+05   8.2785e+05   8.0451e+05   7.9260e+05   7.8146e+05   7.6290e+05   7.4998e+05   7.3035e+05   7.2599e+05   7.1384e+05   7.0908e+05   7.0183e+05   6.9250e+05   6.8631e+05   6.7873e+05   6.6844e+05   6.5599e+05   6.4514e+05   6.2929e+05   6.1588e+05   6.0254e+05   5.8955e+05   5.7817e+05   5.6642e+05   5.5518e+05   5.3776e+05   5.2937e+05   5.2447e+05   5.2190e+05   5.1435e+05   5.0557e+05   4.9415e+05   4.8502e+05   4.7737e+05   4.6942e+05   4.6431e+05   4.6148e+05   4.6075e+05   4.5653e+05   4.5245e+05   4.4408e+05   4.3719e+05   4.3252e+05   4.2512e+05   4.1723e+05   4.1266e+05

   4.9330e+01   1.2378e+07   1.0919e+07   9.1569e+06   7.7626e+06   6.6699e+06   5.8398e+06   5.1859e+06   4.6497e+06   4.2182e+06   3.8600e+06   3.5654e+06   3.2939e+06   3.0592e+06   2.8640e+06   2.6760e+06   2.5136e+06   2.3781e+06   2.2527e+06   2.1425e+06   2.0398e+06   1.9550e+06   1.8693e+06   1.7783e+06   1.7068e+06   1.6477e+06   1.5902e+06   1.5351e+06   1.4809e+06   1.4261e+06   1.3829e+06   1.3397e+06   1.2973e+06   1.2564e+06   1.2226e+06   1.1920e+06   1.1591e+06   1.1289e+06   1.1039e+06   1.0743e+06   1.0514e+06   1.0213e+06   9.9647e+05   9.7590e+05   9.5090e+05   9.2555e+05   9.0455e+05   8.8892e+05   8.6943e+05   8.4863e+05   8.3249e+05   8.1838e+05   8.0189e+05   7.8688e+05   7.7200e+05   7.5858e+05   7.4507e+05   7.3010e+05   7.1861e+05   7.0395e+05   6.9326e+05   6.8511e+05   6.7618e+05   6.6717e+05   6.5587e+05   6.4405e+05   6.3595e+05   6.2631e+05   6.1679e+05   6.0356e+05   5.9343e+05   5.8375e+05   5.7673e+05   5.7071e+05   5.6344e+05   5.5361e+05   5.4506e+05   5.3669e+05   5.2955e+05   5.2270e+05   5.1758e+05   5.1031e+05   5.0362e+05   4.9636e+05   4.9150e+05   4.8399e+05   4.7810e+05   4.7410e+05   4.6905e+05   4.6217e+05   4.5842e+05   4.5264e+05   4.4767e+05   4.4308e+05   4.3865e+05   4.3361e+05   4.2884e+05   4.2408e+05   4.2042e+05   4.1685e+05
   3.5583e+01   1.2084e+07   1.0674e+07   8.9510e+06   7.6117e+06   6.5599e+06   5.7421e+06   5.1041e+06   4.5976e+06   4.1723e+06   3.8162e+06   3.5065e+06   3.2488e+06   3.0215e+06   2.8097e+06   2.6283e+06   2.4730e+06   2.3383e+06   2.2189e+06   2.1123e+06   2.0079e+06   1.9108e+06   1.8312e+06   1.7543e+06   1.6775e+06   1.6059e+06   1.5427e+06   1.4925e+06   1.4422e+06   1.3913e+06   1.3534e+06   1.3117e+06   1.2711e+06   1.2321e+06   1.1982e+06   1.1667e+06   1.1301e+06   1.0972e+06   1.0653e+06   1.0402e+06   1.0137e+06   9.9333e+05   9.6912e+05   9.4610e+05   9.2378e+05   9.0567e+05   8.8565e+05   8.7035e+05   8.5042e+05   8.3068e+05   8.1432e+05   7.9528e+05   7.7816e+05   7.6560e+05   7.5455e+05   7.4560e+05   7.3481e+05   7.2003e+05   7.0470e+05   6.9398e+05   6.8356e+05   6.7599e+05   6.6167e+05   6.4824e+05   6.3755e+05   6.3110e+05   6.2218e+05   6.1499e+05   6.0399e+05   5.9328e+05   5.8195e+05   5.7161e+05   5.6310e+05   5.5709e+05   5.4974e+05   5.4149e+05   5.3426e+05   5.2704e+05   5.1792e+05   5.1275e+05   5.0600e+05   5.0106e+05   4.9454e+05   4.8904e+05   4.8254e+05   4.7864e+05   4.7225e+05   4.6507e+05   4.5790e+05   4.5154e+05   4.4703e+05   4.4317e+05   4.4104e+05   4.3595e+05   4.3087e+05   4.2622e+05   4.2352e+05   4.1904e+05   4.1406e+05   4.0744e+05
   1.3533e+02   1.1717e+07   1.0347e+07   8.6658e+06   7.3541e+06   6.3245e+06   5.5474e+06   4.9300e+06   4.4278e+06   4.0143e+06   3.6601e+06   3.3816e+06   3.1371e+06   2.9178e+06   2.7235e+06   2.5613e+06   2.4097e+06   2.2708e+06   2.1493e+06   2.0321e+06   1.9330e+06   1.8562e+06   1.7700e+06   1.6928e+06   1.6358e+06   1.5708e+06   1.5132e+06   1.4546e+06   1.4046e+06   1.3573e+06   1.3120e+06   1.2760e+06   1.2393e+06   1.1999e+06   1.1676e+06   1.1305e+06   1.0880e+06   1.0534e+06   1.0243e+06   9.9978e+05   9.7212e+05   9.4734e+05   9.3035e+05   9.1353e+05   8.9084e+05   8.6915e+05   8.4646e+05   8.2878e+05   8.0927e+05   7.9072e+05   7.7270e+05   7.5992e+05   7.4570e+05   7.2904e+05   7.1831e+05   7.0435e+05   6.8755e+05   6.7512e+05   6.6435e+05   6.5014e+05   6.3653e+05   6.2520e+05   6.1462e+05   6.0314e+05   5.9360e+05   5.8448e+05   5.7589e+05   5.6850e+05   5.6130e+05   5.5334e+05   5.4704e+05   5.3780e+05   5.3067e+05   5.2320e+05   5.1598e+05   5.0941e+05   5.0086e+05   4.8959e+05   4.8328e+05   4.7622e+05   4.6806e+05   4.6204e+05   4.5668e+05   4.4874e+05   4.4257e+05   4.3509e+05   4.2838e+05   4.2402e+05   4.1878e+05   4.1356e+05   4.0834e+05   4.0478e+05   3.9908e+05   3.9291e+05   3.9174e+05   3.8854e+05   3.8555e+05   3.7985e+05   3.7214e+05   3.6642e+05
   1.1502e+02   1.1461e+07   1.0099e+07   8.4132e+06   7.1345e+06   6.1654e+06   5.4109e+06   4.7976e+06   4.2999e+06   3.8929e+06   3.5469e+06   3.2637e+06   3.0114e+06   2.8006e+06   2.6196e+06   2.4555e+06   2.3088e+06   2.1796e+06   2.0601e+06   1.9561e+06   1.8629e+06   1.7701e+06   1.6895e+06   1.6062e+06   1.5318e+06   1.4696e+06   1.4178e+06   1.3688e+06   1.3185e+06   1.2727e+06   1.2314e+06   1.1965e+06   1.1594e+06   1.1231e+06   1.0916e+06   1.0587e+06   1.0264e+06   9.9821e+05   9.7134e+05   9.4610e+05   9.2466e+05   8.9933e+05   8.7230e+05   8.5655e+05   8.3673e+05   8.1597e+05   7.9355e+05   7.7445e+05   7.5513e+05   7.3378e+05   7.1605e+05   7.0038e+05   6.8328e+05   6.7099e+05   6.6168e+05   6.4852e+05   6.3861e+05   6.2514e+05   6.1940e+05   6.0515e+05   5.9015e+05   5.8373e+05   5.7519e+05   5.6132e+05   5.4956e+05   5.4054e+05   5.3023e+05   5.1867e+05   5.0936e+05   4.9947e+05   4.9059e+05   4.8432e+05   4.7890e+05   4.7360e+05   4.6930e+05   4.6206e+05   4.5601e+05   4.5001e+05   4.4806e+05   4.4324e+05   4.3737e+05   4.3006e+05   4.2329e+05   4.1805e+05   4.1132e+05   4.0517e+05   4.0136e+05   3.9709e+05   3.9256e+05   3.8842e+05   3.8599e+05   3.8334e+05   3.7953e+05   3.7476e+05   3.7114e+05   3.6585e+05   3.6021e+05   3.5722e+05   3.5346e+05   3.5027e+05
   1.0204e+02   1.1177e+07   9.8072e+06   8.1796e+06   6.9071e+06   5.9323e+06   5.1987e+06   4.6155e+06   4.1458e+06   3.7497e+06   3.4305e+06   3.1477e+06   2.9054e+06   2.6858e+06   2.5085e+06   2.3508e+06   2.2080e+06   2.0790e+06   1.9582e+06   1.8548e+06   1.7675e+06   1.6801e+06   1.5978e+06   1.5239e+06   1.4666e+06   1.4108e+06   1.3588e+06   1.3061e+06   1.2508e+06   1.1997e+06   1.1616e+06   1.1233e+06   1.0850e+06   1.0467e+06   1.0129e+06   9.8014e+05   9.5260e+05   9.2447e+05   8.9511e+05   8.7160e+05   8.5492e+05   8.3588e+05   8.1445e+05   7.9260e+05   7.7254e+05   7.5356e+05   7.3220e+05   7.1677e+05   7.0080e+05   6.8384e+05   6.6879e+05   6.5362e+05   6.3733e+05   6.2321e+05   6.1625e+05   6.0321e+05   5.8973e+05   5.8023e+05   5.7089e+05   5.5966e+05   5.5167e+05   5.4313e+05   5.3348e+05   5.2186e+05   5.1579e+05   5.0534e+05   4.9778e+05   4.8706e+05   4.7896e+05   4.6948e+05   4.6125e+05   4.5529e+05   4.4722e+05   4.4010e+05   4.3076e+05   4.2679e+05   4.2093e+05   4.1396e+05   4.0802e+05   4.0342e+05   4.0266e+05   3.9777e+05   3.9240e+05   3.8820e+05   3.8657e+05   3.8135e+05   3.7761e+05   3.7151e+05   3.6682e+05   3.6407e+05   3.5966e+05   3.5553e+05   3.5107e+05   3.4897e+05   3.4515e+05   3.4032e+05   3.3543e+05   3.3124e+05   3.2681e+05   3.2428e+05
   1.4478e+02   1.0919e+07   9.6145e+06   8.0323e+06   6.7692e+06   5.8156e+06   5.0683e+06   4.5075e+06   4.0417e+06   3.6571e+06   3.3489e+06   3.0829e+06   2.8502e+06   2.6425e+06   2.4645e+06   2.3085e+06   2.1585e+06   2.0200e+06   1.9098e+06   1.8077e+06   1.7188e+06   1.6364e+06   1.5580e+06   1.4945e+06   1.4266e+06   1.3665e+06   1.3139e+06   1.2681e+06   1.2238e+06   1.1746e+06   1.1257e+06   1.0846e+06   1.0496e+06   1.0166e+06   9.8828e+05   9.6497e+05   9.3947e+05   9.1373e+05   8.8355e+05   8.5771e+05   8.3405e+05   8.1245e+05   7.8579e+05   7.6192e+05   7.4441e+05   7.3324e+05   7.1141e+05   6.9468e+05   6.7898e+05   6.6535e+05   6.4990e+05   6.3144e+05   6.1759e+05   5.9843e+05   5.8555e+05   5.7524e+05   5.6302e+05   5.4745e+05   5.3670e+05   5.2682e+05   5.1929e+05   5.0895e+05   4.9921e+05   4.8951e+05   4.7803e+05   4.6605e+05   4.5708e+05   4.4985e+05   4.4346e+05   4.3858e+05   4.3066e+05   4.2658e+05   4.2104e+05   4.1435e+05   4.0696e+05   4.0209e+05   3.9789e+05   3.9382e+05   3.9330e+05   3.9105e+05   3.8518e+05   3.8074e+05   3.7315e+05   3.6897e+05   3.6675e+05   3.6181e+05   3.5593e+05   3.5065e+05   3.4561e+05   3.3987e+05   3.3729e+05   3.3461e+05   3.3101e+05   3.2540e+05   3.2140e+05   3.1739e+05   3.1646e+05   3.1429e+05   3.0937e+05   3.0515e+05
   2.1208e+02   1.0659e+07   9.3752e+06   7.8180e+06   6.5853e+06   5.6437e+06   4.9205e+06   4.3518e+06   3.8914e+06   3.5206e+06   3.2098e+06   2.9487e+06   2.7174e+06   2.5084e+06   2.3316e+06   2.1767e+06   2.0443e+06   1.9249e+06   1.8162e+06   1.7281e+06   1.6433e+06   1.5712e+06   1.4986e+06   1.4257e+06   1.3686e+06   1.3163e+06   1.2574e+06   1.2076e+06   1.1606e+06   1.1184e+06   1.0733e+06   1.0423e+06   1.0081e+06   9.7784e+05   9.4297e+05   9.1095e+05   8.8343e+05   8.6192e+05   8.3987e+05   8.1832e+05   7.9765e+05   7.7557e+05   7.5819e+05   7.3348e+05   7.1240e+05   6.9250e+05   6.7575e+05   6.5745e+05   6.4324e+05   6.3046e+05   6.1805e+05   6.0500e+05   5.9140e+05   5.7424e+05   5.6446e+05   5.5537e+05   5.4222e+05   5.3409e+05   5.2531e+05   5.1441e+05   5.0721e+05   4.9572e+05   4.9048e+05   4.8250e+05   4.7805e+05   4.7067e+05   4.6110e+05   4.5534e+05   4.4854e+05   4.4110e+05   4.3239e+05   4.2416e+05   4.1320e+05   4.0511e+05   3.9698e+05   3.9016e+05   3.8415e+05   3.7666e+05   3.6960e+05   3.5959e+05   3.5491e+05   3.5316e+05   3.5015e+05   3.4474e+05   3.3710e+05   3.2980e+05   3.2477e+05   3.1936e+05   3.1533e+05   3.1315e+05   3.1098e+05   3.0757e+05   3.0368e+05   3.0031e+05   2.9415e+05   2.8880e+05   2.8460e+05   2.8121e+05   2.7757e+05   2.7418e+05

   6.3650e+03
   6.4770e+03
   7.4580e+03
   9.1970e+03
   1.0606e+04
   1.1668e+04
   1.2611e+04

