   2.0000
   2.0050
   2.0100
   2.0150
   2.0200
   2.0250
   2.0300
   2.0350
   2.0400
   2.0450
   2.0500
   2.0550
   2.0600
   2.0650
   2.0700
   2.0750
   2.0800
   2.0850
   2.0900
   2.0950
   2.1000
   2.1050
   2.1100
   2.1150
   2.1200
   2.1250
   2.1300
   2.1350
   2.1400
   2.1450
   2.1500
   2.1550
   2.1600
   2.1650
   2.1700
   2.1750
   2.1800
   2.1850
   2.1900
   2.1950
   2.2000
   2.2050
   2.2100
   2.2150
   2.2200
   2.2250
   2.2300
   2.2350
   2.2400
   2.2450
   2.2500
   2.2550
   2.2600
   2.2650
   2.2700
   2.2750
   2.2800
   2.2850
   2.2900
   2.2950
   2.3000
   2.3050
   2.3100
   2.3150
   2.3200
   2.3250
   2.3300
   2.3350
   2.3400
   2.3450
   2.3500
   2.3550
   2.3600
   2.3650
   2.3700
   2.3750
   2.3800
   2.3850
   2.3900
   2.3950
   2.4000
   2.4050
   2.4100
   2.4150
   2.4200
   2.4250
   2.4300
   2.4350
   2.4400
   2.4450
   2.4500
   2.4550
   2.4600
   2.4650
   2.4700
   2.4750
   2.4800
   2.4850
   2.4900
   2.4950
   2.5000
   2.5050
   2.5100
   2.5150
   2.5200
   2.5250
   2.5300
   2.5350
   2.5400
   2.5450
   2.5500
   2.5550
   2.5600
   2.5650
   2.5700
   2.5750
   2.5800
   2.5850
   2.5900
   2.5950

        0        0        0        0        0        0        0        0        0        0
        0        0        0        0        0        0        0        0        0        0
        0        0        0        0        0        0        0        0        0        0
        0        0        0        0        0        0        0        0        0        0
        0        0        0        0        0        0        0        0        0        0
        0        0        0        0        0        0        0        0        0        0
        0        0        0        0        0        0        0        0        0        0
        0        0        0        0        0        0        0        0        0        0
        0        0        0        0        0        0        0        0        0        0
        0        0        0        0        0        0        0        0        0        0
        0        0        0        0        0        0        0        0        0        0
        0        0        0        0        0        0        0        0        0        0
        0        0        0        0        0        0        0        0        0        0
        0        0        0        0        0        0        0        0        0        0
        0        0        0        0        0        0        0        0        0        0
        0        0        0        0        0        0        0        0        0        0
        0        0        0        0        0        0        0        0        0        0
        0        0        0        0        0        0        0        0        0        0
        0        0        0        0        0        0        0        0        0        0
        0        0        0        0        0        0        0        0        0        0
        0        0        0        0        0        0        0        0        0        0
        0        0        0        0        0        0        0        0        0        0
        0        0        0        0        0        0        0        0        0        0
        0        0        0        0        0        0        0        0        0        0
        0        0        0        0        0        0        0        0        0        0
        0        0        0        0        0        0        0        0        0        0
        0        0        0        0        0        0        0        0        0        0
        0        0        0        0        0        0        0        0        0        0
        0        0        0        0        0        0        0        0        0        0
        0        0        0        0        0        0        0        0        0        0
        0        0        0        0        0        0        0        0        0        0
        0        0        0        0        0        0        0        0        0        0
        0        0        0        0        0        0        0        0        0        0
        0        0        0        0        0        0        0        0        0        0
        0        0        0        0        0        0        0        0        0        0
        0        0        0        0        0        0        0        0        0        0
        0        0        0        0        0        0        0        0        0        0
        0        0        0        0        0        0        0        0        0        0
        0        0        0        0        0        0        0        0        0        0
        0        0        0        0        0        0        0        0        0        0
        0        0        0        0        0        0        0        0        0        0
        0        0        0        0        0        0        0        0        0        0
        0        0        0        0        0        0        0        0        0        0
        0        0        0        0        0        0        0        0        0        0
        0        0        0        0        0        0        0        0        0        0
        0        0        0        0        0        0        0        0        0        0
        0        0        0        0        0        0        0        0        0        0
        0        0        0        0        0        0        0        0        0        0
        0        0        0        0        0        0        0        0        0        0
        0        0        0        0        0        0        0        0        0        0
        0        0        0        0        0        0        0        0        0        0
        0        0        0        0        0        0        0        0        0        0
        0        0        0        0        0        0        0        0        0        0
        0        0        0        0        0        0        0        0        0        0
        0        0        0        0        0        0        0        0        0        0
        0        0        0        0        0        0        0        0        0        0
        0        0        0        0        0        0        0        0        0        0
        0        0        0        0        0        0        0        0        0        0
        0        0        0        0        0        0        0        0        0        0
        0        0        0        0        0        0        0        0        0        0
     -inf  -1.3662  -1.3679  -1.3678  -1.3695  -1.3704  -1.3698  -1.3700  -1.3697  -1.3701
     -inf  -1.3575  -1.3574  -1.3575  -1.3565  -1.3578  -1.3575  -1.3576  -1.3576  -1.3572
     -inf  -1.3473  -1.3485  -1.3462  -1.3464  -1.3462  -1.3459  -1.3465  -1.3460  -1.3461
     -inf  -1.3365  -1.3368  -1.3369  -1.3377  -1.3381  -1.3379  -1.3378  -1.3377  -1.3378
     -inf  -1.3291  -1.3323  -1.3329  -1.3335  -1.3316  -1.3311  -1.3320  -1.3322  -1.3326
     -inf  -1.3184  -1.3194  -1.3187  -1.3203  -1.3199  -1.3198  -1.3197  -1.3193  -1.3197
     -inf  -1.3105  -1.3100  -1.3091  -1.3104  -1.3104  -1.3103  -1.3103  -1.3102  -1.3103
     -inf  -1.2963  -1.2996  -1.2991  -1.3006  -1.3009  -1.3001  -1.3005  -1.3003  -1.3007
     -inf  -1.2935  -1.2942  -1.2928  -1.2931  -1.2942  -1.2943  -1.2942  -1.2938  -1.2936
     -inf  -1.2843  -1.2856  -1.2858  -1.2845  -1.2846  -1.2845  -1.2847  -1.2849  -1.2845
     -inf  -1.2759  -1.2772  -1.2777  -1.2772  -1.2774  -1.2773  -1.2774  -1.2775  -1.2773
     -inf  -1.2661  -1.2662  -1.2674  -1.2676  -1.2676  -1.2677  -1.2672  -1.2676  -1.2678
     -inf  -1.2665  -1.2629  -1.2623  -1.2614  -1.2616  -1.2617  -1.2615  -1.2616  -1.2612
     -inf  -1.2562  -1.2554  -1.2523  -1.2523  -1.2522  -1.2527  -1.2532  -1.2522  -1.2523
     -inf  -1.2485  -1.2462  -1.2478  -1.2476  -1.2476  -1.2474  -1.2469  -1.2475  -1.2476
     -inf  -1.2452  -1.2434  -1.2430  -1.2420  -1.2415  -1.2411  -1.2412  -1.2410  -1.2408
     -inf  -1.2351  -1.2325  -1.2323  -1.2330  -1.2322  -1.2325  -1.2324  -1.2322  -1.2326
     -inf  -1.2295  -1.2262  -1.2263  -1.2255  -1.2255  -1.2263  -1.2258  -1.2259  -1.2257
     -inf  -1.2185  -1.2174  -1.2168  -1.2178  -1.2183  -1.2182  -1.2184  -1.2181  -1.2178
     -inf  -1.2133  -1.2137  -1.2133  -1.2129  -1.2128  -1.2126  -1.2127  -1.2128  -1.2128
     -inf  -1.2075  -1.2077  -1.2064  -1.2066  -1.2069  -1.2072  -1.2070  -1.2069  -1.2067
     -inf  -1.2054  -1.2026  -1.2023  -1.2021  -1.2021  -1.2016  -1.2015  -1.2016  -1.2014
     -inf  -1.1958  -1.1956  -1.1958  -1.1953  -1.1953  -1.1954  -1.1956  -1.1958  -1.1955
     -inf  -1.1905  -1.1899  -1.1901  -1.1900  -1.1898  -1.1898  -1.1894  -1.1894  -1.1894
     -inf  -1.1850  -1.1846  -1.1847  -1.1845  -1.1845  -1.1843  -1.1843  -1.1844  -1.1843
     -inf  -1.1793  -1.1802  -1.1797  -1.1797  -1.1799  -1.1791  -1.1790  -1.1789  -1.1788
     -inf  -1.1731  -1.1731  -1.1737  -1.1737  -1.1736  -1.1732  -1.1730  -1.1735  -1.1733
     -inf  -1.1681  -1.1684  -1.1684  -1.1677  -1.1679  -1.1676  -1.1676  -1.1677  -1.1676
     -inf  -1.1619  -1.1624  -1.1628  -1.1627  -1.1628  -1.1628  -1.1626  -1.1625  -1.1625
     -inf  -1.1575  -1.1571  -1.1582  -1.1582  -1.1580  -1.1577  -1.1577  -1.1579  -1.1579
        0        0        0        0        0        0        0        0        0        0
        0        0        0        0        0        0        0        0        0        0
        0        0        0        0        0        0        0        0        0        0
        0        0        0        0        0        0        0        0        0        0
        0        0        0        0        0        0        0        0        0        0
        0        0        0        0        0        0        0        0        0        0
        0        0        0        0        0        0        0        0        0        0
        0        0        0        0        0        0        0        0        0        0
        0        0        0        0        0        0        0        0        0        0
        0        0        0        0        0        0        0        0        0        0
        0        0        0        0        0        0        0        0        0        0
        0        0        0        0        0        0        0        0        0        0
        0        0        0        0        0        0        0        0        0        0
        0        0        0        0        0        0        0        0        0        0
        0        0        0        0        0        0        0        0        0        0
        0        0        0        0        0        0        0        0        0        0
        0        0        0        0        0        0        0        0        0        0
        0        0        0        0        0        0        0        0        0        0
        0        0        0        0        0        0        0        0        0        0
        0        0        0        0        0        0        0        0        0        0
        0        0        0        0        0        0        0        0        0        0
        0        0        0        0        0        0        0        0        0        0
        0        0        0        0        0        0        0        0        0        0
        0        0        0        0        0        0        0        0        0        0
        0        0        0        0        0        0        0        0        0        0
        0        0        0        0        0        0        0        0        0        0
        0        0        0        0        0        0        0        0        0        0
        0        0        0        0        0        0        0        0        0        0
        0        0        0        0        0        0        0        0        0        0
        0        0        0        0        0        0        0        0        0        0

            0            0            0            0            0            0            0            0            0            0
            0            0            0            0            0            0            0            0            0            0
            0            0            0            0            0            0            0            0            0            0
            0            0            0            0            0            0            0            0            0            0
            0            0            0            0            0            0            0            0            0            0
            0            0            0            0            0            0            0            0            0            0
            0            0            0            0            0            0            0            0            0            0
            0            0            0            0            0            0            0            0            0            0
            0            0            0            0            0            0            0            0            0            0
            0            0            0            0            0            0            0            0            0            0
            0            0            0            0            0            0            0            0            0            0
            0            0            0            0            0            0            0            0            0            0
            0            0            0            0            0            0            0            0            0            0
            0            0            0            0            0            0            0            0            0            0
            0            0            0            0            0            0            0            0            0            0
            0            0            0            0            0            0            0            0            0            0
            0            0            0            0            0            0            0            0            0            0
            0            0            0            0            0            0            0            0            0            0
            0            0            0            0            0            0            0            0            0            0
            0            0            0            0            0            0            0            0            0            0
            0            0            0            0            0            0            0            0            0            0
            0            0            0            0            0            0            0            0            0            0
            0            0            0            0            0            0            0            0            0            0
            0            0            0            0            0            0            0            0            0            0
            0            0            0            0            0            0            0            0            0            0
            0            0            0            0            0            0            0            0            0            0
            0            0            0            0            0            0            0            0            0            0
            0            0            0            0            0            0            0            0            0            0
            0            0            0            0            0            0            0            0            0            0
            0            0            0            0            0            0            0            0            0            0
            0            0            0            0            0            0            0            0            0            0
            0            0            0            0            0            0            0            0            0            0
            0            0            0            0            0            0            0            0            0            0
            0            0            0            0            0            0            0            0            0            0
            0            0            0            0            0            0            0            0            0            0
            0            0            0            0            0            0            0            0            0            0
            0            0            0            0            0            0            0            0            0            0
            0            0            0            0            0            0            0            0            0            0
            0            0            0            0            0            0            0            0            0            0
            0            0            0            0            0            0            0            0            0            0
            0            0            0            0            0            0            0            0            0            0
            0            0            0            0            0            0            0            0            0            0
            0            0            0            0            0            0            0            0            0            0
            0            0            0            0            0            0            0            0            0            0
            0            0            0            0            0            0            0            0            0            0
            0            0            0            0            0            0            0            0            0            0
            0            0            0            0            0            0            0            0            0            0
            0            0            0            0            0            0            0            0            0            0
            0            0            0            0            0            0            0            0            0            0
            0            0            0            0            0            0            0            0            0            0
            0            0            0            0            0            0            0            0            0            0
            0            0            0            0            0            0            0            0            0            0
            0            0            0            0            0            0            0            0            0            0
            0            0            0            0            0            0            0            0            0            0
            0            0            0            0            0            0            0            0            0            0
            0            0            0            0            0            0            0            0            0            0
            0            0            0            0            0            0            0            0            0            0
            0            0            0            0            0            0            0            0            0            0
            0            0            0            0            0            0            0            0            0            0
            0            0            0            0            0            0            0            0            0            0
         -inf  -2.8830e-01  -1.0178e-01  -1.8116e-02   3.9853e-02   3.4960e-02  -1.3252e-02  -5.0986e-04   2.2376e-02   3.5374e-02
          inf   1.4383e-01   8.1073e-02   4.1079e-02   6.6747e-02   8.7779e-02   1.0642e-01   8.6403e-02   6.9808e-02   8.4230e-02
         -inf  -3.0840e-02   6.3294e-02   1.2729e-01   1.3263e-01   7.5686e-02   7.5716e-02   3.6200e-02   5.2471e-03  -1.2437e-02
         -inf   1.7791e-01  -1.8167e-02  -1.9499e-03   2.4776e-02   4.1586e-02   2.4667e-03   3.4524e-02   2.6215e-02   8.5116e-03
         -inf   2.4695e-02  -3.5672e-02  -1.2954e-01  -1.2885e-01  -1.1014e-01  -8.6652e-02  -6.9196e-02  -1.7841e-02  -5.6861e-03
         -inf   1.2177e-01  -1.3104e-02  -2.8825e-02  -3.3852e-02  -2.1380e-02   1.3693e-03  -1.9353e-02  -2.4956e-02  -3.2323e-02
          inf   7.5063e-02   5.8637e-02  -2.7924e-02  -2.7145e-02  -3.0132e-02  -4.4332e-02  -3.9752e-02  -1.0888e-02  -4.7466e-03
          inf  -3.3477e-02  -2.0307e-02  -1.3101e-02   8.5840e-03   1.7142e-02   3.3709e-03   4.9690e-03   4.8877e-03   9.8280e-03
          inf   6.0484e-02   1.9664e-02   4.7522e-02   2.5377e-02   2.8196e-02   3.7701e-02   2.6794e-02   3.6749e-02   2.6674e-02
         -inf  -2.7404e-02  -3.8761e-02  -4.8142e-02  -2.3419e-02  -2.3853e-02  -2.8626e-02  -2.6353e-02  -3.7698e-02  -2.3946e-02
         -inf  -3.0526e-02   4.6781e-03  -1.3467e-02   3.9508e-03   3.3269e-03  -4.5667e-03   4.9645e-04  -4.3164e-03   1.0547e-03
         -inf  -4.2497e-02  -2.6839e-02  -8.6117e-03  -6.1284e-03   1.3009e-02   1.9234e-02   1.9693e-02   1.0823e-02   1.0123e-02
         -inf  -1.1903e-02   3.4509e-03   5.3961e-03  -1.0524e-02  -3.9584e-03   4.4976e-03   1.7133e-03   2.9817e-05   4.0085e-03
         -inf   5.9426e-02   4.3949e-02   1.9568e-02   3.7046e-03  -7.7570e-03   3.2806e-03   6.2135e-03   3.6069e-03  -1.3470e-03
          inf   4.2944e-02   4.8512e-03   9.0918e-03   1.5951e-02   1.4497e-02   1.3591e-02   5.4048e-03   7.1101e-03   1.1563e-02
         -inf  -7.8109e-02  -6.5320e-02  -5.6839e-02  -3.5104e-02  -2.6818e-02  -2.4199e-02  -1.5380e-02  -2.4907e-02  -2.6934e-02
         -inf   1.3108e-02  -2.1005e-02  -5.8664e-03   1.1715e-02   1.8622e-02   2.0500e-02   1.1012e-02   1.0627e-02   1.7877e-02
          inf  -6.5803e-02  -3.8827e-02  -3.0994e-02  -3.3902e-02  -2.5521e-02  -3.2560e-02  -2.9811e-02  -2.8427e-02  -3.1673e-02
         -inf  -5.6029e-02  -3.3775e-02  -2.1939e-02  -2.6699e-02  -2.2625e-02  -5.2097e-03  -3.5048e-04  -1.1379e-03  -3.2528e-03
          inf  -6.9603e-03   2.6252e-03   1.1823e-02   1.3085e-02   6.5558e-03   9.5296e-04   2.2365e-03   1.7310e-03  -3.6526e-03
          inf  -2.1592e-02   8.0094e-03   3.0982e-03  -2.0269e-03  -3.9461e-03  -2.0101e-03  -1.0135e-03   9.0069e-04  -1.5751e-03
         -inf  -1.0096e-02   8.0367e-03  -5.6458e-03  -7.1969e-03  -6.7360e-03  -5.9827e-03  -7.9759e-03  -7.6802e-03  -4.7668e-03
         -inf  -2.4992e-03  -2.3458e-02  -1.9301e-02  -1.1054e-02  -1.3857e-02  -8.9675e-03  -9.2450e-03  -8.8063e-03  -9.5398e-03
         -inf  -7.7492e-03   2.6968e-03   1.3136e-02   9.5483e-03   9.3043e-03   1.1246e-02   8.4896e-03   6.0677e-03   7.1150e-03
         -inf   4.1394e-02   3.5442e-02   1.3604e-02   1.6941e-02   1.0796e-02   5.5726e-03   7.0116e-03   4.2686e-03   3.5173e-03
          inf   1.4583e-02   4.8112e-03  -8.3229e-04   2.8292e-03   6.2552e-03   3.8643e-03  -1.5782e-04   3.5735e-03   1.6718e-03
         -inf   5.2948e-03   2.7116e-03  -1.2172e-03  -3.8571e-03  -6.4484e-03  -6.7691e-03  -7.9547e-03  -5.4616e-03  -9.0779e-03
         -inf   2.0959e-03   2.7754e-03  -6.3353e-03  -1.1558e-02  -1.0330e-02  -1.0755e-02  -1.0095e-02  -1.0868e-02  -8.6793e-03
         -inf   1.6493e-02   1.3314e-02   1.4539e-02   1.4304e-02   1.6965e-02   1.0542e-02   9.2256e-03   1.1633e-02   1.0027e-02
          inf   2.6839e-02   7.5387e-03   8.4923e-03   8.1521e-03   7.7970e-03   6.7293e-03   5.4456e-03   5.5522e-03   1.0648e-03
            0            0            0            0            0            0            0            0            0            0
            0            0            0            0            0            0            0            0            0            0
            0            0            0            0            0            0            0            0            0            0
            0            0            0            0            0            0            0            0            0            0
            0            0            0            0            0            0            0            0            0            0
            0            0            0            0            0            0            0            0            0            0
            0            0            0            0            0            0            0            0            0            0
            0            0            0            0            0            0            0            0            0            0
            0            0            0            0            0            0            0            0            0            0
            0            0            0            0            0            0            0            0            0            0
            0            0            0            0            0            0            0            0            0            0
            0            0            0            0            0            0            0            0            0            0
            0            0            0            0            0            0            0            0            0            0
            0            0            0            0            0            0            0            0            0            0
            0            0            0            0            0            0            0            0            0            0
            0            0            0            0            0            0            0            0            0            0
            0            0            0            0            0            0            0            0            0            0
            0            0            0            0            0            0            0            0            0            0
            0            0            0            0            0            0            0            0            0            0
            0            0            0            0            0            0            0            0            0            0
            0            0            0            0            0            0            0            0            0            0
            0            0            0            0            0            0            0            0            0            0
            0            0            0            0            0            0            0            0            0            0
            0            0            0            0            0            0            0            0            0            0
            0            0            0            0            0            0            0            0            0            0
            0            0            0            0            0            0            0            0            0            0
            0            0            0            0            0            0            0            0            0            0
            0            0            0            0            0            0            0            0            0            0
            0            0            0            0            0            0            0            0            0            0
            0            0            0            0            0            0            0            0            0            0

        0        0        0        0        0        0        0        0        0        0
        0        0        0        0        0        0        0        0        0        0
        0        0        0        0        0        0        0        0        0        0
        0        0        0        0        0        0        0        0        0        0
        0        0        0        0        0        0        0        0        0        0
        0        0        0        0        0        0        0        0        0        0
        0        0        0        0        0        0        0        0        0        0
        0        0        0        0        0        0        0        0        0        0
        0        0        0        0        0        0        0        0        0        0
        0        0        0        0        0        0        0        0        0        0
        0        0        0        0        0        0        0        0        0        0
        0        0        0        0        0        0        0        0        0        0
        0        0        0        0        0        0        0        0        0        0
        0        0        0        0        0        0        0        0        0        0
        0        0        0        0        0        0        0        0        0        0
        0        0        0        0        0        0        0        0        0        0
        0        0        0        0        0        0        0        0        0        0
        0        0        0        0        0        0        0        0        0        0
        0        0        0        0        0        0        0        0        0        0
        0        0        0        0        0        0        0        0        0        0
        0        0        0        0        0        0        0        0        0        0
        0        0        0        0        0        0        0        0        0        0
        0        0        0        0        0        0        0        0        0        0
        0        0        0        0        0        0        0        0        0        0
        0        0        0        0        0        0        0        0        0        0
        0        0        0        0        0        0        0        0        0        0
        0        0        0        0        0        0        0        0        0        0
        0        0        0        0        0        0        0        0        0        0
        0        0        0        0        0        0        0        0        0        0
        0        0        0        0        0        0        0        0        0        0
        0        0        0        0        0        0        0        0        0        0
        0        0        0        0        0        0        0        0        0        0
        0        0        0        0        0        0        0        0        0        0
        0        0        0        0        0        0        0        0        0        0
        0        0        0        0        0        0        0        0        0        0
        0        0        0        0        0        0        0        0        0        0
        0        0        0        0        0        0        0        0        0        0
        0        0        0        0        0        0        0        0        0        0
        0        0        0        0        0        0        0        0        0        0
        0        0        0        0        0        0        0        0        0        0
        0        0        0        0        0        0        0        0        0        0
        0        0        0        0        0        0        0        0        0        0
        0        0        0        0        0        0        0        0        0        0
        0        0        0        0        0        0        0        0        0        0
        0        0        0        0        0        0        0        0        0        0
        0        0        0        0        0        0        0        0        0        0
        0        0        0        0        0        0        0        0        0        0
        0        0        0        0        0        0        0        0        0        0
        0        0        0        0        0        0        0        0        0        0
        0        0        0        0        0        0        0        0        0        0
        0        0        0        0        0        0        0        0        0        0
        0        0        0        0        0        0        0        0        0        0
        0        0        0        0        0        0        0        0        0        0
        0        0        0        0        0        0        0        0        0        0
        0        0        0        0        0        0        0        0        0        0
        0        0        0        0        0        0        0        0        0        0
        0        0        0        0        0        0        0        0        0        0
        0        0        0        0        0        0        0        0        0        0
        0        0        0        0        0        0        0        0        0        0
        0        0        0        0        0        0        0        0        0        0
      inf   0.5221   0.5314   0.5323   0.5374   0.5410   0.5382   0.5399   0.5389   0.5398
      inf   0.5033   0.5048   0.5073   0.5059   0.5120   0.5098   0.5096   0.5098   0.5092
      inf   0.4880   0.4975   0.4875   0.4871   0.4879   0.4861   0.4892   0.4868   0.4868
      inf   0.4698   0.4683   0.4683   0.4705   0.4732   0.4727   0.4716   0.4712   0.4714
      inf   0.4659   0.4762   0.4761   0.4780   0.4689   0.4680   0.4719   0.4724   0.4735
      inf   0.4420   0.4403   0.4363   0.4422   0.4399   0.4405   0.4397   0.4381   0.4396
      inf   0.4262   0.4243   0.4194   0.4248   0.4226   0.4232   0.4234   0.4228   0.4234
      inf   0.3892   0.4005   0.4020   0.4069   0.4053   0.4026   0.4039   0.4044   0.4058
      inf   0.3940   0.4018   0.3933   0.3953   0.3981   0.3978   0.3988   0.3966   0.3962
      inf   0.3712   0.3806   0.3836   0.3751   0.3739   0.3735   0.3752   0.3773   0.3743
      inf   0.3559   0.3639   0.3672   0.3648   0.3647   0.3641   0.3645   0.3656   0.3646
      inf   0.3312   0.3360   0.3409   0.3424   0.3426   0.3424   0.3409   0.3421   0.3433
      inf   0.3578   0.3424   0.3417   0.3378   0.3390   0.3388   0.3382   0.3385   0.3368
      inf   0.3287   0.3285   0.3149   0.3156   0.3149   0.3167   0.3191   0.3149   0.3157
      inf   0.3141   0.3048   0.3133   0.3138   0.3147   0.3140   0.3109   0.3137   0.3145
      inf   0.3241   0.3178   0.3165   0.3137   0.3107   0.3096   0.3103   0.3093   0.3087
      inf   0.3028   0.2896   0.2908   0.2943   0.2921   0.2934   0.2921   0.2918   0.2933
      inf   0.3006   0.2817   0.2839   0.2812   0.2806   0.2842   0.2816   0.2823   0.2817
      inf   0.2666   0.2609   0.2602   0.2646   0.2666   0.2649   0.2656   0.2646   0.2629
      inf   0.2602   0.2637   0.2649   0.2639   0.2637   0.2628   0.2629   0.2639   0.2632
      inf   0.2597   0.2556   0.2519   0.2539   0.2545   0.2557   0.2540   0.2530   0.2526
      inf   0.2688   0.2535   0.2529   0.2505   0.2505   0.2484   0.2483   0.2495   0.2486
      inf   0.2384   0.2374   0.2359   0.2353   0.2363   0.2383   0.2386   0.2391   0.2389
      inf   0.2452   0.2370   0.2371   0.2360   0.2360   0.2361   0.2340   0.2339   0.2344
      inf   0.2306   0.2325   0.2318   0.2309   0.2311   0.2296   0.2296   0.2296   0.2290
      inf   0.2291   0.2332   0.2271   0.2269   0.2284   0.2250   0.2242   0.2234   0.2233
      inf   0.2227   0.2155   0.2177   0.2193   0.2186   0.2172   0.2163   0.2182   0.2175
      inf   0.2118   0.2129   0.2110   0.2092   0.2098   0.2086   0.2092   0.2092   0.2091
      inf   0.2058   0.2024   0.2024   0.2028   0.2037   0.2042   0.2039   0.2032   0.2028
      inf   0.1965   0.1975   0.2001   0.2013   0.2006   0.2003   0.2008   0.2009   0.2018
        0        0        0        0        0        0        0        0        0        0
        0        0        0        0        0        0        0        0        0        0
        0        0        0        0        0        0        0        0        0        0
        0        0        0        0        0        0        0        0        0        0
        0        0        0        0        0        0        0        0        0        0
        0        0        0        0        0        0        0        0        0        0
        0        0        0        0        0        0        0        0        0        0
        0        0        0        0        0        0        0        0        0        0
        0        0        0        0        0        0        0        0        0        0
        0        0        0        0        0        0        0        0        0        0
        0        0        0        0        0        0        0        0        0        0
        0        0        0        0        0        0        0        0        0        0
        0        0        0        0        0        0        0        0        0        0
        0        0        0        0        0        0        0        0        0        0
        0        0        0        0        0        0        0        0        0        0
        0        0        0        0        0        0        0        0        0        0
        0        0        0        0        0        0        0        0        0        0
        0        0        0        0        0        0        0        0        0        0
        0        0        0        0        0        0        0        0        0        0
        0        0        0        0        0        0        0        0        0        0
        0        0        0        0        0        0        0        0        0        0
        0        0        0        0        0        0        0        0        0        0
        0        0        0        0        0        0        0        0        0        0
        0        0        0        0        0        0        0        0        0        0
        0        0        0        0        0        0        0        0        0        0
        0        0        0        0        0        0        0        0        0        0
        0        0        0        0        0        0        0        0        0        0
        0        0        0        0        0        0        0        0        0        0
        0        0        0        0        0        0        0        0        0        0
        0        0        0        0        0        0        0        0        0        0

        0        0        0        0        0        0        0        0        0        0
        0        0        0        0        0        0        0        0        0        0
        0        0        0        0        0        0        0        0        0        0
        0        0        0        0        0        0        0        0        0        0
        0        0        0        0        0        0        0        0        0        0
        0        0        0        0        0        0        0        0        0        0
        0        0        0        0        0        0        0        0        0        0
        0        0        0        0        0        0        0        0        0        0
        0        0        0        0        0        0        0        0        0        0
        0        0        0        0        0        0        0        0        0        0
        0        0        0        0        0        0        0        0        0        0
        0        0        0        0        0        0        0        0        0        0
        0        0        0        0        0        0        0        0        0        0
        0        0        0        0        0        0        0        0        0        0
        0        0        0        0        0        0        0        0        0        0
        0        0        0        0        0        0        0        0        0        0
        0        0        0        0        0        0        0        0        0        0
        0        0        0        0        0        0        0        0        0        0
        0        0        0        0        0        0        0        0        0        0
        0        0        0        0        0        0        0        0        0        0
        0        0        0        0        0        0        0        0        0        0
        0        0        0        0        0        0        0        0        0        0
        0        0        0        0        0        0        0        0        0        0
        0        0        0        0        0        0        0        0        0        0
        0        0        0        0        0        0        0        0        0        0
        0        0        0        0        0        0        0        0        0        0
        0        0        0        0        0        0        0        0        0        0
        0        0        0        0        0        0        0        0        0        0
        0        0        0        0        0        0        0        0        0        0
        0        0        0        0        0        0        0        0        0        0
        0        0        0        0        0        0        0        0        0        0
        0        0        0        0        0        0        0        0        0        0
        0        0        0        0        0        0        0        0        0        0
        0        0        0        0        0        0        0        0        0        0
        0        0        0        0        0        0        0        0        0        0
        0        0        0        0        0        0        0        0        0        0
        0        0        0        0        0        0        0        0        0        0
        0        0        0        0        0        0        0        0        0        0
        0        0        0        0        0        0        0        0        0        0
        0        0        0        0        0        0        0        0        0        0
        0        0        0        0        0        0        0        0        0        0
        0        0        0        0        0        0        0        0        0        0
        0        0        0        0        0        0        0        0        0        0
        0        0        0        0        0        0        0        0        0        0
        0        0        0        0        0        0        0        0        0        0
        0        0        0        0        0        0        0        0        0        0
        0        0        0        0        0        0        0        0        0        0
        0        0        0        0        0        0        0        0        0        0
        0        0        0        0        0        0        0        0        0        0
        0        0        0        0        0        0        0        0        0        0
        0        0        0        0        0        0        0        0        0        0
        0        0        0        0        0        0        0        0        0        0
        0        0        0        0        0        0        0        0        0        0
        0        0        0        0        0        0        0        0        0        0
        0        0        0        0        0        0        0        0        0        0
        0        0        0        0        0        0        0        0        0        0
        0        0        0        0        0        0        0        0        0        0
        0        0        0        0        0        0        0        0        0        0
        0        0        0        0        0        0        0        0        0        0
        0        0        0        0        0        0        0        0        0        0
      nan   2.0020   1.9732   1.9811   1.9747   1.9649   1.9719   1.9668   1.9671   1.9684
      nan   1.9789   1.9599   1.9681   1.9569   1.9568   1.9590   1.9577   1.9620   1.9567
      nan   1.9330   1.9273   1.9417   1.9392   1.9351   1.9332   1.9313   1.9366   1.9359
      nan   1.8688   1.9133   1.9023   1.9193   1.9233   1.9144   1.9196   1.9148   1.9188
      nan   1.7960   1.8323   1.8613   1.8623   1.8681   1.8587   1.8606   1.8670   1.8663
      nan   1.7525   1.7944   1.8087   1.8384   1.8324   1.8229   1.8265   1.8253   1.8344
      nan   1.8307   1.8201   1.7975   1.8037   1.7982   1.7982   1.8040   1.7966   1.8002
      nan   1.6357   1.6533   1.6518   1.6872   1.6951   1.6865   1.6865   1.6822   1.6934
      nan   1.6499   1.6854   1.6795   1.6933   1.6960   1.6883   1.6902   1.6916   1.6937
      nan   1.6775   1.6744   1.6636   1.6491   1.6488   1.6547   1.6563   1.6527   1.6479
      nan   1.4874   1.5546   1.5742   1.5839   1.5931   1.5754   1.5824   1.5852   1.5881
      nan   1.5000   1.5163   1.5293   1.5277   1.5355   1.5315   1.5275   1.5314   1.5322
      nan   1.5645   1.5253   1.5251   1.5257   1.5169   1.5212   1.5182   1.5209   1.5194
      nan   1.4796   1.5024   1.4585   1.4591   1.4562   1.4606   1.4712   1.4580   1.4590
      nan   1.4150   1.4034   1.4184   1.4330   1.4364   1.4212   1.4169   1.4237   1.4284
      nan   1.4548   1.4388   1.4259   1.4122   1.4093   1.3974   1.4079   1.4112   1.4089
      nan   1.3757   1.3654   1.3474   1.3551   1.3468   1.3504   1.3525   1.3473   1.3500
      nan   1.3674   1.2949   1.3104   1.3043   1.2965   1.3093   1.2980   1.3030   1.3015
      nan   1.2208   1.1995   1.2150   1.2351   1.2393   1.2428   1.2425   1.2483   1.2452
      nan   1.2391   1.2597   1.2469   1.2442   1.2424   1.2392   1.2350   1.2346   1.2330
      nan   1.2137   1.1924   1.1875   1.2122   1.2200   1.2229   1.2136   1.2082   1.2022
      nan   1.2564   1.2136   1.2075   1.2079   1.2063   1.1929   1.1901   1.1941   1.1886
      nan   1.1771   1.1683   1.1611   1.1618   1.1602   1.1629   1.1671   1.1632   1.1606
      nan   1.1317   1.1376   1.1370   1.1399   1.1424   1.1463   1.1430   1.1387   1.1389
      nan   1.1197   1.1358   1.1278   1.1262   1.1257   1.1184   1.1194   1.1160   1.1134
      nan   1.1227   1.1229   1.1048   1.1001   1.1074   1.0996   1.0980   1.0947   1.0950
      nan   1.0777   1.0602   1.0589   1.0624   1.0575   1.0600   1.0577   1.0637   1.0615
      nan   1.0667   1.0579   1.0482   1.0393   1.0514   1.0483   1.0444   1.0431   1.0420
      nan   1.0179   1.0093   1.0157   1.0123   1.0235   1.0257   1.0239   1.0244   1.0225
      nan   1.0112   1.0075   1.0154   1.0152   1.0140   1.0124   1.0179   1.0179   1.0170
        0        0        0        0        0        0        0        0        0        0
        0        0        0        0        0        0        0        0        0        0
        0        0        0        0        0        0        0        0        0        0
        0        0        0        0        0        0        0        0        0        0
        0        0        0        0        0        0        0        0        0        0
        0        0        0        0        0        0        0        0        0        0
        0        0        0        0        0        0        0        0        0        0
        0        0        0        0        0        0        0        0        0        0
        0        0        0        0        0        0        0        0        0        0
        0        0        0        0        0        0        0        0        0        0
        0        0        0        0        0        0        0        0        0        0
        0        0        0        0        0        0        0        0        0        0
        0        0        0        0        0        0        0        0        0        0
        0        0        0        0        0        0        0        0        0        0
        0        0        0        0        0        0        0        0        0        0
        0        0        0        0        0        0        0        0        0        0
        0        0        0        0        0        0        0        0        0        0
        0        0        0        0        0        0        0        0        0        0
        0        0        0        0        0        0        0        0        0        0
        0        0        0        0        0        0        0        0        0        0
        0        0        0        0        0        0        0        0        0        0
        0        0        0        0        0        0        0        0        0        0
        0        0        0        0        0        0        0        0        0        0
        0        0        0        0        0        0        0        0        0        0
        0        0        0        0        0        0        0        0        0        0
        0        0        0        0        0        0        0        0        0        0
        0        0        0        0        0        0        0        0        0        0
        0        0        0        0        0        0        0        0        0        0
        0        0        0        0        0        0        0        0        0        0
        0        0        0        0        0        0        0        0        0        0

            0            0            0            0            0            0            0            0            0            0
            0            0            0            0            0            0            0            0            0            0
            0            0            0            0            0            0            0            0            0            0
            0            0            0            0            0            0            0            0            0            0
            0            0            0            0            0            0            0            0            0            0
            0            0            0            0            0            0            0            0            0            0
            0            0            0            0            0            0            0            0            0            0
            0            0            0            0            0            0            0            0            0            0
            0            0            0            0            0            0            0            0            0            0
            0            0            0            0            0            0            0            0            0            0
            0            0            0            0            0            0            0            0            0            0
            0            0            0            0            0            0            0            0            0            0
            0            0            0            0            0            0            0            0            0            0
            0            0            0            0            0            0            0            0            0            0
            0            0            0            0            0            0            0            0            0            0
            0            0            0            0            0            0            0            0            0            0
            0            0            0            0            0            0            0            0            0            0
            0            0            0            0            0            0            0            0            0            0
            0            0            0            0            0            0            0            0            0            0
            0            0            0            0            0            0            0            0            0            0
            0            0            0            0            0            0            0            0            0            0
            0            0            0            0            0            0            0            0            0            0
            0            0            0            0            0            0            0            0            0            0
            0            0            0            0            0            0            0            0            0            0
            0            0            0            0            0            0            0            0            0            0
            0            0            0            0            0            0            0            0            0            0
            0            0            0            0            0            0            0            0            0            0
            0            0            0            0            0            0            0            0            0            0
            0            0            0            0            0            0            0            0            0            0
            0            0            0            0            0            0            0            0            0            0
            0            0            0            0            0            0            0            0            0            0
            0            0            0            0            0            0            0            0            0            0
            0            0            0            0            0            0            0            0            0            0
            0            0            0            0            0            0            0            0            0            0
            0            0            0            0            0            0            0            0            0            0
            0            0            0            0            0            0            0            0            0            0
            0            0            0            0            0            0            0            0            0            0
            0            0            0            0            0            0            0            0            0            0
            0            0            0            0            0            0            0            0            0            0
            0            0            0            0            0            0            0            0            0            0
            0            0            0            0            0            0            0            0            0            0
            0            0            0            0            0            0            0            0            0            0
            0            0            0            0            0            0            0            0            0            0
            0            0            0            0            0            0            0            0            0            0
            0            0            0            0            0            0            0            0            0            0
            0            0            0            0            0            0            0            0            0            0
            0            0            0            0            0            0            0            0            0            0
            0            0            0            0            0            0            0            0            0            0
            0            0            0            0            0            0            0            0            0            0
            0            0            0            0            0            0            0            0            0            0
            0            0            0            0            0            0            0            0            0            0
            0            0            0            0            0            0            0            0            0            0
            0            0            0            0            0            0            0            0            0            0
            0            0            0            0            0            0            0            0            0            0
            0            0            0            0            0            0            0            0            0            0
            0            0            0            0            0            0            0            0            0            0
            0            0            0            0            0            0            0            0            0            0
            0            0            0            0            0            0            0            0            0            0
            0            0            0            0            0            0            0            0            0            0
            0            0            0            0            0            0            0            0            0            0
          nan   1.6154e+02   2.1705e+02   2.2447e+02   2.2677e+02   2.2923e+02   2.2837e+02   2.2937e+02   2.2837e+02   2.2845e+02
          nan   1.9266e+02   2.0272e+02   2.0744e+02   2.0400e+02   2.0540e+02   2.0180e+02   2.0437e+02   2.0640e+02   2.0421e+02
          nan   1.9452e+02   1.9756e+02   1.8374e+02   1.8264e+02   1.9103e+02   1.8992e+02   1.9470e+02   1.9435e+02   1.9430e+02
          nan   1.5965e+02   1.8182e+02   1.8209e+02   1.8336e+02   1.8409e+02   1.8476e+02   1.8350e+02   1.8355e+02   1.8420e+02
          nan   1.7799e+02   1.8388e+02   1.7387e+02   1.7492e+02   1.7311e+02   1.7560e+02   1.7966e+02   1.8318e+02   1.8395e+02
          nan   1.5283e+02   1.6288e+02   1.6043e+02   1.6394e+02   1.6325e+02   1.6369e+02   1.6310e+02   1.6197e+02   1.6260e+02
          nan   1.5079e+02   1.5106e+02   1.5020e+02   1.5319e+02   1.5220e+02   1.5163e+02   1.5200e+02   1.5263e+02   1.5310e+02
          nan   1.3017e+02   1.3793e+02   1.3830e+02   1.4182e+02   1.4124e+02   1.3962e+02   1.4050e+02   1.4053e+02   1.4147e+02
          nan   1.3173e+02   1.3810e+02   1.3294e+02   1.3529e+02   1.3675e+02   1.3598e+02   1.3691e+02   1.3550e+02   1.3579e+02
          nan   1.2342e+02   1.2738e+02   1.2765e+02   1.2457e+02   1.2423e+02   1.2395e+02   1.2490e+02   1.2521e+02   1.2428e+02
          nan   1.1154e+02   1.1702e+02   1.1911e+02   1.1827e+02   1.1852e+02   1.1792e+02   1.1820e+02   1.1877e+02   1.1838e+02
          nan   9.9898e+01   1.0289e+02   1.0561e+02   1.0641e+02   1.0654e+02   1.0623e+02   1.0550e+02   1.0623e+02   1.0682e+02
          nan   1.1302e+02   1.0562e+02   1.0531e+02   1.0350e+02   1.0389e+02   1.0387e+02   1.0354e+02   1.0379e+02   1.0296e+02
          nan   9.6340e+01   9.7603e+01   9.1931e+01   9.2371e+01   9.2176e+01   9.3108e+01   9.4286e+01   9.2205e+01   9.2527e+01
          nan   9.0064e+01   8.7115e+01   9.0725e+01   9.0881e+01   9.1222e+01   9.0811e+01   8.9558e+01   9.0821e+01   9.1128e+01
          nan   9.1839e+01   8.9718e+01   8.9720e+01   8.9309e+01   8.8340e+01   8.7713e+01   8.8412e+01   8.7835e+01   8.7449e+01
          nan   8.3882e+01   7.8714e+01   7.9176e+01   8.0736e+01   7.9519e+01   7.9957e+01   7.9737e+01   7.9503e+01   8.0076e+01
          nan   8.0096e+01   7.3215e+01   7.4581e+01   7.3330e+01   7.3328e+01   7.4712e+01   7.3589e+01   7.3955e+01   7.3593e+01
          nan   6.4771e+01   6.3888e+01   6.4506e+01   6.6408e+01   6.7144e+01   6.7010e+01   6.7385e+01   6.7068e+01   6.6375e+01
          nan   6.4663e+01   6.6449e+01   6.6382e+01   6.6111e+01   6.6133e+01   6.5787e+01   6.5836e+01   6.5998e+01   6.5667e+01
          nan   6.3453e+01   6.2083e+01   6.0535e+01   6.1719e+01   6.2056e+01   6.2756e+01   6.1920e+01   6.1544e+01   6.1259e+01
          nan   6.8142e+01   6.1485e+01   6.1405e+01   6.0359e+01   6.0453e+01   5.9278e+01   5.9089e+01   5.9585e+01   5.9237e+01
          nan   5.5829e+01   5.4709e+01   5.3955e+01   5.3962e+01   5.4233e+01   5.4989e+01   5.5180e+01   5.5307e+01   5.5100e+01
          nan   5.6578e+01   5.3878e+01   5.3683e+01   5.3335e+01   5.3401e+01   5.3393e+01   5.2703e+01   5.2680e+01   5.2859e+01
          nan   5.0772e+01   5.1234e+01   5.1502e+01   5.1227e+01   5.1423e+01   5.0798e+01   5.0756e+01   5.0757e+01   5.0483e+01
          nan   5.0382e+01   5.1865e+01   4.9562e+01   4.9505e+01   5.0209e+01   4.8984e+01   4.8607e+01   4.8312e+01   4.8225e+01
          nan   4.7804e+01   4.5036e+01   4.5759e+01   4.6198e+01   4.5885e+01   4.5491e+01   4.5068e+01   4.5824e+01   4.5510e+01
          nan   4.3135e+01   4.3632e+01   4.2945e+01   4.2147e+01   4.2638e+01   4.2178e+01   4.2336e+01   4.2277e+01   4.2297e+01
          nan   4.1064e+01   3.9737e+01   3.9843e+01   3.9763e+01   4.0248e+01   4.0568e+01   4.0463e+01   4.0170e+01   4.0073e+01
          nan   3.7359e+01   3.8185e+01   3.8984e+01   3.9440e+01   3.9271e+01   3.9123e+01   3.9402e+01   3.9412e+01   3.9770e+01
            0            0            0            0            0            0            0            0            0            0
            0            0            0            0            0            0            0            0            0            0
            0            0            0            0            0            0            0            0            0            0
            0            0            0            0            0            0            0            0            0            0
            0            0            0            0            0            0            0            0            0            0
            0            0            0            0            0            0            0            0            0            0
            0            0            0            0            0            0            0            0            0            0
            0            0            0            0            0            0            0            0            0            0
            0            0            0            0            0            0            0            0            0            0
            0            0            0            0            0            0            0            0            0            0
            0            0            0            0            0            0            0            0            0            0
            0            0            0            0            0            0            0            0            0            0
            0            0            0            0            0            0            0            0            0            0
            0            0            0            0            0            0            0            0            0            0
            0            0            0            0            0            0            0            0            0            0
            0            0            0            0            0            0            0            0            0            0
            0            0            0            0            0            0            0            0            0            0
            0            0            0            0            0            0            0            0            0            0
            0            0            0            0            0            0            0            0            0            0
            0            0            0            0            0            0            0            0            0            0
            0            0            0            0            0            0            0            0            0            0
            0            0            0            0            0            0            0            0            0            0
            0            0            0            0            0            0            0            0            0            0
            0            0            0            0            0            0            0            0            0            0
            0            0            0            0            0            0            0            0            0            0
            0            0            0            0            0            0            0            0            0            0
            0            0            0            0            0            0            0            0            0            0
            0            0            0            0            0            0            0            0            0            0
            0            0            0            0            0            0            0            0            0            0
            0            0            0            0            0            0            0            0            0            0

         0         0         0         0         0         0         0         0         0         0
         0         0         0         0         0         0         0         0         0         0
         0         0         0         0         0         0         0         0         0         0
         0         0         0         0         0         0         0         0         0         0
         0         0         0         0         0         0         0         0         0         0
         0         0         0         0         0         0         0         0         0         0
         0         0         0         0         0         0         0         0         0         0
         0         0         0         0         0         0         0         0         0         0
         0         0         0         0         0         0         0         0         0         0
         0         0         0         0         0         0         0         0         0         0
         0         0         0         0         0         0         0         0         0         0
         0         0         0         0         0         0         0         0         0         0
         0         0         0         0         0         0         0         0         0         0
         0         0         0         0         0         0         0         0         0         0
         0         0         0         0         0         0         0         0         0         0
         0         0         0         0         0         0         0         0         0         0
         0         0         0         0         0         0         0         0         0         0
         0         0         0         0         0         0         0         0         0         0
         0         0         0         0         0         0         0         0         0         0
         0         0         0         0         0         0         0         0         0         0
         0         0         0         0         0         0         0         0         0         0
         0         0         0         0         0         0         0         0         0         0
         0         0         0         0         0         0         0         0         0         0
         0         0         0         0         0         0         0         0         0         0
         0         0         0         0         0         0         0         0         0         0
         0         0         0         0         0         0         0         0         0         0
         0         0         0         0         0         0         0         0         0         0
         0         0         0         0         0         0         0         0         0         0
         0         0         0         0         0         0         0         0         0         0
         0         0         0         0         0         0         0         0         0         0
         0         0         0         0         0         0         0         0         0         0
         0         0         0         0         0         0         0         0         0         0
         0         0         0         0         0         0         0         0         0         0
         0         0         0         0         0         0         0         0         0         0
         0         0         0         0         0         0         0         0         0         0
         0         0         0         0         0         0         0         0         0         0
         0         0         0         0         0         0         0         0         0         0
         0         0         0         0         0         0         0         0         0         0
         0         0         0         0         0         0         0         0         0         0
         0         0         0         0         0         0         0         0         0         0
         0         0         0         0         0         0         0         0         0         0
         0         0         0         0         0         0         0         0         0         0
         0         0         0         0         0         0         0         0         0         0
         0         0         0         0         0         0         0         0         0         0
         0         0         0         0         0         0         0         0         0         0
         0         0         0         0         0         0         0         0         0         0
         0         0         0         0         0         0         0         0         0         0
         0         0         0         0         0         0         0         0         0         0
         0         0         0         0         0         0         0         0         0         0
         0         0         0         0         0         0         0         0         0         0
         0         0         0         0         0         0         0         0         0         0
         0         0         0         0         0         0         0         0         0         0
         0         0         0         0         0         0         0         0         0         0
         0         0         0         0         0         0         0         0         0         0
         0         0         0         0         0         0         0         0         0         0
         0         0         0         0         0         0         0         0         0         0
         0         0         0         0         0         0         0         0         0         0
         0         0         0         0         0         0         0         0         0         0
         0         0         0         0         0         0         0         0         0         0
         0         0         0         0         0         0         0         0         0         0
       nan   29.7715   27.7830   27.6188   26.9866   26.4662   27.0134   26.5699   26.6567   26.6331
       nan   31.1683   30.3657   29.9800   29.4384   28.8102   29.2743   29.2825   29.3604   29.1595
       nan   30.2447   28.9127   30.3332   30.4717   30.1059   30.1989   29.8291   30.2287   30.2859
       nan   28.9789   30.4804   30.5164   30.7782   30.5296   30.3568   30.6231   30.5718   30.6598
       nan   28.7144   28.3462   29.1250   28.7986   29.8234   29.7033   29.3653   29.5194   29.3687
       nan   28.5756   29.5886   30.0115   30.1584   30.4212   30.1378   30.2923   30.2913   30.3485
       nan   29.9104   29.7957   29.9645   29.7733   30.2142   29.9829   29.9997   29.9661   29.9965
       nan   27.1286   28.3201   27.7030   28.3954   28.9040   28.5574   28.7382   28.4688   28.6782
       nan   28.0924   27.9568   28.7249   28.8924   28.9034   28.7525   28.6667   28.8964   28.9205
       nan   29.8972   29.5905   28.8180   28.9570   29.2454   29.3424   29.3063   29.0598   29.0891
       nan   25.9401   26.8688   27.4527   27.6468   27.9750   27.6809   27.7302   27.7895   27.8454
       nan   26.5852   26.6633   26.7066   26.7940   26.8937   26.8422   26.8176   26.7884   26.8347
       nan   26.3085   26.1410   26.1821   26.2146   25.9659   26.0518   25.9911   26.0901   26.0718
       nan   25.6518   25.9218   25.1126   24.9760   25.1481   25.2638   25.4234   25.1451   25.0841
       nan   24.6838   24.4181   24.4985   24.5549   24.5143   24.3635   24.3036   24.4241   24.4521
       nan   25.1788   24.5592   24.4165   23.8508   23.8007   23.5479   23.6983   23.8231   23.7302
       nan   22.3406   22.6481   22.3679   22.6035   22.3882   22.3573   22.4755   22.3561   22.4619
       nan   22.3917   21.0051   21.1381   21.0397   20.9424   21.2240   21.0001   21.0454   21.0224
       nan   19.2757   19.0800   19.4948   20.0247   19.8932   20.0565   20.1681   20.1883   20.0993
       nan   19.4589   20.0010   19.6061   19.7029   19.7061   19.6627   19.6543   19.4788   19.4041
       nan   18.7880   18.5842   18.2488   18.7343   18.8878   19.1610   18.9224   18.8581   18.7170
       nan   20.1453   18.7832   18.8703   18.6426   18.7208   18.2374   18.1113   18.1967   18.1318
       nan   18.1124   17.6673   17.2677   17.2791   17.2956   17.3273   17.4397   17.3929   17.2803
       nan   16.7759   16.6776   16.5632   16.4815   16.5539   16.5347   16.4636   16.4541   16.4980
       nan   16.7436   16.3312   16.1123   16.1526   16.1754   15.9569   15.9313   15.9307   15.8225
       nan   15.8968   16.0120   15.5201   15.5506   15.8160   15.5774   15.4520   15.3937   15.3319
       nan   15.1735   14.4592   14.5533   14.5437   14.4603   14.4553   14.3067   14.5074   14.4197
       nan   13.6518   13.8603   13.7198   13.4786   13.7953   13.6686   13.6386   13.5945   13.6118
       nan   13.4568   12.9818   13.1138   12.9386   13.2357   13.2879   13.2557   13.1940   13.1706
       nan   12.5566   12.6988   12.8253   12.9679   12.9841   12.8960   13.0252   13.0311   13.1292
         0         0         0         0         0         0         0         0         0         0
         0         0         0         0         0         0         0         0         0         0
         0         0         0         0         0         0         0         0         0         0
         0         0         0         0         0         0         0         0         0         0
         0         0         0         0         0         0         0         0         0         0
         0         0         0         0         0         0         0         0         0         0
         0         0         0         0         0         0         0         0         0         0
         0         0         0         0         0         0         0         0         0         0
         0         0         0         0         0         0         0         0         0         0
         0         0         0         0         0         0         0         0         0         0
         0         0         0         0         0         0         0         0         0         0
         0         0         0         0         0         0         0         0         0         0
         0         0         0         0         0         0         0         0         0         0
         0         0         0         0         0         0         0         0         0         0
         0         0         0         0         0         0         0         0         0         0
         0         0         0         0         0         0         0         0         0         0
         0         0         0         0         0         0         0         0         0         0
         0         0         0         0         0         0         0         0         0         0
         0         0         0         0         0         0         0         0         0         0
         0         0         0         0         0         0         0         0         0         0
         0         0         0         0         0         0         0         0         0         0
         0         0         0         0         0         0         0         0         0         0
         0         0         0         0         0         0         0         0         0         0
         0         0         0         0         0         0         0         0         0         0
         0         0         0         0         0         0         0         0         0         0
         0         0         0         0         0         0         0         0         0         0
         0         0         0         0         0         0         0         0         0         0
         0         0         0         0         0         0         0         0         0         0
         0         0         0         0         0         0         0         0         0         0
         0         0         0         0         0         0         0         0         0         0

        0        0        0        0        0        0        0        0        0        0
        0        0        0        0        0        0        0        0        0        0
        0        0        0        0        0        0        0        0        0        0
        0        0        0        0        0        0        0        0        0        0
        0        0        0        0        0        0        0        0        0        0
        0        0        0        0        0        0        0        0        0        0
        0        0        0        0        0        0        0        0        0        0
        0        0        0        0        0        0        0        0        0        0
        0        0        0        0        0        0        0        0        0        0
        0        0        0        0        0        0        0        0        0        0
        0        0        0        0        0        0        0        0        0        0
        0        0        0        0        0        0        0        0        0        0
        0        0        0        0        0        0        0        0        0        0
        0        0        0        0        0        0        0        0        0        0
        0        0        0        0        0        0        0        0        0        0
        0        0        0        0        0        0        0        0        0        0
        0        0        0        0        0        0        0        0        0        0
        0        0        0        0        0        0        0        0        0        0
        0        0        0        0        0        0        0        0        0        0
        0        0        0        0        0        0        0        0        0        0
        0        0        0        0        0        0        0        0        0        0
        0        0        0        0        0        0        0        0        0        0
        0        0        0        0        0        0        0        0        0        0
        0        0        0        0        0        0        0        0        0        0
        0        0        0        0        0        0        0        0        0        0
        0        0        0        0        0        0        0        0        0        0
        0        0        0        0        0        0        0        0        0        0
        0        0        0        0        0        0        0        0        0        0
        0        0        0        0        0        0        0        0        0        0
        0        0        0        0        0        0        0        0        0        0
        0        0        0        0        0        0        0        0        0        0
        0        0        0        0        0        0        0        0        0        0
        0        0        0        0        0        0        0        0        0        0
        0        0        0        0        0        0        0        0        0        0
        0        0        0        0        0        0        0        0        0        0
        0        0        0        0        0        0        0        0        0        0
        0        0        0        0        0        0        0        0        0        0
        0        0        0        0        0        0        0        0        0        0
        0        0        0        0        0        0        0        0        0        0
        0        0        0        0        0        0        0        0        0        0
        0        0        0        0        0        0        0        0        0        0
        0        0        0        0        0        0        0        0        0        0
        0        0        0        0        0        0        0        0        0        0
        0        0        0        0        0        0        0        0        0        0
        0        0        0        0        0        0        0        0        0        0
        0        0        0        0        0        0        0        0        0        0
        0        0        0        0        0        0        0        0        0        0
        0        0        0        0        0        0        0        0        0        0
        0        0        0        0        0        0        0        0        0        0
        0        0        0        0        0        0        0        0        0        0
        0        0        0        0        0        0        0        0        0        0
        0        0        0        0        0        0        0        0        0        0
        0        0        0        0        0        0        0        0        0        0
        0        0        0        0        0        0        0        0        0        0
        0        0        0        0        0        0        0        0        0        0
        0        0        0        0        0        0        0        0        0        0
        0        0        0        0        0        0        0        0        0        0
        0        0        0        0        0        0        0        0        0        0
        0        0        0        0        0        0        0        0        0        0
        0        0        0        0        0        0        0        0        0        0
      inf   0.4326   0.3247   0.2889   0.2704   0.2594   0.2524   0.2472   0.2435   0.2404
      inf   0.4411   0.3313   0.2946   0.2766   0.2651   0.2579   0.2527   0.2487   0.2458
      inf   0.4510   0.3377   0.3009   0.2820   0.2707   0.2633   0.2578   0.2539   0.2507
      inf   0.4582   0.3436   0.3055   0.2861   0.2745   0.2669   0.2616   0.2575   0.2543
      inf   0.4655   0.3476   0.3086   0.2889   0.2780   0.2703   0.2645   0.2602   0.2569
      inf   0.4731   0.3544   0.3151   0.2948   0.2832   0.2753   0.2697   0.2656   0.2622
      inf   0.4778   0.3588   0.3194   0.2990   0.2871   0.2792   0.2735   0.2693   0.2660
      inf   0.4874   0.3649   0.3246   0.3039   0.2917   0.2839   0.2779   0.2737   0.2702
      inf   0.4906   0.3680   0.3278   0.3073   0.2947   0.2865   0.2807   0.2765   0.2732
      inf   0.4996   0.3742   0.3324   0.3121   0.2995   0.2913   0.2852   0.2807   0.2774
      inf   0.5051   0.3786   0.3363   0.3155   0.3028   0.2945   0.2884   0.2839   0.2805
      inf   0.5120   0.3844   0.3414   0.3200   0.3073   0.2987   0.2928   0.2881   0.2845
      inf   0.5150   0.3873   0.3444   0.3233   0.3103   0.3017   0.2956   0.2909   0.2875
      inf   0.5237   0.3926   0.3499   0.3280   0.3149   0.3059   0.2995   0.2952   0.2915
      inf   0.5294   0.3975   0.3526   0.3306   0.3173   0.3085   0.3024   0.2975   0.2937
      inf   0.5333   0.4000   0.3555   0.3335   0.3203   0.3115   0.3051   0.3004   0.2967
      inf   0.5394   0.4053   0.3604   0.3376   0.3244   0.3153   0.3089   0.3041   0.3003
      inf   0.5445   0.4093   0.3638   0.3413   0.3277   0.3183   0.3120   0.3071   0.3033
      inf   0.5524   0.4145   0.3687   0.3453   0.3313   0.3221   0.3154   0.3106   0.3069
      inf   0.5567   0.4172   0.3709   0.3478   0.3339   0.3247   0.3180   0.3130   0.3092
      inf   0.5612   0.4208   0.3745   0.3510   0.3368   0.3273   0.3207   0.3158   0.3119
      inf   0.5650   0.4243   0.3771   0.3536   0.3394   0.3301   0.3234   0.3183   0.3144
      inf   0.5704   0.4279   0.3803   0.3567   0.3425   0.3329   0.3261   0.3209   0.3170
      inf   0.5756   0.4317   0.3837   0.3597   0.3453   0.3357   0.3290   0.3238   0.3198
      inf   0.5803   0.4351   0.3867   0.3625   0.3480   0.3384   0.3315   0.3263   0.3223
      inf   0.5836   0.4375   0.3891   0.3648   0.3501   0.3407   0.3338   0.3287   0.3246
      inf   0.5898   0.4422   0.3928   0.3682   0.3535   0.3438   0.3368   0.3314   0.3274
      inf   0.5931   0.4448   0.3954   0.3710   0.3561   0.3463   0.3393   0.3340   0.3299
      inf   0.5983   0.4486   0.3986   0.3737   0.3587   0.3488   0.3418   0.3364   0.3323
      inf   0.6029   0.4522   0.4015   0.3764   0.3613   0.3514   0.3442   0.3387   0.3345
        0        0        0        0        0        0        0        0        0        0
        0        0        0        0        0        0        0        0        0        0
        0        0        0        0        0        0        0        0        0        0
        0        0        0        0        0        0        0        0        0        0
        0        0        0        0        0        0        0        0        0        0
        0        0        0        0        0        0        0        0        0        0
        0        0        0        0        0        0        0        0        0        0
        0        0        0        0        0        0        0        0        0        0
        0        0        0        0        0        0        0        0        0        0
        0        0        0        0        0        0        0        0        0        0
        0        0        0        0        0        0        0        0        0        0
        0        0        0        0        0        0        0        0        0        0
        0        0        0        0        0        0        0        0        0        0
        0        0        0        0        0        0        0        0        0        0
        0        0        0        0        0        0        0        0        0        0
        0        0        0        0        0        0        0        0        0        0
        0        0        0        0        0        0        0        0        0        0
        0        0        0        0        0        0        0        0        0        0
        0        0        0        0        0        0        0        0        0        0
        0        0        0        0        0        0        0        0        0        0
        0        0        0        0        0        0        0        0        0        0
        0        0        0        0        0        0        0        0        0        0
        0        0        0        0        0        0        0        0        0        0
        0        0        0        0        0        0        0        0        0        0
        0        0        0        0        0        0        0        0        0        0
        0        0        0        0        0        0        0        0        0        0
        0        0        0        0        0        0        0        0        0        0
        0        0        0        0        0        0        0        0        0        0
        0        0        0        0        0        0        0        0        0        0
        0        0        0        0        0        0        0        0        0        0

