   2.0000
   2.0050
   2.0100
   2.0150
   2.0200
   2.0250
   2.0300
   2.0350
   2.0400
   2.0450
   2.0500
   2.0550
   2.0600
   2.0650
   2.0700
   2.0750
   2.0800
   2.0850
   2.0900
   2.0950
   2.1000
   2.1050
   2.1100
   2.1150
   2.1200
   2.1250
   2.1300
   2.1350
   2.1400
   2.1450
   2.1500
   2.1550
   2.1600
   2.1650
   2.1700
   2.1750
   2.1800
   2.1850
   2.1900
   2.1950
   2.2000
   2.2050
   2.2100
   2.2150
   2.2200
   2.2250
   2.2300
   2.2350
   2.2400
   2.2450
   2.2500
   2.2550
   2.2600
   2.2650
   2.2700
   2.2750
   2.2800
   2.2850
   2.2900
   2.2950
   2.3000
   2.3050
   2.3100
   2.3150
   2.3200
   2.3250
   2.3300
   2.3350
   2.3400
   2.3450
   2.3500
   2.3550
   2.3600
   2.3650
   2.3700
   2.3750
   2.3800
   2.3850
   2.3900
   2.3950
   2.4000
   2.4050
   2.4100
   2.4150
   2.4200
   2.4250
   2.4300
   2.4350
   2.4400
   2.4450
   2.4500
   2.4550
   2.4600
   2.4650
   2.4700
   2.4750
   2.4800
   2.4850
   2.4900
   2.4950
   2.5000
   2.5050
   2.5100
   2.5150
   2.5200
   2.5250
   2.5300
   2.5350
   2.5400
   2.5450
   2.5500
   2.5550
   2.5600
   2.5650
   2.5700
   2.5750
   2.5800
   2.5850
   2.5900
   2.5950

        0        0        0        0        0        0        0        0        0        0
        0        0        0        0        0        0        0        0        0        0
        0        0        0        0        0        0        0        0        0        0
        0        0        0        0        0        0        0        0        0        0
        0        0        0        0        0        0        0        0        0        0
        0        0        0        0        0        0        0        0        0        0
        0        0        0        0        0        0        0        0        0        0
        0        0        0        0        0        0        0        0        0        0
        0        0        0        0        0        0        0        0        0        0
        0        0        0        0        0        0        0        0        0        0
        0        0        0        0        0        0        0        0        0        0
        0        0        0        0        0        0        0        0        0        0
        0        0        0        0        0        0        0        0        0        0
        0        0        0        0        0        0        0        0        0        0
        0        0        0        0        0        0        0        0        0        0
        0        0        0        0        0        0        0        0        0        0
        0        0        0        0        0        0        0        0        0        0
        0        0        0        0        0        0        0        0        0        0
        0        0        0        0        0        0        0        0        0        0
        0        0        0        0        0        0        0        0        0        0
        0        0        0        0        0        0        0        0        0        0
        0        0        0        0        0        0        0        0        0        0
        0        0        0        0        0        0        0        0        0        0
        0        0        0        0        0        0        0        0        0        0
        0        0        0        0        0        0        0        0        0        0
        0        0        0        0        0        0        0        0        0        0
        0        0        0        0        0        0        0        0        0        0
        0        0        0        0        0        0        0        0        0        0
        0        0        0        0        0        0        0        0        0        0
        0        0        0        0        0        0        0        0        0        0
     -inf  -1.6029  -1.6101  -1.6086  -1.6099  -1.6093  -1.6095  -1.6098  -1.6094  -1.6091
     -inf  -1.6137  -1.6092  -1.6071  -1.6056  -1.6058  -1.6047  -1.6046  -1.6045  -1.6047
     -inf  -1.5972  -1.5956  -1.5980  -1.5963  -1.5972  -1.5963  -1.5966  -1.5975  -1.5977
     -inf  -1.5977  -1.5992  -1.5977  -1.5969  -1.5947  -1.5939  -1.5944  -1.5949  -1.5948
     -inf  -1.5918  -1.5855  -1.5864  -1.5867  -1.5865  -1.5866  -1.5866  -1.5873  -1.5870
     -inf  -1.5639  -1.5699  -1.5734  -1.5761  -1.5785  -1.5793  -1.5794  -1.5792  -1.5796
     -inf  -1.5697  -1.5741  -1.5749  -1.5749  -1.5755  -1.5759  -1.5753  -1.5749  -1.5750
     -inf  -1.5644  -1.5652  -1.5639  -1.5645  -1.5658  -1.5654  -1.5657  -1.5648  -1.5650
     -inf  -1.5657  -1.5644  -1.5633  -1.5620  -1.5628  -1.5635  -1.5635  -1.5631  -1.5629
     -inf  -1.5580  -1.5595  -1.5583  -1.5563  -1.5578  -1.5568  -1.5555  -1.5558  -1.5558
     -inf  -1.5483  -1.5490  -1.5491  -1.5487  -1.5486  -1.5483  -1.5479  -1.5464  -1.5469
     -inf  -1.5417  -1.5428  -1.5412  -1.5357  -1.5359  -1.5370  -1.5373  -1.5369  -1.5370
     -inf  -1.5399  -1.5331  -1.5332  -1.5320  -1.5335  -1.5314  -1.5319  -1.5328  -1.5333
     -inf  -1.5226  -1.5203  -1.5224  -1.5225  -1.5221  -1.5234  -1.5232  -1.5222  -1.5229
     -inf  -1.5290  -1.5289  -1.5239  -1.5211  -1.5208  -1.5187  -1.5183  -1.5180  -1.5177
     -inf  -1.4912  -1.4921  -1.4899  -1.4983  -1.4989  -1.5021  -1.5024  -1.5032  -1.5048
     -inf  -1.5087  -1.5027  -1.5022  -1.5039  -1.5007  -1.5019  -1.4998  -1.5021  -1.5000
     -inf  -1.5083  -1.4967  -1.4935  -1.4922  -1.4950  -1.4956  -1.4960  -1.4949  -1.4953
     -inf  -1.4858  -1.4954  -1.4928  -1.4891  -1.4837  -1.4834  -1.4833  -1.4838  -1.4839
     -inf  -1.4786  -1.4803  -1.4809  -1.4746  -1.4765  -1.4754  -1.4768  -1.4762  -1.4766
     -inf  -1.4767  -1.4747  -1.4706  -1.4678  -1.4696  -1.4666  -1.4673  -1.4672  -1.4659
     -inf  -1.4520  -1.4564  -1.4568  -1.4580  -1.4602  -1.4599  -1.4583  -1.4574  -1.4581
     -inf  -1.4582  -1.4548  -1.4503  -1.4506  -1.4525  -1.4493  -1.4493  -1.4490  -1.4504
     -inf  -1.4591  -1.4416  -1.4385  -1.4412  -1.4428  -1.4428  -1.4408  -1.4406  -1.4367
     -inf  -1.4419  -1.4235  -1.4299  -1.4328  -1.4355  -1.4328  -1.4340  -1.4314  -1.4289
     -inf  -1.4192  -1.4226  -1.4173  -1.4181  -1.4102  -1.4082  -1.4043  -1.4060  -1.4053
     -inf  -1.4100  -1.4123  -1.3985  -1.3934  -1.3915  -1.3929  -1.3959  -1.3985  -1.4008
     -inf  -1.3403  -1.3516  -1.3588  -1.3583  -1.3649  -1.3740  -1.3745  -1.3763  -1.3751
     -inf  -1.3777  -1.3892  -1.3947  -1.3902  -1.3909  -1.3971  -1.3952  -1.3946  -1.3916
     -inf  -1.3699  -1.3814  -1.3826  -1.3738  -1.3781  -1.3809  -1.3800  -1.3797  -1.3809
        0        0        0        0        0        0        0        0        0        0
        0        0        0        0        0        0        0        0        0        0
        0        0        0        0        0        0        0        0        0        0
        0        0        0        0        0        0        0        0        0        0
        0        0        0        0        0        0        0        0        0        0
        0        0        0        0        0        0        0        0        0        0
        0        0        0        0        0        0        0        0        0        0
        0        0        0        0        0        0        0        0        0        0
        0        0        0        0        0        0        0        0        0        0
        0        0        0        0        0        0        0        0        0        0
        0        0        0        0        0        0        0        0        0        0
        0        0        0        0        0        0        0        0        0        0
        0        0        0        0        0        0        0        0        0        0
        0        0        0        0        0        0        0        0        0        0
        0        0        0        0        0        0        0        0        0        0
        0        0        0        0        0        0        0        0        0        0
        0        0        0        0        0        0        0        0        0        0
        0        0        0        0        0        0        0        0        0        0
        0        0        0        0        0        0        0        0        0        0
        0        0        0        0        0        0        0        0        0        0
        0        0        0        0        0        0        0        0        0        0
        0        0        0        0        0        0        0        0        0        0
        0        0        0        0        0        0        0        0        0        0
        0        0        0        0        0        0        0        0        0        0
        0        0        0        0        0        0        0        0        0        0
        0        0        0        0        0        0        0        0        0        0
        0        0        0        0        0        0        0        0        0        0
        0        0        0        0        0        0        0        0        0        0
        0        0        0        0        0        0        0        0        0        0
        0        0        0        0        0        0        0        0        0        0
        0        0        0        0        0        0        0        0        0        0
        0        0        0        0        0        0        0        0        0        0
        0        0        0        0        0        0        0        0        0        0
        0        0        0        0        0        0        0        0        0        0
        0        0        0        0        0        0        0        0        0        0
        0        0        0        0        0        0        0        0        0        0
        0        0        0        0        0        0        0        0        0        0
        0        0        0        0        0        0        0        0        0        0
        0        0        0        0        0        0        0        0        0        0
        0        0        0        0        0        0        0        0        0        0
        0        0        0        0        0        0        0        0        0        0
        0        0        0        0        0        0        0        0        0        0
        0        0        0        0        0        0        0        0        0        0
        0        0        0        0        0        0        0        0        0        0
        0        0        0        0        0        0        0        0        0        0
        0        0        0        0        0        0        0        0        0        0
        0        0        0        0        0        0        0        0        0        0
        0        0        0        0        0        0        0        0        0        0
        0        0        0        0        0        0        0        0        0        0
        0        0        0        0        0        0        0        0        0        0
        0        0        0        0        0        0        0        0        0        0
        0        0        0        0        0        0        0        0        0        0
        0        0        0        0        0        0        0        0        0        0
        0        0        0        0        0        0        0        0        0        0
        0        0        0        0        0        0        0        0        0        0
        0        0        0        0        0        0        0        0        0        0
        0        0        0        0        0        0        0        0        0        0
        0        0        0        0        0        0        0        0        0        0
        0        0        0        0        0        0        0        0        0        0
        0        0        0        0        0        0        0        0        0        0

        0        0        0        0        0        0        0        0        0        0
        0        0        0        0        0        0        0        0        0        0
        0        0        0        0        0        0        0        0        0        0
        0        0        0        0        0        0        0        0        0        0
        0        0        0        0        0        0        0        0        0        0
        0        0        0        0        0        0        0        0        0        0
        0        0        0        0        0        0        0        0        0        0
        0        0        0        0        0        0        0        0        0        0
        0        0        0        0        0        0        0        0        0        0
        0        0        0        0        0        0        0        0        0        0
        0        0        0        0        0        0        0        0        0        0
        0        0        0        0        0        0        0        0        0        0
        0        0        0        0        0        0        0        0        0        0
        0        0        0        0        0        0        0        0        0        0
        0        0        0        0        0        0        0        0        0        0
        0        0        0        0        0        0        0        0        0        0
        0        0        0        0        0        0        0        0        0        0
        0        0        0        0        0        0        0        0        0        0
        0        0        0        0        0        0        0        0        0        0
        0        0        0        0        0        0        0        0        0        0
        0        0        0        0        0        0        0        0        0        0
        0        0        0        0        0        0        0        0        0        0
        0        0        0        0        0        0        0        0        0        0
        0        0        0        0        0        0        0        0        0        0
        0        0        0        0        0        0        0        0        0        0
        0        0        0        0        0        0        0        0        0        0
        0        0        0        0        0        0        0        0        0        0
        0        0        0        0        0        0        0        0        0        0
        0        0        0        0        0        0        0        0        0        0
        0        0        0        0        0        0        0        0        0        0
      inf   0.8169   0.8303   0.8306   0.8330   0.8336   0.8339   0.8348   0.8342   0.8342
      inf   0.8427   0.8365   0.8340   0.8328   0.8330   0.8303   0.8304   0.8309   0.8315
      inf   0.8283   0.8260   0.8279   0.8248   0.8265   0.8249   0.8257   0.8271   0.8274
      inf   0.8311   0.8323   0.8307   0.8300   0.8256   0.8246   0.8253   0.8263   0.8263
      inf   0.8244   0.8178   0.8188   0.8194   0.8196   0.8197   0.8199   0.8211   0.8206
      inf   0.7609   0.7847   0.7959   0.8025   0.8071   0.8089   0.8101   0.8107   0.8116
      inf   0.8098   0.8130   0.8147   0.8142   0.8146   0.8148   0.8146   0.8143   0.8145
      inf   0.8001   0.8010   0.7965   0.7981   0.8008   0.8001   0.8012   0.7982   0.7988
      inf   0.8088   0.8037   0.8005   0.7991   0.7998   0.8013   0.8016   0.8008   0.8005
      inf   0.8021   0.8042   0.8032   0.8008   0.8023   0.8002   0.7979   0.7984   0.7987
      inf   0.7897   0.7904   0.7909   0.7891   0.7885   0.7889   0.7893   0.7864   0.7873
      inf   0.7818   0.7856   0.7822   0.7707   0.7704   0.7731   0.7739   0.7727   0.7729
      inf   0.7921   0.7786   0.7772   0.7740   0.7764   0.7702   0.7708   0.7723   0.7739
      inf   0.7609   0.7600   0.7643   0.7636   0.7629   0.7645   0.7634   0.7618   0.7639
      inf   0.7805   0.7800   0.7698   0.7606   0.7612   0.7584   0.7577   0.7578   0.7570
      inf   0.7035   0.7058   0.6773   0.7007   0.7073   0.7168   0.7188   0.7226   0.7265
      inf   0.7612   0.7425   0.7452   0.7488   0.7385   0.7416   0.7358   0.7404   0.7345
      inf   0.7648   0.7388   0.7305   0.7301   0.7362   0.7378   0.7385   0.7367   0.7366
      inf   0.7191   0.7420   0.7387   0.7287   0.7138   0.7142   0.7137   0.7161   0.7176
      inf   0.7149   0.7178   0.7221   0.6976   0.7030   0.7021   0.7054   0.7028   0.7048
      inf   0.7238   0.7186   0.7030   0.6985   0.7042   0.6933   0.6964   0.6958   0.6940
      inf   0.6652   0.6744   0.6735   0.6768   0.6841   0.6849   0.6811   0.6782   0.6810
      inf   0.6982   0.6994   0.6883   0.6872   0.6905   0.6728   0.6731   0.6684   0.6717
      inf   0.7063   0.6523   0.6496   0.6577   0.6638   0.6662   0.6619   0.6620   0.6416
      inf   0.6772   0.6118   0.6369   0.6484   0.6561   0.6489   0.6508   0.6415   0.6326
      inf   0.6278   0.6410   0.6059   0.6058   0.5750   0.5665   0.5427   0.5528   0.5513
      inf   0.5999   0.6168   0.5426   0.5252   0.5244   0.5300   0.5436   0.5554   0.5649
      inf  -0.1963  -0.2760  -0.0484   0.0566   0.1567   0.2407   0.2718   0.3092   0.3117
      inf   0.5480   0.5894   0.6084   0.5783   0.5773   0.5957   0.5907   0.5876   0.5758
      inf   0.5144   0.5661   0.5682   0.3543   0.1612   0.0300  -0.0166  -0.0777  -0.1349
        0        0        0        0        0        0        0        0        0        0
        0        0        0        0        0        0        0        0        0        0
        0        0        0        0        0        0        0        0        0        0
        0        0        0        0        0        0        0        0        0        0
        0        0        0        0        0        0        0        0        0        0
        0        0        0        0        0        0        0        0        0        0
        0        0        0        0        0        0        0        0        0        0
        0        0        0        0        0        0        0        0        0        0
        0        0        0        0        0        0        0        0        0        0
        0        0        0        0        0        0        0        0        0        0
        0        0        0        0        0        0        0        0        0        0
        0        0        0        0        0        0        0        0        0        0
        0        0        0        0        0        0        0        0        0        0
        0        0        0        0        0        0        0        0        0        0
        0        0        0        0        0        0        0        0        0        0
        0        0        0        0        0        0        0        0        0        0
        0        0        0        0        0        0        0        0        0        0
        0        0        0        0        0        0        0        0        0        0
        0        0        0        0        0        0        0        0        0        0
        0        0        0        0        0        0        0        0        0        0
        0        0        0        0        0        0        0        0        0        0
        0        0        0        0        0        0        0        0        0        0
        0        0        0        0        0        0        0        0        0        0
        0        0        0        0        0        0        0        0        0        0
        0        0        0        0        0        0        0        0        0        0
        0        0        0        0        0        0        0        0        0        0
        0        0        0        0        0        0        0        0        0        0
        0        0        0        0        0        0        0        0        0        0
        0        0        0        0        0        0        0        0        0        0
        0        0        0        0        0        0        0        0        0        0
        0        0        0        0        0        0        0        0        0        0
        0        0        0        0        0        0        0        0        0        0
        0        0        0        0        0        0        0        0        0        0
        0        0        0        0        0        0        0        0        0        0
        0        0        0        0        0        0        0        0        0        0
        0        0        0        0        0        0        0        0        0        0
        0        0        0        0        0        0        0        0        0        0
        0        0        0        0        0        0        0        0        0        0
        0        0        0        0        0        0        0        0        0        0
        0        0        0        0        0        0        0        0        0        0
        0        0        0        0        0        0        0        0        0        0
        0        0        0        0        0        0        0        0        0        0
        0        0        0        0        0        0        0        0        0        0
        0        0        0        0        0        0        0        0        0        0
        0        0        0        0        0        0        0        0        0        0
        0        0        0        0        0        0        0        0        0        0
        0        0        0        0        0        0        0        0        0        0
        0        0        0        0        0        0        0        0        0        0
        0        0        0        0        0        0        0        0        0        0
        0        0        0        0        0        0        0        0        0        0
        0        0        0        0        0        0        0        0        0        0
        0        0        0        0        0        0        0        0        0        0
        0        0        0        0        0        0        0        0        0        0
        0        0        0        0        0        0        0        0        0        0
        0        0        0        0        0        0        0        0        0        0
        0        0        0        0        0        0        0        0        0        0
        0        0        0        0        0        0        0        0        0        0
        0        0        0        0        0        0        0        0        0        0
        0        0        0        0        0        0        0        0        0        0
        0        0        0        0        0        0        0        0        0        0

        0        0        0        0        0        0        0        0        0        0
        0        0        0        0        0        0        0        0        0        0
        0        0        0        0        0        0        0        0        0        0
        0        0        0        0        0        0        0        0        0        0
        0        0        0        0        0        0        0        0        0        0
        0        0        0        0        0        0        0        0        0        0
        0        0        0        0        0        0        0        0        0        0
        0        0        0        0        0        0        0        0        0        0
        0        0        0        0        0        0        0        0        0        0
        0        0        0        0        0        0        0        0        0        0
        0        0        0        0        0        0        0        0        0        0
        0        0        0        0        0        0        0        0        0        0
        0        0        0        0        0        0        0        0        0        0
        0        0        0        0        0        0        0        0        0        0
        0        0        0        0        0        0        0        0        0        0
        0        0        0        0        0        0        0        0        0        0
        0        0        0        0        0        0        0        0        0        0
        0        0        0        0        0        0        0        0        0        0
        0        0        0        0        0        0        0        0        0        0
        0        0        0        0        0        0        0        0        0        0
        0        0        0        0        0        0        0        0        0        0
        0        0        0        0        0        0        0        0        0        0
        0        0        0        0        0        0        0        0        0        0
        0        0        0        0        0        0        0        0        0        0
        0        0        0        0        0        0        0        0        0        0
        0        0        0        0        0        0        0        0        0        0
        0        0        0        0        0        0        0        0        0        0
        0        0        0        0        0        0        0        0        0        0
        0        0        0        0        0        0        0        0        0        0
        0        0        0        0        0        0        0        0        0        0
      inf   0.8169   0.8303   0.8306   0.8330   0.8336   0.8339   0.8348   0.8342   0.8342
      inf   0.8427   0.8365   0.8340   0.8328   0.8330   0.8303   0.8304   0.8309   0.8315
      inf   0.8283   0.8260   0.8279   0.8248   0.8265   0.8249   0.8257   0.8271   0.8274
      inf   0.8311   0.8323   0.8307   0.8300   0.8256   0.8246   0.8253   0.8263   0.8263
      inf   0.8244   0.8178   0.8188   0.8194   0.8196   0.8197   0.8199   0.8211   0.8206
      inf   0.7609   0.7847   0.7959   0.8025   0.8071   0.8089   0.8101   0.8107   0.8116
      inf   0.8098   0.8130   0.8147   0.8142   0.8146   0.8148   0.8146   0.8143   0.8145
      inf   0.8001   0.8010   0.7965   0.7981   0.8008   0.8001   0.8012   0.7982   0.7988
      inf   0.8088   0.8037   0.8005   0.7991   0.7998   0.8013   0.8016   0.8008   0.8005
      inf   0.8021   0.8042   0.8032   0.8008   0.8023   0.8002   0.7979   0.7984   0.7987
      inf   0.7897   0.7904   0.7909   0.7891   0.7885   0.7889   0.7893   0.7864   0.7873
      inf   0.7818   0.7856   0.7822   0.7707   0.7704   0.7731   0.7739   0.7727   0.7729
      inf   0.7921   0.7786   0.7772   0.7740   0.7764   0.7702   0.7708   0.7723   0.7739
      inf   0.7609   0.7600   0.7643   0.7636   0.7629   0.7645   0.7634   0.7618   0.7639
      inf   0.7805   0.7800   0.7698   0.7606   0.7612   0.7584   0.7577   0.7578   0.7570
      inf   0.7035   0.7058   0.6773   0.7007   0.7073   0.7168   0.7188   0.7226   0.7265
      inf   0.7612   0.7425   0.7452   0.7488   0.7385   0.7416   0.7358   0.7404   0.7345
      inf   0.7648   0.7388   0.7305   0.7301   0.7362   0.7378   0.7385   0.7367   0.7366
      inf   0.7191   0.7420   0.7387   0.7287   0.7138   0.7142   0.7137   0.7161   0.7176
      inf   0.7149   0.7178   0.7221   0.6976   0.7030   0.7021   0.7054   0.7028   0.7048
      inf   0.7238   0.7186   0.7030   0.6985   0.7042   0.6933   0.6964   0.6958   0.6940
      inf   0.6652   0.6744   0.6735   0.6768   0.6841   0.6849   0.6811   0.6782   0.6810
      inf   0.6982   0.6994   0.6883   0.6872   0.6905   0.6728   0.6731   0.6684   0.6717
      inf   0.7063   0.6523   0.6496   0.6577   0.6638   0.6662   0.6619   0.6620   0.6416
      inf   0.6772   0.6118   0.6369   0.6484   0.6561   0.6489   0.6508   0.6415   0.6326
      inf   0.6278   0.6410   0.6059   0.6058   0.5750   0.5665   0.5438   0.5537   0.5522
      inf   0.5999   0.6168   0.5505   0.5312   0.5292   0.5340   0.5470   0.5584   0.5675
      inf   0.2838   0.3233   0.3534   0.3579   0.3977   0.4416   0.4440   0.4599   0.4462
      inf   0.5480   0.5894   0.6084   0.5783   0.5773   0.5957   0.5907   0.5876   0.5758
      inf   0.5144   0.5661   0.5682   0.5225   0.5403   0.5546   0.5327   0.5298   0.5368
        0        0        0        0        0        0        0        0        0        0
        0        0        0        0        0        0        0        0        0        0
        0        0        0        0        0        0        0        0        0        0
        0        0        0        0        0        0        0        0        0        0
        0        0        0        0        0        0        0        0        0        0
        0        0        0        0        0        0        0        0        0        0
        0        0        0        0        0        0        0        0        0        0
        0        0        0        0        0        0        0        0        0        0
        0        0        0        0        0        0        0        0        0        0
        0        0        0        0        0        0        0        0        0        0
        0        0        0        0        0        0        0        0        0        0
        0        0        0        0        0        0        0        0        0        0
        0        0        0        0        0        0        0        0        0        0
        0        0        0        0        0        0        0        0        0        0
        0        0        0        0        0        0        0        0        0        0
        0        0        0        0        0        0        0        0        0        0
        0        0        0        0        0        0        0        0        0        0
        0        0        0        0        0        0        0        0        0        0
        0        0        0        0        0        0        0        0        0        0
        0        0        0        0        0        0        0        0        0        0
        0        0        0        0        0        0        0        0        0        0
        0        0        0        0        0        0        0        0        0        0
        0        0        0        0        0        0        0        0        0        0
        0        0        0        0        0        0        0        0        0        0
        0        0        0        0        0        0        0        0        0        0
        0        0        0        0        0        0        0        0        0        0
        0        0        0        0        0        0        0        0        0        0
        0        0        0        0        0        0        0        0        0        0
        0        0        0        0        0        0        0        0        0        0
        0        0        0        0        0        0        0        0        0        0
        0        0        0        0        0        0        0        0        0        0
        0        0        0        0        0        0        0        0        0        0
        0        0        0        0        0        0        0        0        0        0
        0        0        0        0        0        0        0        0        0        0
        0        0        0        0        0        0        0        0        0        0
        0        0        0        0        0        0        0        0        0        0
        0        0        0        0        0        0        0        0        0        0
        0        0        0        0        0        0        0        0        0        0
        0        0        0        0        0        0        0        0        0        0
        0        0        0        0        0        0        0        0        0        0
        0        0        0        0        0        0        0        0        0        0
        0        0        0        0        0        0        0        0        0        0
        0        0        0        0        0        0        0        0        0        0
        0        0        0        0        0        0        0        0        0        0
        0        0        0        0        0        0        0        0        0        0
        0        0        0        0        0        0        0        0        0        0
        0        0        0        0        0        0        0        0        0        0
        0        0        0        0        0        0        0        0        0        0
        0        0        0        0        0        0        0        0        0        0
        0        0        0        0        0        0        0        0        0        0
        0        0        0        0        0        0        0        0        0        0
        0        0        0        0        0        0        0        0        0        0
        0        0        0        0        0        0        0        0        0        0
        0        0        0        0        0        0        0        0        0        0
        0        0        0        0        0        0        0        0        0        0
        0        0        0        0        0        0        0        0        0        0
        0        0        0        0        0        0        0        0        0        0
        0        0        0        0        0        0        0        0        0        0
        0        0        0        0        0        0        0        0        0        0
        0        0        0        0        0        0        0        0        0        0

        0        0        0        0        0        0        0        0        0        0
        0        0        0        0        0        0        0        0        0        0
        0        0        0        0        0        0        0        0        0        0
        0        0        0        0        0        0        0        0        0        0
        0        0        0        0        0        0        0        0        0        0
        0        0        0        0        0        0        0        0        0        0
        0        0        0        0        0        0        0        0        0        0
        0        0        0        0        0        0        0        0        0        0
        0        0        0        0        0        0        0        0        0        0
        0        0        0        0        0        0        0        0        0        0
        0        0        0        0        0        0        0        0        0        0
        0        0        0        0        0        0        0        0        0        0
        0        0        0        0        0        0        0        0        0        0
        0        0        0        0        0        0        0        0        0        0
        0        0        0        0        0        0        0        0        0        0
        0        0        0        0        0        0        0        0        0        0
        0        0        0        0        0        0        0        0        0        0
        0        0        0        0        0        0        0        0        0        0
        0        0        0        0        0        0        0        0        0        0
        0        0        0        0        0        0        0        0        0        0
        0        0        0        0        0        0        0        0        0        0
        0        0        0        0        0        0        0        0        0        0
        0        0        0        0        0        0        0        0        0        0
        0        0        0        0        0        0        0        0        0        0
        0        0        0        0        0        0        0        0        0        0
        0        0        0        0        0        0        0        0        0        0
        0        0        0        0        0        0        0        0        0        0
        0        0        0        0        0        0        0        0        0        0
        0        0        0        0        0        0        0        0        0        0
        0        0        0        0        0        0        0        0        0        0
      nan   1.1002   1.1150   1.1210   1.1391   1.1298   1.1104   1.0923   1.1237   1.1403
      nan   1.0886   1.1495   1.1821   1.1907   1.1504   1.1926   1.1983   1.1874   1.1799
      nan   1.1149   1.1317   1.1976   1.2010   1.1835   1.1896   1.1936   1.1747   1.1656
      nan   0.9763   0.9927   1.0577   1.0784   1.1602   1.1627   1.1668   1.1692   1.1545
      nan   1.2693   1.3927   1.3667   1.2816   1.2642   1.2749   1.2413   1.2324   1.2220
      nan   1.4997   1.4458   1.3878   1.3487   1.3582   1.3613   1.3417   1.3203   1.2997
      nan   1.1849   1.1761   1.1607   1.1551   1.1724   1.1706   1.1836   1.1827   1.1823
      nan   1.4225   1.4047   1.4596   1.3774   1.3167   1.3145   1.2909   1.3396   1.3217
      nan   1.2417   1.3013   1.3573   1.3357   1.3323   1.2930   1.2788   1.2933   1.3026
      nan   1.2021   1.2018   1.2508   1.2585   1.2836   1.3269   1.3470   1.3448   1.3422
      nan   1.2008   1.3024   1.2118   1.2458   1.2715   1.2759   1.2626   1.3040   1.3098
      nan   1.4089   1.2598   1.4517   1.5561   1.4889   1.4731   1.4832   1.5244   1.5013
      nan   1.2736   1.4155   1.4820   1.4834   1.4803   1.5154   1.5358   1.5034   1.5048
      nan   1.5233   1.5886   1.4942   1.5091   1.4823   1.4812   1.4528   1.4727   1.4633
      nan   1.3500   1.2691   1.4943   1.5171   1.5069   1.5122   1.5028   1.5277   1.5096
      nan   1.6786   1.6608   1.7990   1.8495   1.7711   1.7772   1.7785   1.7635   1.7152
      nan   1.2957   1.6187   1.4906   1.4934   1.5990   1.5553   1.5925   1.5736   1.6032
      nan   1.3291   1.5676   1.6088   1.6000   1.5953   1.5700   1.5168   1.5311   1.5140
      nan   2.0298   1.7008   1.6362   1.6984   1.8260   1.8123   1.7762   1.7613   1.7356
      nan   1.6909   1.5805   1.5963   1.7980   1.7554   1.7309   1.7772   1.8369   1.8062
      nan   1.5364   1.5069   1.5894   1.6356   1.5813   1.8017   1.7935   1.7525   1.7437
      nan   1.9822   1.7670   1.8240   1.8525   1.8046   1.7938   1.8557   1.8907   1.8695
      nan   1.5069   1.4055   1.4955   1.5477   1.5222   1.6798   1.6567   1.6818   1.7148
      nan   1.6073   2.1463   2.2290   2.1620   2.0974   2.0266   1.9950   1.9711   2.1316
      nan   1.8542   2.5317   2.2431   2.0794   1.9832   1.9793   2.0213   2.0384   2.0737
      nan   1.5024   1.6116   1.8080   1.9414   2.0377   2.1182   2.2099   2.1531   2.1070
      nan   1.6133   1.8083   2.1430   2.1151   1.9798   1.9812   2.0204   2.0605   2.0406
      nan   1.3980   2.1049   1.9642   1.7950   2.0059   2.2318   2.1732   2.1101   2.1376
      nan   1.5468   1.7587   1.7565   1.9140   1.8861   1.9763   2.0117   2.0142   2.0846
      nan   1.8123   1.8500   1.8776   1.9591   1.8939   1.8520   1.9168   2.0494   2.0265
        0        0        0        0        0        0        0        0        0        0
        0        0        0        0        0        0        0        0        0        0
        0        0        0        0        0        0        0        0        0        0
        0        0        0        0        0        0        0        0        0        0
        0        0        0        0        0        0        0        0        0        0
        0        0        0        0        0        0        0        0        0        0
        0        0        0        0        0        0        0        0        0        0
        0        0        0        0        0        0        0        0        0        0
        0        0        0        0        0        0        0        0        0        0
        0        0        0        0        0        0        0        0        0        0
        0        0        0        0        0        0        0        0        0        0
        0        0        0        0        0        0        0        0        0        0
        0        0        0        0        0        0        0        0        0        0
        0        0        0        0        0        0        0        0        0        0
        0        0        0        0        0        0        0        0        0        0
        0        0        0        0        0        0        0        0        0        0
        0        0        0        0        0        0        0        0        0        0
        0        0        0        0        0        0        0        0        0        0
        0        0        0        0        0        0        0        0        0        0
        0        0        0        0        0        0        0        0        0        0
        0        0        0        0        0        0        0        0        0        0
        0        0        0        0        0        0        0        0        0        0
        0        0        0        0        0        0        0        0        0        0
        0        0        0        0        0        0        0        0        0        0
        0        0        0        0        0        0        0        0        0        0
        0        0        0        0        0        0        0        0        0        0
        0        0        0        0        0        0        0        0        0        0
        0        0        0        0        0        0        0        0        0        0
        0        0        0        0        0        0        0        0        0        0
        0        0        0        0        0        0        0        0        0        0
        0        0        0        0        0        0        0        0        0        0
        0        0        0        0        0        0        0        0        0        0
        0        0        0        0        0        0        0        0        0        0
        0        0        0        0        0        0        0        0        0        0
        0        0        0        0        0        0        0        0        0        0
        0        0        0        0        0        0        0        0        0        0
        0        0        0        0        0        0        0        0        0        0
        0        0        0        0        0        0        0        0        0        0
        0        0        0        0        0        0        0        0        0        0
        0        0        0        0        0        0        0        0        0        0
        0        0        0        0        0        0        0        0        0        0
        0        0        0        0        0        0        0        0        0        0
        0        0        0        0        0        0        0        0        0        0
        0        0        0        0        0        0        0        0        0        0
        0        0        0        0        0        0        0        0        0        0
        0        0        0        0        0        0        0        0        0        0
        0        0        0        0        0        0        0        0        0        0
        0        0        0        0        0        0        0        0        0        0
        0        0        0        0        0        0        0        0        0        0
        0        0        0        0        0        0        0        0        0        0
        0        0        0        0        0        0        0        0        0        0
        0        0        0        0        0        0        0        0        0        0
        0        0        0        0        0        0        0        0        0        0
        0        0        0        0        0        0        0        0        0        0
        0        0        0        0        0        0        0        0        0        0
        0        0        0        0        0        0        0        0        0        0
        0        0        0        0        0        0        0        0        0        0
        0        0        0        0        0        0        0        0        0        0
        0        0        0        0        0        0        0        0        0        0
        0        0        0        0        0        0        0        0        0        0

            0            0            0            0            0            0            0            0            0            0
            0            0            0            0            0            0            0            0            0            0
            0            0            0            0            0            0            0            0            0            0
            0            0            0            0            0            0            0            0            0            0
            0            0            0            0            0            0            0            0            0            0
            0            0            0            0            0            0            0            0            0            0
            0            0            0            0            0            0            0            0            0            0
            0            0            0            0            0            0            0            0            0            0
            0            0            0            0            0            0            0            0            0            0
            0            0            0            0            0            0            0            0            0            0
            0            0            0            0            0            0            0            0            0            0
            0            0            0            0            0            0            0            0            0            0
            0            0            0            0            0            0            0            0            0            0
            0            0            0            0            0            0            0            0            0            0
            0            0            0            0            0            0            0            0            0            0
            0            0            0            0            0            0            0            0            0            0
            0            0            0            0            0            0            0            0            0            0
            0            0            0            0            0            0            0            0            0            0
            0            0            0            0            0            0            0            0            0            0
            0            0            0            0            0            0            0            0            0            0
            0            0            0            0            0            0            0            0            0            0
            0            0            0            0            0            0            0            0            0            0
            0            0            0            0            0            0            0            0            0            0
            0            0            0            0            0            0            0            0            0            0
            0            0            0            0            0            0            0            0            0            0
            0            0            0            0            0            0            0            0            0            0
            0            0            0            0            0            0            0            0            0            0
            0            0            0            0            0            0            0            0            0            0
            0            0            0            0            0            0            0            0            0            0
            0            0            0            0            0            0            0            0            0            0
          nan   3.7404e+00   2.7529e+00   2.5091e+00   2.2475e+00   2.0753e+00   1.9837e+00   1.8764e+00   2.0594e+00   2.0258e+00
          nan   1.2853e+00   1.7171e+00   1.8931e+00   1.9877e+00   1.9668e+00   2.5033e+00   2.4173e+00   2.2923e+00   2.1925e+00
          nan   1.5757e+00   1.7966e+00   1.8456e+00   1.9539e+00   1.8252e+00   2.0156e+00   1.9792e+00   1.9001e+00   1.8585e+00
          nan   1.2871e+00   1.2277e+00   1.4031e+00   1.3958e+00   2.3659e+00   2.3143e+00   2.2508e+00   2.1773e+00   2.0914e+00
          nan   2.1101e+00   2.7121e+00   2.5372e+00   2.3205e+00   2.2105e+00   2.2288e+00   2.1290e+00   2.0541e+00   2.0547e+00
          nan   1.1359e+01   7.9873e+00   6.3831e+00   5.3731e+00   4.8364e+00   4.5150e+00   4.1391e+00   3.8433e+00   3.6075e+00
          nan   1.8033e+00   1.6870e+00   1.6480e+00   1.7422e+00   1.7857e+00   1.7587e+00   1.7591e+00   1.7591e+00   1.7622e+00
          nan   3.7729e+00   3.4216e+00   4.5247e+00   3.9283e+00   3.4999e+00   3.4880e+00   3.2582e+00   4.1743e+00   3.9738e+00
          nan   1.6375e+00   2.2993e+00   3.1636e+00   3.1273e+00   3.0732e+00   2.8638e+00   2.7572e+00   2.7855e+00   2.8240e+00
          nan   2.2883e+00   1.9878e+00   2.1783e+00   2.2863e+00   2.2374e+00   2.5976e+00   2.8984e+00   2.8420e+00   2.8497e+00
          nan   2.1334e+00   2.4523e+00   2.3956e+00   2.6723e+00   2.7958e+00   2.7171e+00   2.6612e+00   3.0061e+00   3.0505e+00
          nan   4.4492e+00   3.1668e+00   4.0281e+00   6.2999e+00   6.0007e+00   5.5451e+00   5.5309e+00   5.5638e+00   5.5051e+00
          nan   2.2619e+00   3.5544e+00   4.2238e+00   4.4786e+00   4.3005e+00   6.1899e+00   6.1718e+00   5.8152e+00   5.5204e+00
          nan   5.0041e+00   5.9057e+00   4.9575e+00   5.1857e+00   5.0718e+00   4.9110e+00   4.7779e+00   4.8708e+00   4.7451e+00
          nan   2.6169e+00   2.6699e+00   4.9572e+00   7.2296e+00   6.7135e+00   6.5815e+00   6.3131e+00   6.2653e+00   6.0983e+00
          nan   1.0418e+01   1.0261e+01   3.2661e+01   2.7924e+01   2.3810e+01   2.1455e+01   1.9691e+01   1.8105e+01   1.6739e+01
          nan   2.5710e+00   7.4425e+00   6.1045e+00   5.7028e+00   9.0424e+00   8.1243e+00   8.7210e+00   8.1971e+00   1.0039e+01
          nan   2.8198e+00   7.9803e+00   8.3799e+00   7.9667e+00   7.4192e+00   6.8350e+00   6.2811e+00   6.8133e+00   6.7131e+00
          nan   1.3676e+01   8.9116e+00   8.2303e+00   9.9657e+00   1.3364e+01   1.2566e+01   1.2128e+01   1.1392e+01   1.0813e+01
          nan   8.9530e+00   8.4462e+00   7.5806e+00   1.5786e+01   1.4937e+01   1.3894e+01   1.4043e+01   1.5702e+01   1.4747e+01
          nan   6.1534e+00   6.0625e+00   1.1498e+01   1.1447e+01   1.0068e+01   1.5559e+01   1.4576e+01   1.3616e+01   1.2957e+01
          nan   2.2876e+01   1.6399e+01   1.6204e+01   1.5800e+01   1.3968e+01   1.3300e+01   1.4413e+01   1.5485e+01   1.4972e+01
          nan   7.1447e+00   5.3505e+00   7.4164e+00   7.8751e+00   7.5057e+00   1.7345e+01   1.6139e+01   1.6809e+01   1.6405e+01
          nan   7.3893e+00   2.2555e+01   2.0789e+01   1.8935e+01   1.7157e+01   1.5945e+01   1.5542e+01   1.4970e+01   2.6509e+01
          nan   9.8586e+00   3.8813e+01   2.9841e+01   2.4850e+01   2.1762e+01   2.2388e+01   2.1843e+01   2.3555e+01   2.5953e+01
          nan   1.1294e+01   1.1381e+01   2.6834e+01   2.7078e+01   3.4199e+01   3.6639e+01   5.2263e+01   4.8833e+01   4.6648e+01
          nan   1.2502e+01   1.7042e+01   5.9442e+01   6.0080e+01   5.2622e+01   4.9228e+01   4.8427e+01   4.5942e+01   4.3223e+01
          nan   1.0556e+02   1.0508e+02   2.4955e+02   2.4762e+02   2.7063e+02   2.8267e+02   2.5802e+02   2.4361e+02   2.2984e+02
          nan   1.4474e+01   1.5786e+01   1.4407e+01   2.7000e+01   2.5723e+01   2.5386e+01   2.6138e+01   2.7086e+01   3.0081e+01
          nan   4.2936e+01   3.2057e+01   2.9801e+01   2.7490e+02   4.5631e+02   5.1647e+02   4.9467e+02   4.8496e+02   4.7379e+02
            0            0            0            0            0            0            0            0            0            0
            0            0            0            0            0            0            0            0            0            0
            0            0            0            0            0            0            0            0            0            0
            0            0            0            0            0            0            0            0            0            0
            0            0            0            0            0            0            0            0            0            0
            0            0            0            0            0            0            0            0            0            0
            0            0            0            0            0            0            0            0            0            0
            0            0            0            0            0            0            0            0            0            0
            0            0            0            0            0            0            0            0            0            0
            0            0            0            0            0            0            0            0            0            0
            0            0            0            0            0            0            0            0            0            0
            0            0            0            0            0            0            0            0            0            0
            0            0            0            0            0            0            0            0            0            0
            0            0            0            0            0            0            0            0            0            0
            0            0            0            0            0            0            0            0            0            0
            0            0            0            0            0            0            0            0            0            0
            0            0            0            0            0            0            0            0            0            0
            0            0            0            0            0            0            0            0            0            0
            0            0            0            0            0            0            0            0            0            0
            0            0            0            0            0            0            0            0            0            0
            0            0            0            0            0            0            0            0            0            0
            0            0            0            0            0            0            0            0            0            0
            0            0            0            0            0            0            0            0            0            0
            0            0            0            0            0            0            0            0            0            0
            0            0            0            0            0            0            0            0            0            0
            0            0            0            0            0            0            0            0            0            0
            0            0            0            0            0            0            0            0            0            0
            0            0            0            0            0            0            0            0            0            0
            0            0            0            0            0            0            0            0            0            0
            0            0            0            0            0            0            0            0            0            0
            0            0            0            0            0            0            0            0            0            0
            0            0            0            0            0            0            0            0            0            0
            0            0            0            0            0            0            0            0            0            0
            0            0            0            0            0            0            0            0            0            0
            0            0            0            0            0            0            0            0            0            0
            0            0            0            0            0            0            0            0            0            0
            0            0            0            0            0            0            0            0            0            0
            0            0            0            0            0            0            0            0            0            0
            0            0            0            0            0            0            0            0            0            0
            0            0            0            0            0            0            0            0            0            0
            0            0            0            0            0            0            0            0            0            0
            0            0            0            0            0            0            0            0            0            0
            0            0            0            0            0            0            0            0            0            0
            0            0            0            0            0            0            0            0            0            0
            0            0            0            0            0            0            0            0            0            0
            0            0            0            0            0            0            0            0            0            0
            0            0            0            0            0            0            0            0            0            0
            0            0            0            0            0            0            0            0            0            0
            0            0            0            0            0            0            0            0            0            0
            0            0            0            0            0            0            0            0            0            0
            0            0            0            0            0            0            0            0            0            0
            0            0            0            0            0            0            0            0            0            0
            0            0            0            0            0            0            0            0            0            0
            0            0            0            0            0            0            0            0            0            0
            0            0            0            0            0            0            0            0            0            0
            0            0            0            0            0            0            0            0            0            0
            0            0            0            0            0            0            0            0            0            0
            0            0            0            0            0            0            0            0            0            0
            0            0            0            0            0            0            0            0            0            0
            0            0            0            0            0            0            0            0            0            0

         0         0         0         0         0         0         0         0         0         0
         0         0         0         0         0         0         0         0         0         0
         0         0         0         0         0         0         0         0         0         0
         0         0         0         0         0         0         0         0         0         0
         0         0         0         0         0         0         0         0         0         0
         0         0         0         0         0         0         0         0         0         0
         0         0         0         0         0         0         0         0         0         0
         0         0         0         0         0         0         0         0         0         0
         0         0         0         0         0         0         0         0         0         0
         0         0         0         0         0         0         0         0         0         0
         0         0         0         0         0         0         0         0         0         0
         0         0         0         0         0         0         0         0         0         0
         0         0         0         0         0         0         0         0         0         0
         0         0         0         0         0         0         0         0         0         0
         0         0         0         0         0         0         0         0         0         0
         0         0         0         0         0         0         0         0         0         0
         0         0         0         0         0         0         0         0         0         0
         0         0         0         0         0         0         0         0         0         0
         0         0         0         0         0         0         0         0         0         0
         0         0         0         0         0         0         0         0         0         0
         0         0         0         0         0         0         0         0         0         0
         0         0         0         0         0         0         0         0         0         0
         0         0         0         0         0         0         0         0         0         0
         0         0         0         0         0         0         0         0         0         0
         0         0         0         0         0         0         0         0         0         0
         0         0         0         0         0         0         0         0         0         0
         0         0         0         0         0         0         0         0         0         0
         0         0         0         0         0         0         0         0         0         0
         0         0         0         0         0         0         0         0         0         0
         0         0         0         0         0         0         0         0         0         0
       nan    3.7404    2.7529    2.5091    2.2475    2.0753    1.9837    1.8764    2.0594    2.0258
       nan    1.2853    1.7171    1.8931    1.9877    1.9668    2.5033    2.4173    2.2923    2.1925
       nan    1.5757    1.7966    1.8456    1.9539    1.8252    2.0156    1.9792    1.9001    1.8585
       nan    1.2871    1.2277    1.4031    1.3958    2.3659    2.3143    2.2508    2.1773    2.0914
       nan    2.1101    2.7121    2.5372    2.3205    2.2105    2.2288    2.1290    2.0541    2.0547
       nan   11.3590    7.9873    6.3831    5.3731    4.8364    4.5150    4.1391    3.8433    3.6075
       nan    1.8033    1.6870    1.6480    1.7422    1.7857    1.7587    1.7591    1.7591    1.7622
       nan    3.7729    3.4216    4.5247    3.9283    3.4999    3.4880    3.2582    4.1743    3.9738
       nan    1.6375    2.2993    3.1636    3.1273    3.0732    2.8638    2.7572    2.7855    2.8240
       nan    2.2883    1.9878    2.1783    2.2863    2.2374    2.5976    2.8984    2.8420    2.8497
       nan    2.1334    2.4523    2.3956    2.6723    2.7958    2.7171    2.6612    3.0061    3.0505
       nan    4.4492    3.1668    4.0281    6.2999    6.0007    5.5451    5.5309    5.5638    5.5051
       nan    2.2619    3.5544    4.2238    4.4786    4.3005    6.1899    6.1718    5.8152    5.5204
       nan    5.0041    5.9057    4.9575    5.1857    5.0718    4.9110    4.7779    4.8708    4.7451
       nan    2.6169    2.6699    4.9572    7.2296    6.7135    6.5815    6.3131    6.2653    6.0983
       nan   10.4181   10.2613   32.6606   27.9243   23.8102   21.4553   19.6911   18.1054   16.7388
       nan    2.5710    7.4425    6.1045    5.7028    9.0424    8.1243    8.7210    8.1971   10.0393
       nan    2.8198    7.9803    8.3799    7.9667    7.4192    6.8350    6.2811    6.8133    6.7131
       nan   13.6755    8.9116    8.2303    9.9657   13.3644   12.5665   12.1281   11.3916   10.8134
       nan    8.9530    8.4462    7.5806   15.7864   14.9368   13.8945   14.0433   15.7019   14.7465
       nan    6.1534    6.0625   11.4984   11.4471   10.0681   15.5589   14.5758   13.6156   12.9570
       nan   22.8758   16.3992   16.2038   15.8004   13.9682   13.2996   14.4132   15.4849   14.9717
       nan    7.1447    5.3505    7.4164    7.8751    7.5057   17.3446   16.1393   16.8087   16.4047
       nan    7.3893   22.5552   20.7890   18.9349   17.1567   15.9452   15.5425   14.9699   26.5086
       nan    9.8586   38.8127   29.8411   24.8497   21.7621   22.3878   21.8428   23.5554   25.9530
       nan   11.2940   11.3813   26.8343   27.0785   34.1993   36.6393   50.4251   47.1952   45.1963
       nan   12.5015   17.0423   45.8277   50.0695   44.6355   42.5074   42.5227   40.6653   38.4539
       nan   39.3810   60.3884   56.4882   50.8111   60.0923   66.7073   63.8233   61.0642   69.2290
       nan   14.4738   15.7857   14.4075   26.9996   25.7225   25.3861   26.1381   27.0862   30.0809
       nan   42.9358   32.0570   29.8007   43.5604   39.1513   35.4237   49.9156   54.1370   50.4072
         0         0         0         0         0         0         0         0         0         0
         0         0         0         0         0         0         0         0         0         0
         0         0         0         0         0         0         0         0         0         0
         0         0         0         0         0         0         0         0         0         0
         0         0         0         0         0         0         0         0         0         0
         0         0         0         0         0         0         0         0         0         0
         0         0         0         0         0         0         0         0         0         0
         0         0         0         0         0         0         0         0         0         0
         0         0         0         0         0         0         0         0         0         0
         0         0         0         0         0         0         0         0         0         0
         0         0         0         0         0         0         0         0         0         0
         0         0         0         0         0         0         0         0         0         0
         0         0         0         0         0         0         0         0         0         0
         0         0         0         0         0         0         0         0         0         0
         0         0         0         0         0         0         0         0         0         0
         0         0         0         0         0         0         0         0         0         0
         0         0         0         0         0         0         0         0         0         0
         0         0         0         0         0         0         0         0         0         0
         0         0         0         0         0         0         0         0         0         0
         0         0         0         0         0         0         0         0         0         0
         0         0         0         0         0         0         0         0         0         0
         0         0         0         0         0         0         0         0         0         0
         0         0         0         0         0         0         0         0         0         0
         0         0         0         0         0         0         0         0         0         0
         0         0         0         0         0         0         0         0         0         0
         0         0         0         0         0         0         0         0         0         0
         0         0         0         0         0         0         0         0         0         0
         0         0         0         0         0         0         0         0         0         0
         0         0         0         0         0         0         0         0         0         0
         0         0         0         0         0         0         0         0         0         0
         0         0         0         0         0         0         0         0         0         0
         0         0         0         0         0         0         0         0         0         0
         0         0         0         0         0         0         0         0         0         0
         0         0         0         0         0         0         0         0         0         0
         0         0         0         0         0         0         0         0         0         0
         0         0         0         0         0         0         0         0         0         0
         0         0         0         0         0         0         0         0         0         0
         0         0         0         0         0         0         0         0         0         0
         0         0         0         0         0         0         0         0         0         0
         0         0         0         0         0         0         0         0         0         0
         0         0         0         0         0         0         0         0         0         0
         0         0         0         0         0         0         0         0         0         0
         0         0         0         0         0         0         0         0         0         0
         0         0         0         0         0         0         0         0         0         0
         0         0         0         0         0         0         0         0         0         0
         0         0         0         0         0         0         0         0         0         0
         0         0         0         0         0         0         0         0         0         0
         0         0         0         0         0         0         0         0         0         0
         0         0         0         0         0         0         0         0         0         0
         0         0         0         0         0         0         0         0         0         0
         0         0         0         0         0         0         0         0         0         0
         0         0         0         0         0         0         0         0         0         0
         0         0         0         0         0         0         0         0         0         0
         0         0         0         0         0         0         0         0         0         0
         0         0         0         0         0         0         0         0         0         0
         0         0         0         0         0         0         0         0         0         0
         0         0         0         0         0         0         0         0         0         0
         0         0         0         0         0         0         0         0         0         0
         0         0         0         0         0         0         0         0         0         0
         0         0         0         0         0         0         0         0         0         0

        0        0        0        0        0        0        0        0        0        0
        0        0        0        0        0        0        0        0        0        0
        0        0        0        0        0        0        0        0        0        0
        0        0        0        0        0        0        0        0        0        0
        0        0        0        0        0        0        0        0        0        0
        0        0        0        0        0        0        0        0        0        0
        0        0        0        0        0        0        0        0        0        0
        0        0        0        0        0        0        0        0        0        0
        0        0        0        0        0        0        0        0        0        0
        0        0        0        0        0        0        0        0        0        0
        0        0        0        0        0        0        0        0        0        0
        0        0        0        0        0        0        0        0        0        0
        0        0        0        0        0        0        0        0        0        0
        0        0        0        0        0        0        0        0        0        0
        0        0        0        0        0        0        0        0        0        0
        0        0        0        0        0        0        0        0        0        0
        0        0        0        0        0        0        0        0        0        0
        0        0        0        0        0        0        0        0        0        0
        0        0        0        0        0        0        0        0        0        0
        0        0        0        0        0        0        0        0        0        0
        0        0        0        0        0        0        0        0        0        0
        0        0        0        0        0        0        0        0        0        0
        0        0        0        0        0        0        0        0        0        0
        0        0        0        0        0        0        0        0        0        0
        0        0        0        0        0        0        0        0        0        0
        0        0        0        0        0        0        0        0        0        0
        0        0        0        0        0        0        0        0        0        0
        0        0        0        0        0        0        0        0        0        0
        0        0        0        0        0        0        0        0        0        0
        0        0        0        0        0        0        0        0        0        0
      inf   0.2562   0.1905   0.1698   0.1588   0.1527   0.1484   0.1453   0.1431   0.1415
      inf   0.2551   0.1921   0.1713   0.1610   0.1545   0.1506   0.1476   0.1453   0.1434
      inf   0.2638   0.1983   0.1754   0.1651   0.1582   0.1541   0.1509   0.1482   0.1463
      inf   0.2653   0.1981   0.1764   0.1655   0.1596   0.1554   0.1520   0.1495   0.1476
      inf   0.2701   0.2041   0.1811   0.1697   0.1630   0.1584   0.1551   0.1525   0.1507
      inf   0.2845   0.2119   0.1872   0.1747   0.1668   0.1618   0.1584   0.1560   0.1539
      inf   0.2853   0.2120   0.1878   0.1758   0.1684   0.1636   0.1604   0.1579   0.1559
      inf   0.2832   0.2132   0.1904   0.1786   0.1711   0.1667   0.1632   0.1610   0.1590
      inf   0.2923   0.2183   0.1939   0.1819   0.1742   0.1690   0.1655   0.1630   0.1610
      inf   0.2933   0.2191   0.1950   0.1835   0.1756   0.1710   0.1681   0.1654   0.1633
      inf   0.2994   0.2244   0.1994   0.1871   0.1797   0.1748   0.1714   0.1692   0.1669
      inf   0.3047   0.2281   0.2032   0.1925   0.1847   0.1793   0.1756   0.1730   0.1708
      inf   0.3061   0.2320   0.2064   0.1940   0.1859   0.1815   0.1778   0.1747   0.1724
      inf   0.3143   0.2373   0.2108   0.1979   0.1902   0.1846   0.1811   0.1787   0.1763
      inf   0.3190   0.2381   0.2128   0.2004   0.1924   0.1877   0.1840   0.1812   0.1791
      inf   0.3352   0.2526   0.2259   0.2092   0.2008   0.1941   0.1901   0.1869   0.1841
      inf   0.3295   0.2492   0.2218   0.2074   0.2003   0.1944   0.1912   0.1874   0.1859
      inf   0.3367   0.2547   0.2273   0.2134   0.2038   0.1979   0.1937   0.1910   0.1885
      inf   0.3465   0.2562   0.2282   0.2150   0.2083   0.2026   0.1985   0.1953   0.1928
      inf   0.3479   0.2613   0.2323   0.2202   0.2109   0.2055   0.2009   0.1981   0.1956
      inf   0.3503   0.2642   0.2365   0.2230   0.2137   0.2090   0.2046   0.2016   0.1996
      inf   0.3717   0.2769   0.2458   0.2299   0.2198   0.2137   0.2099   0.2069   0.2040
      inf   0.3722   0.2790   0.2491   0.2333   0.2231   0.2180   0.2135   0.2102   0.2071
      inf   0.3712   0.2835   0.2533   0.2366   0.2267   0.2204   0.2166   0.2134   0.2122
      inf   0.3754   0.2891   0.2558   0.2392   0.2290   0.2237   0.2189   0.2165   0.2149
      inf   0.3938   0.2947   0.2640   0.2473   0.2403   0.2345   0.2312   0.2271   0.2247
      inf   0.4010   0.3005   0.2722   0.2574   0.2480   0.2409   0.2350   0.2305   0.2269
      inf   0.4414   0.3302   0.2917   0.2740   0.2609   0.2504   0.2451   0.2406   0.2380
      inf   0.4159   0.3106   0.2747   0.2595   0.2491   0.2401   0.2360   0.2326   0.2309
      inf   0.4238   0.3159   0.2808   0.2668   0.2549   0.2469   0.2423   0.2387   0.2354
        0        0        0        0        0        0        0        0        0        0
        0        0        0        0        0        0        0        0        0        0
        0        0        0        0        0        0        0        0        0        0
        0        0        0        0        0        0        0        0        0        0
        0        0        0        0        0        0        0        0        0        0
        0        0        0        0        0        0        0        0        0        0
        0        0        0        0        0        0        0        0        0        0
        0        0        0        0        0        0        0        0        0        0
        0        0        0        0        0        0        0        0        0        0
        0        0        0        0        0        0        0        0        0        0
        0        0        0        0        0        0        0        0        0        0
        0        0        0        0        0        0        0        0        0        0
        0        0        0        0        0        0        0        0        0        0
        0        0        0        0        0        0        0        0        0        0
        0        0        0        0        0        0        0        0        0        0
        0        0        0        0        0        0        0        0        0        0
        0        0        0        0        0        0        0        0        0        0
        0        0        0        0        0        0        0        0        0        0
        0        0        0        0        0        0        0        0        0        0
        0        0        0        0        0        0        0        0        0        0
        0        0        0        0        0        0        0        0        0        0
        0        0        0        0        0        0        0        0        0        0
        0        0        0        0        0        0        0        0        0        0
        0        0        0        0        0        0        0        0        0        0
        0        0        0        0        0        0        0        0        0        0
        0        0        0        0        0        0        0        0        0        0
        0        0        0        0        0        0        0        0        0        0
        0        0        0        0        0        0        0        0        0        0
        0        0        0        0        0        0        0        0        0        0
        0        0        0        0        0        0        0        0        0        0
        0        0        0        0        0        0        0        0        0        0
        0        0        0        0        0        0        0        0        0        0
        0        0        0        0        0        0        0        0        0        0
        0        0        0        0        0        0        0        0        0        0
        0        0        0        0        0        0        0        0        0        0
        0        0        0        0        0        0        0        0        0        0
        0        0        0        0        0        0        0        0        0        0
        0        0        0        0        0        0        0        0        0        0
        0        0        0        0        0        0        0        0        0        0
        0        0        0        0        0        0        0        0        0        0
        0        0        0        0        0        0        0        0        0        0
        0        0        0        0        0        0        0        0        0        0
        0        0        0        0        0        0        0        0        0        0
        0        0        0        0        0        0        0        0        0        0
        0        0        0        0        0        0        0        0        0        0
        0        0        0        0        0        0        0        0        0        0
        0        0        0        0        0        0        0        0        0        0
        0        0        0        0        0        0        0        0        0        0
        0        0        0        0        0        0        0        0        0        0
        0        0        0        0        0        0        0        0        0        0
        0        0        0        0        0        0        0        0        0        0
        0        0        0        0        0        0        0        0        0        0
        0        0        0        0        0        0        0        0        0        0
        0        0        0        0        0        0        0        0        0        0
        0        0        0        0        0        0        0        0        0        0
        0        0        0        0        0        0        0        0        0        0
        0        0        0        0        0        0        0        0        0        0
        0        0        0        0        0        0        0        0        0        0
        0        0        0        0        0        0        0        0        0        0
        0        0        0        0        0        0        0        0        0        0

