   2.0000
   2.0050
   2.0100
   2.0150
   2.0200
   2.0250
   2.0300
   2.0350
   2.0400
   2.0450
   2.0500
   2.0550
   2.0600
   2.0650
   2.0700
   2.0750
   2.0800
   2.0850
   2.0900
   2.0950
   2.1000
   2.1050
   2.1100
   2.1150
   2.1200
   2.1250
   2.1300
   2.1350
   2.1400
   2.1450
   2.1500
   2.1550
   2.1600
   2.1650
   2.1700
   2.1750
   2.1800
   2.1850
   2.1900
   2.1950
   2.2000
   2.2050
   2.2100
   2.2150
   2.2200
   2.2250
   2.2300
   2.2350
   2.2400
   2.2450
   2.2500
   2.2550
   2.2600
   2.2650
   2.2700
   2.2750
   2.2800
   2.2850
   2.2900
   2.2950
   2.3000
   2.3050
   2.3100
   2.3150
   2.3200
   2.3250
   2.3300
   2.3350
   2.3400
   2.3450
   2.3500
   2.3550
   2.3600
   2.3650
   2.3700
   2.3750
   2.3800
   2.3850
   2.3900
   2.3950
   2.4000
   2.4050
   2.4100
   2.4150
   2.4200
   2.4250
   2.4300
   2.4350
   2.4400
   2.4450
   2.4500
   2.4550
   2.4600
   2.4650
   2.4700
   2.4750
   2.4800
   2.4850
   2.4900
   2.4950
   2.5000
   2.5050
   2.5100
   2.5150
   2.5200
   2.5250
   2.5300
   2.5350
   2.5400
   2.5450
   2.5500
   2.5550
   2.5600
   2.5650
   2.5700
   2.5750
   2.5800
   2.5850
   2.5900
   2.5950

        0        0        0        0        0        0        0        0        0        0
        0        0        0        0        0        0        0        0        0        0
        0        0        0        0        0        0        0        0        0        0
        0        0        0        0        0        0        0        0        0        0
        0        0        0        0        0        0        0        0        0        0
        0        0        0        0        0        0        0        0        0        0
        0        0        0        0        0        0        0        0        0        0
        0        0        0        0        0        0        0        0        0        0
        0        0        0        0        0        0        0        0        0        0
        0        0        0        0        0        0        0        0        0        0
        0        0        0        0        0        0        0        0        0        0
        0        0        0        0        0        0        0        0        0        0
        0        0        0        0        0        0        0        0        0        0
        0        0        0        0        0        0        0        0        0        0
        0        0        0        0        0        0        0        0        0        0
        0        0        0        0        0        0        0        0        0        0
        0        0        0        0        0        0        0        0        0        0
        0        0        0        0        0        0        0        0        0        0
        0        0        0        0        0        0        0        0        0        0
        0        0        0        0        0        0        0        0        0        0
        0        0        0        0        0        0        0        0        0        0
        0        0        0        0        0        0        0        0        0        0
        0        0        0        0        0        0        0        0        0        0
        0        0        0        0        0        0        0        0        0        0
        0        0        0        0        0        0        0        0        0        0
        0        0        0        0        0        0        0        0        0        0
        0        0        0        0        0        0        0        0        0        0
        0        0        0        0        0        0        0        0        0        0
        0        0        0        0        0        0        0        0        0        0
        0        0        0        0        0        0        0        0        0        0
     -inf  -4.0000  -3.0000  -2.6667  -2.5000  -2.4000  -2.3333  -2.2857  -2.2500  -2.2222
     -inf  -4.0000  -3.0000  -2.6667  -2.5000  -2.4000  -2.3333  -2.2857  -2.2497  -2.2217
     -inf  -4.0000  -3.0000  -2.6667  -2.5000  -2.4000  -2.3333  -2.2857  -2.2500  -2.2222
     -inf  -4.0000  -3.0000  -2.6667  -2.5000  -2.4000  -2.3333  -2.2857  -2.2500  -2.2222
     -inf  -4.0000  -3.0000  -2.6667  -2.5000  -2.4000  -2.3333  -2.2857  -2.2497  -2.2217
     -inf  -4.0000  -3.0000  -2.6667  -2.5000  -2.4000  -2.3333  -2.2857  -2.2500  -2.2222
     -inf  -4.0000  -3.0000  -2.6667  -2.5000  -2.4000  -2.3333  -2.2857  -2.2500  -2.2222
     -inf  -4.0000  -3.0000  -2.6667  -2.5000  -2.4000  -2.3333  -2.2857  -2.2500  -2.2222
     -inf  -4.0000  -3.0000  -2.6667  -2.5000  -2.4000  -2.3333  -2.2857  -2.2500  -2.2222
     -inf  -4.0000  -3.0000  -2.6667  -2.5000  -2.4000  -2.3333  -2.2857  -2.2500  -2.2222
     -inf  -4.0000  -3.0000  -2.6667  -2.5000  -2.4000  -2.3333  -2.2857  -2.2500  -2.2222
     -inf  -4.0000  -3.0000  -2.6667  -2.5000  -2.4000  -2.3333  -2.2857  -2.2497  -2.2217
     -inf  -4.0000  -3.0000  -2.6667  -2.5000  -2.4000  -2.3333  -2.2857  -2.2500  -2.2222
     -inf  -4.0000  -3.0000  -2.6667  -2.5000  -2.4000  -2.3333  -2.2857  -2.2500  -2.2222
     -inf  -4.0000  -3.0000  -2.6667  -2.5000  -2.4000  -2.3333  -2.2857  -2.2500  -2.2222
     -inf  -4.0000  -3.0000  -2.6667  -2.5000  -2.4000  -2.3333  -2.2857  -2.2500  -2.2222
     -inf  -3.9956  -2.9967  -2.6637  -2.4972  -2.3973  -2.3307  -2.2832  -2.2475  -2.2198
     -inf  -4.0000  -3.0000  -2.6667  -2.5000  -2.4000  -2.3333  -2.2857  -2.2500  -2.2222
     -inf  -4.0000  -3.0000  -2.6667  -2.5000  -2.4000  -2.3333  -2.2857  -2.2500  -2.2220
     -inf  -4.0000  -3.0000  -2.6667  -2.5000  -2.4000  -2.3333  -2.2857  -2.2497  -2.2217
     -inf  -4.0000  -3.0000  -2.6667  -2.5000  -2.4000  -2.3333  -2.2857  -2.2500  -2.2222
     -inf  -4.0000  -3.0000  -2.6667  -2.5000  -2.4000  -2.3333  -2.2857  -2.2500  -2.2222
     -inf  -4.0000  -3.0000  -2.6667  -2.5000  -2.4000  -2.3333  -2.2857  -2.2500  -2.2222
     -inf  -4.0000  -3.0000  -2.6667  -2.5000  -2.4000  -2.3333  -2.2857  -2.2500  -2.2222
     -inf  -4.0000  -3.0000  -2.6667  -2.5000  -2.4000  -2.3333  -2.2857  -2.2500  -2.2222
     -inf  -4.0000  -3.0000  -2.6667  -2.5000  -2.4000  -2.3330  -2.2851  -2.2489  -2.2207
     -inf  -4.0000  -3.0000  -2.6659  -2.4989  -2.3987  -2.3319  -2.2841  -2.2483  -2.2205
     -inf  -4.0000  -3.0000  -2.6667  -2.5000  -2.4000  -2.3333  -2.2857  -2.2500  -2.2222
     -inf  -4.0000  -3.0000  -2.6667  -2.5000  -2.4000  -2.3333  -2.2857  -2.2500  -2.2222
        0        0        0        0        0        0        0        0        0        0
        0        0        0        0        0        0        0        0        0        0
        0        0        0        0        0        0        0        0        0        0
        0        0        0        0        0        0        0        0        0        0
        0        0        0        0        0        0        0        0        0        0
        0        0        0        0        0        0        0        0        0        0
        0        0        0        0        0        0        0        0        0        0
        0        0        0        0        0        0        0        0        0        0
        0        0        0        0        0        0        0        0        0        0
        0        0        0        0        0        0        0        0        0        0
        0        0        0        0        0        0        0        0        0        0
        0        0        0        0        0        0        0        0        0        0
        0        0        0        0        0        0        0        0        0        0
        0        0        0        0        0        0        0        0        0        0
        0        0        0        0        0        0        0        0        0        0
        0        0        0        0        0        0        0        0        0        0
        0        0        0        0        0        0        0        0        0        0
        0        0        0        0        0        0        0        0        0        0
        0        0        0        0        0        0        0        0        0        0
        0        0        0        0        0        0        0        0        0        0
        0        0        0        0        0        0        0        0        0        0
        0        0        0        0        0        0        0        0        0        0
        0        0        0        0        0        0        0        0        0        0
        0        0        0        0        0        0        0        0        0        0
        0        0        0        0        0        0        0        0        0        0
        0        0        0        0        0        0        0        0        0        0
        0        0        0        0        0        0        0        0        0        0
        0        0        0        0        0        0        0        0        0        0
        0        0        0        0        0        0        0        0        0        0
        0        0        0        0        0        0        0        0        0        0
        0        0        0        0        0        0        0        0        0        0
        0        0        0        0        0        0        0        0        0        0
        0        0        0        0        0        0        0        0        0        0
        0        0        0        0        0        0        0        0        0        0
        0        0        0        0        0        0        0        0        0        0
        0        0        0        0        0        0        0        0        0        0
        0        0        0        0        0        0        0        0        0        0
        0        0        0        0        0        0        0        0        0        0
        0        0        0        0        0        0        0        0        0        0
        0        0        0        0        0        0        0        0        0        0
        0        0        0        0        0        0        0        0        0        0
        0        0        0        0        0        0        0        0        0        0
        0        0        0        0        0        0        0        0        0        0
        0        0        0        0        0        0        0        0        0        0
        0        0        0        0        0        0        0        0        0        0
        0        0        0        0        0        0        0        0        0        0
        0        0        0        0        0        0        0        0        0        0
        0        0        0        0        0        0        0        0        0        0
        0        0        0        0        0        0        0        0        0        0
        0        0        0        0        0        0        0        0        0        0
        0        0        0        0        0        0        0        0        0        0
        0        0        0        0        0        0        0        0        0        0
        0        0        0        0        0        0        0        0        0        0
        0        0        0        0        0        0        0        0        0        0
        0        0        0        0        0        0        0        0        0        0
        0        0        0        0        0        0        0        0        0        0
        0        0        0        0        0        0        0        0        0        0
        0        0        0        0        0        0        0        0        0        0
        0        0        0        0        0        0        0        0        0        0
        0        0        0        0        0        0        0        0        0        0
        0        0        0        0        0        0        0        0        0        0

        0        0        0        0        0        0        0        0        0        0
        0        0        0        0        0        0        0        0        0        0
        0        0        0        0        0        0        0        0        0        0
        0        0        0        0        0        0        0        0        0        0
        0        0        0        0        0        0        0        0        0        0
        0        0        0        0        0        0        0        0        0        0
        0        0        0        0        0        0        0        0        0        0
        0        0        0        0        0        0        0        0        0        0
        0        0        0        0        0        0        0        0        0        0
        0        0        0        0        0        0        0        0        0        0
        0        0        0        0        0        0        0        0        0        0
        0        0        0        0        0        0        0        0        0        0
        0        0        0        0        0        0        0        0        0        0
        0        0        0        0        0        0        0        0        0        0
        0        0        0        0        0        0        0        0        0        0
        0        0        0        0        0        0        0        0        0        0
        0        0        0        0        0        0        0        0        0        0
        0        0        0        0        0        0        0        0        0        0
        0        0        0        0        0        0        0        0        0        0
        0        0        0        0        0        0        0        0        0        0
        0        0        0        0        0        0        0        0        0        0
        0        0        0        0        0        0        0        0        0        0
        0        0        0        0        0        0        0        0        0        0
        0        0        0        0        0        0        0        0        0        0
        0        0        0        0        0        0        0        0        0        0
        0        0        0        0        0        0        0        0        0        0
        0        0        0        0        0        0        0        0        0        0
        0        0        0        0        0        0        0        0        0        0
        0        0        0        0        0        0        0        0        0        0
        0        0        0        0        0        0        0        0        0        0
      inf   2.0000   1.5000   1.3333   1.2500   1.2000   1.1667   1.1429   1.1250   1.1111
      inf   2.0000   1.5000   1.3333   1.2500   1.2000   1.1667   1.1429   1.1249   1.1110
      inf   2.0000   1.5000   1.3333   1.2500   1.2000   1.1667   1.1429   1.1250   1.1111
      inf   2.0000   1.5000   1.3333   1.2500   1.2000   1.1667   1.1429   1.1250   1.1111
      inf   2.0000   1.5000   1.3333   1.2500   1.2000   1.1667   1.1429   1.1249   1.1110
      inf   2.0000   1.5000   1.3333   1.2500   1.2000   1.1667   1.1429   1.1250   1.1111
      inf   2.0000   1.5000   1.3333   1.2500   1.2000   1.1667   1.1429   1.1250   1.1111
      inf   2.0000   1.5000   1.3333   1.2500   1.2000   1.1667   1.1429   1.1250   1.1111
      inf   2.0000   1.5000   1.3333   1.2500   1.2000   1.1667   1.1429   1.1250   1.1111
      inf   2.0000   1.5000   1.3333   1.2500   1.2000   1.1667   1.1429   1.1250   1.1111
      inf   2.0000   1.5000   1.3333   1.2500   1.2000   1.1667   1.1429   1.1250   1.1111
      inf   2.0000   1.5000   1.3333   1.2500   1.2000   1.1667   1.1429   1.1249   1.1110
      inf   2.0000   1.5000   1.3333   1.2500   1.2000   1.1667   1.1429   1.1250   1.1111
      inf   2.0000   1.5000   1.3333   1.2500   1.2000   1.1667   1.1429   1.1250   1.1111
      inf   2.0000   1.5000   1.3333   1.2500   1.2000   1.1667   1.1429   1.1250   1.1111
      inf   2.0000   1.5000   1.3333   1.2500   1.2000   1.1667   1.1429   1.1250   1.1111
      inf   1.9989   1.4992   1.3326   1.2493   1.1993   1.1660   1.1422   1.1244   1.1105
      inf   2.0000   1.5000   1.3333   1.2500   1.2000   1.1667   1.1429   1.1250   1.1111
      inf   2.0000   1.5000   1.3333   1.2500   1.2000   1.1667   1.1429   1.1250   1.1110
      inf   2.0000   1.5000   1.3333   1.2500   1.2000   1.1667   1.1429   1.1249   1.1110
      inf   2.0000   1.5000   1.3333   1.2500   1.2000   1.1667   1.1429   1.1250   1.1111
      inf   2.0000   1.5000   1.3333   1.2500   1.2000   1.1667   1.1429   1.1250   1.1111
      inf   2.0000   1.5000   1.3333   1.2500   1.2000   1.1667   1.1429   1.1250   1.1111
      inf   2.0000   1.5000   1.3333   1.2500   1.2000   1.1667   1.1429   1.1250   1.1111
      inf   2.0000   1.5000   1.3333   1.2500   1.2000   1.1667   1.1429   1.1250   1.1111
      inf   2.0000   1.5000   1.3333   1.2500   1.2000   1.1666   1.1427   1.1247   1.1107
      inf   2.0000   1.5000   1.3331   1.2497   1.1997   1.1663   1.1425   1.1246   1.1107
      inf   2.0000   1.5000   1.3333   1.2500   1.2000   1.1667   1.1429   1.1250   1.1111
      inf   2.0000   1.5000   1.3333   1.2500   1.2000   1.1667   1.1429   1.1250   1.1111
        0        0        0        0        0        0        0        0        0        0
        0        0        0        0        0        0        0        0        0        0
        0        0        0        0        0        0        0        0        0        0
        0        0        0        0        0        0        0        0        0        0
        0        0        0        0        0        0        0        0        0        0
        0        0        0        0        0        0        0        0        0        0
        0        0        0        0        0        0        0        0        0        0
        0        0        0        0        0        0        0        0        0        0
        0        0        0        0        0        0        0        0        0        0
        0        0        0        0        0        0        0        0        0        0
        0        0        0        0        0        0        0        0        0        0
        0        0        0        0        0        0        0        0        0        0
        0        0        0        0        0        0        0        0        0        0
        0        0        0        0        0        0        0        0        0        0
        0        0        0        0        0        0        0        0        0        0
        0        0        0        0        0        0        0        0        0        0
        0        0        0        0        0        0        0        0        0        0
        0        0        0        0        0        0        0        0        0        0
        0        0        0        0        0        0        0        0        0        0
        0        0        0        0        0        0        0        0        0        0
        0        0        0        0        0        0        0        0        0        0
        0        0        0        0        0        0        0        0        0        0
        0        0        0        0        0        0        0        0        0        0
        0        0        0        0        0        0        0        0        0        0
        0        0        0        0        0        0        0        0        0        0
        0        0        0        0        0        0        0        0        0        0
        0        0        0        0        0        0        0        0        0        0
        0        0        0        0        0        0        0        0        0        0
        0        0        0        0        0        0        0        0        0        0
        0        0        0        0        0        0        0        0        0        0
        0        0        0        0        0        0        0        0        0        0
        0        0        0        0        0        0        0        0        0        0
        0        0        0        0        0        0        0        0        0        0
        0        0        0        0        0        0        0        0        0        0
        0        0        0        0        0        0        0        0        0        0
        0        0        0        0        0        0        0        0        0        0
        0        0        0        0        0        0        0        0        0        0
        0        0        0        0        0        0        0        0        0        0
        0        0        0        0        0        0        0        0        0        0
        0        0        0        0        0        0        0        0        0        0
        0        0        0        0        0        0        0        0        0        0
        0        0        0        0        0        0        0        0        0        0
        0        0        0        0        0        0        0        0        0        0
        0        0        0        0        0        0        0        0        0        0
        0        0        0        0        0        0        0        0        0        0
        0        0        0        0        0        0        0        0        0        0
        0        0        0        0        0        0        0        0        0        0
        0        0        0        0        0        0        0        0        0        0
        0        0        0        0        0        0        0        0        0        0
        0        0        0        0        0        0        0        0        0        0
        0        0        0        0        0        0        0        0        0        0
        0        0        0        0        0        0        0        0        0        0
        0        0        0        0        0        0        0        0        0        0
        0        0        0        0        0        0        0        0        0        0
        0        0        0        0        0        0        0        0        0        0
        0        0        0        0        0        0        0        0        0        0
        0        0        0        0        0        0        0        0        0        0
        0        0        0        0        0        0        0        0        0        0
        0        0        0        0        0        0        0        0        0        0
        0        0        0        0        0        0        0        0        0        0
        0        0        0        0        0        0        0        0        0        0

        0        0        0        0        0        0        0        0        0        0
        0        0        0        0        0        0        0        0        0        0
        0        0        0        0        0        0        0        0        0        0
        0        0        0        0        0        0        0        0        0        0
        0        0        0        0        0        0        0        0        0        0
        0        0        0        0        0        0        0        0        0        0
        0        0        0        0        0        0        0        0        0        0
        0        0        0        0        0        0        0        0        0        0
        0        0        0        0        0        0        0        0        0        0
        0        0        0        0        0        0        0        0        0        0
        0        0        0        0        0        0        0        0        0        0
        0        0        0        0        0        0        0        0        0        0
        0        0        0        0        0        0        0        0        0        0
        0        0        0        0        0        0        0        0        0        0
        0        0        0        0        0        0        0        0        0        0
        0        0        0        0        0        0        0        0        0        0
        0        0        0        0        0        0        0        0        0        0
        0        0        0        0        0        0        0        0        0        0
        0        0        0        0        0        0        0        0        0        0
        0        0        0        0        0        0        0        0        0        0
        0        0        0        0        0        0        0        0        0        0
        0        0        0        0        0        0        0        0        0        0
        0        0        0        0        0        0        0        0        0        0
        0        0        0        0        0        0        0        0        0        0
        0        0        0        0        0        0        0        0        0        0
        0        0        0        0        0        0        0        0        0        0
        0        0        0        0        0        0        0        0        0        0
        0        0        0        0        0        0        0        0        0        0
        0        0        0        0        0        0        0        0        0        0
        0        0        0        0        0        0        0        0        0        0
      inf   2.0000   1.5000   1.3333   1.2500   1.2000   1.1667   1.1429   1.1250   1.1111
      inf   2.0000   1.5000   1.3333   1.2500   1.2000   1.1667   1.1429   1.1249   1.1110
      inf   2.0000   1.5000   1.3333   1.2500   1.2000   1.1667   1.1429   1.1250   1.1111
      inf   2.0000   1.5000   1.3333   1.2500   1.2000   1.1667   1.1429   1.1250   1.1111
      inf   2.0000   1.5000   1.3333   1.2500   1.2000   1.1667   1.1429   1.1249   1.1110
      inf   2.0000   1.5000   1.3333   1.2500   1.2000   1.1667   1.1429   1.1250   1.1111
      inf   2.0000   1.5000   1.3333   1.2500   1.2000   1.1667   1.1429   1.1250   1.1111
      inf   2.0000   1.5000   1.3333   1.2500   1.2000   1.1667   1.1429   1.1250   1.1111
      inf   2.0000   1.5000   1.3333   1.2500   1.2000   1.1667   1.1429   1.1250   1.1111
      inf   2.0000   1.5000   1.3333   1.2500   1.2000   1.1667   1.1429   1.1250   1.1111
      inf   2.0000   1.5000   1.3333   1.2500   1.2000   1.1667   1.1429   1.1250   1.1111
      inf   2.0000   1.5000   1.3333   1.2500   1.2000   1.1667   1.1429   1.1249   1.1110
      inf   2.0000   1.5000   1.3333   1.2500   1.2000   1.1667   1.1429   1.1250   1.1111
      inf   2.0000   1.5000   1.3333   1.2500   1.2000   1.1667   1.1429   1.1250   1.1111
      inf   2.0000   1.5000   1.3333   1.2500   1.2000   1.1667   1.1429   1.1250   1.1111
      inf   2.0000   1.5000   1.3333   1.2500   1.2000   1.1667   1.1429   1.1250   1.1111
      inf   1.9989   1.4992   1.3326   1.2493   1.1993   1.1660   1.1422   1.1244   1.1105
      inf   2.0000   1.5000   1.3333   1.2500   1.2000   1.1667   1.1429   1.1250   1.1111
      inf   2.0000   1.5000   1.3333   1.2500   1.2000   1.1667   1.1429   1.1250   1.1110
      inf   2.0000   1.5000   1.3333   1.2500   1.2000   1.1667   1.1429   1.1249   1.1110
      inf   2.0000   1.5000   1.3333   1.2500   1.2000   1.1667   1.1429   1.1250   1.1111
      inf   2.0000   1.5000   1.3333   1.2500   1.2000   1.1667   1.1429   1.1250   1.1111
      inf   2.0000   1.5000   1.3333   1.2500   1.2000   1.1667   1.1429   1.1250   1.1111
      inf   2.0000   1.5000   1.3333   1.2500   1.2000   1.1667   1.1429   1.1250   1.1111
      inf   2.0000   1.5000   1.3333   1.2500   1.2000   1.1667   1.1429   1.1250   1.1111
      inf   2.0000   1.5000   1.3333   1.2500   1.2000   1.1666   1.1427   1.1247   1.1107
      inf   2.0000   1.5000   1.3331   1.2497   1.1997   1.1663   1.1425   1.1246   1.1107
      inf   2.0000   1.5000   1.3333   1.2500   1.2000   1.1667   1.1429   1.1250   1.1111
      inf   2.0000   1.5000   1.3333   1.2500   1.2000   1.1667   1.1429   1.1250   1.1111
        0        0        0        0        0        0        0        0        0        0
        0        0        0        0        0        0        0        0        0        0
        0        0        0        0        0        0        0        0        0        0
        0        0        0        0        0        0        0        0        0        0
        0        0        0        0        0        0        0        0        0        0
        0        0        0        0        0        0        0        0        0        0
        0        0        0        0        0        0        0        0        0        0
        0        0        0        0        0        0        0        0        0        0
        0        0        0        0        0        0        0        0        0        0
        0        0        0        0        0        0        0        0        0        0
        0        0        0        0        0        0        0        0        0        0
        0        0        0        0        0        0        0        0        0        0
        0        0        0        0        0        0        0        0        0        0
        0        0        0        0        0        0        0        0        0        0
        0        0        0        0        0        0        0        0        0        0
        0        0        0        0        0        0        0        0        0        0
        0        0        0        0        0        0        0        0        0        0
        0        0        0        0        0        0        0        0        0        0
        0        0        0        0        0        0        0        0        0        0
        0        0        0        0        0        0        0        0        0        0
        0        0        0        0        0        0        0        0        0        0
        0        0        0        0        0        0        0        0        0        0
        0        0        0        0        0        0        0        0        0        0
        0        0        0        0        0        0        0        0        0        0
        0        0        0        0        0        0        0        0        0        0
        0        0        0        0        0        0        0        0        0        0
        0        0        0        0        0        0        0        0        0        0
        0        0        0        0        0        0        0        0        0        0
        0        0        0        0        0        0        0        0        0        0
        0        0        0        0        0        0        0        0        0        0
        0        0        0        0        0        0        0        0        0        0
        0        0        0        0        0        0        0        0        0        0
        0        0        0        0        0        0        0        0        0        0
        0        0        0        0        0        0        0        0        0        0
        0        0        0        0        0        0        0        0        0        0
        0        0        0        0        0        0        0        0        0        0
        0        0        0        0        0        0        0        0        0        0
        0        0        0        0        0        0        0        0        0        0
        0        0        0        0        0        0        0        0        0        0
        0        0        0        0        0        0        0        0        0        0
        0        0        0        0        0        0        0        0        0        0
        0        0        0        0        0        0        0        0        0        0
        0        0        0        0        0        0        0        0        0        0
        0        0        0        0        0        0        0        0        0        0
        0        0        0        0        0        0        0        0        0        0
        0        0        0        0        0        0        0        0        0        0
        0        0        0        0        0        0        0        0        0        0
        0        0        0        0        0        0        0        0        0        0
        0        0        0        0        0        0        0        0        0        0
        0        0        0        0        0        0        0        0        0        0
        0        0        0        0        0        0        0        0        0        0
        0        0        0        0        0        0        0        0        0        0
        0        0        0        0        0        0        0        0        0        0
        0        0        0        0        0        0        0        0        0        0
        0        0        0        0        0        0        0        0        0        0
        0        0        0        0        0        0        0        0        0        0
        0        0        0        0        0        0        0        0        0        0
        0        0        0        0        0        0        0        0        0        0
        0        0        0        0        0        0        0        0        0        0
        0        0        0        0        0        0        0        0        0        0
        0        0        0        0        0        0        0        0        0        0

            0            0            0            0            0            0            0            0            0            0
            0            0            0            0            0            0            0            0            0            0
            0            0            0            0            0            0            0            0            0            0
            0            0            0            0            0            0            0            0            0            0
            0            0            0            0            0            0            0            0            0            0
            0            0            0            0            0            0            0            0            0            0
            0            0            0            0            0            0            0            0            0            0
            0            0            0            0            0            0            0            0            0            0
            0            0            0            0            0            0            0            0            0            0
            0            0            0            0            0            0            0            0            0            0
            0            0            0            0            0            0            0            0            0            0
            0            0            0            0            0            0            0            0            0            0
            0            0            0            0            0            0            0            0            0            0
            0            0            0            0            0            0            0            0            0            0
            0            0            0            0            0            0            0            0            0            0
            0            0            0            0            0            0            0            0            0            0
            0            0            0            0            0            0            0            0            0            0
            0            0            0            0            0            0            0            0            0            0
            0            0            0            0            0            0            0            0            0            0
            0            0            0            0            0            0            0            0            0            0
            0            0            0            0            0            0            0            0            0            0
            0            0            0            0            0            0            0            0            0            0
            0            0            0            0            0            0            0            0            0            0
            0            0            0            0            0            0            0            0            0            0
            0            0            0            0            0            0            0            0            0            0
            0            0            0            0            0            0            0            0            0            0
            0            0            0            0            0            0            0            0            0            0
            0            0            0            0            0            0            0            0            0            0
            0            0            0            0            0            0            0            0            0            0
            0            0            0            0            0            0            0            0            0            0
          nan  -6.2304e+03  -2.3364e+03  -1.3845e+03  -9.7350e+02  -7.4765e+02  -6.0573e+02  -5.0860e+02  -4.3807e+02  -3.8459e+02
          nan  -6.2015e+03  -2.3256e+03  -1.3781e+03  -9.6899e+02  -7.4418e+02  -6.0293e+02  -5.0625e+02  -4.3594e+02  -3.8264e+02
          nan  -6.1728e+03  -2.3148e+03  -1.3717e+03  -9.6451e+02  -7.4074e+02  -6.0014e+02  -5.0391e+02  -4.3403e+02  -3.8104e+02
          nan  -6.1444e+03  -2.3041e+03  -1.3654e+03  -9.6006e+02  -7.3732e+02  -5.9737e+02  -5.0158e+02  -4.3203e+02  -3.7928e+02
          nan  -6.1161e+03  -2.2935e+03  -1.3591e+03  -9.5564e+02  -7.3393e+02  -5.9462e+02  -4.9927e+02  -4.2993e+02  -3.7737e+02
          nan  -6.0880e+03  -2.2830e+03  -1.3529e+03  -9.5125e+02  -7.3056e+02  -5.9189e+02  -4.9698e+02  -4.2806e+02  -3.7580e+02
          nan  -6.0601e+03  -2.2725e+03  -1.3467e+03  -9.4689e+02  -7.2721e+02  -5.8918e+02  -4.9470e+02  -4.2610e+02  -3.7408e+02
          nan  -6.0324e+03  -2.2621e+03  -1.3405e+03  -9.4256e+02  -7.2389e+02  -5.8648e+02  -4.9244e+02  -4.2415e+02  -3.7237e+02
          nan  -6.0049e+03  -2.2518e+03  -1.3344e+03  -9.3826e+02  -7.2059e+02  -5.8381e+02  -4.9019e+02  -4.2222e+02  -3.7067e+02
          nan  -5.9776e+03  -2.2416e+03  -1.3283e+03  -9.3399e+02  -7.1731e+02  -5.8115e+02  -4.8796e+02  -4.2030e+02  -3.6898e+02
          nan  -5.9504e+03  -2.2314e+03  -1.3223e+03  -9.2975e+02  -7.1405e+02  -5.7851e+02  -4.8575e+02  -4.1839e+02  -3.6731e+02
          nan  -5.9235e+03  -2.2213e+03  -1.3163e+03  -9.2554e+02  -7.1081e+02  -5.7589e+02  -4.8355e+02  -4.1639e+02  -3.6548e+02
          nan  -5.8967e+03  -2.2113e+03  -1.3104e+03  -9.2136e+02  -7.0760e+02  -5.7329e+02  -4.8136e+02  -4.1461e+02  -3.6399e+02
          nan  -5.8701e+03  -2.2013e+03  -1.3045e+03  -9.1720e+02  -7.0441e+02  -5.7070e+02  -4.7919e+02  -4.1274e+02  -3.6235e+02
          nan  -5.8437e+03  -2.1914e+03  -1.2986e+03  -9.1308e+02  -7.0124e+02  -5.6814e+02  -4.7704e+02  -4.1088e+02  -3.6072e+02
          nan  -5.8174e+03  -2.1815e+03  -1.2928e+03  -9.0898e+02  -6.9809e+02  -5.6559e+02  -4.7489e+02  -4.0904e+02  -3.5910e+02
          nan  -5.7785e+03  -2.1669e+03  -1.2841e+03  -9.0289e+02  -6.9342e+02  -5.6180e+02  -4.7172e+02  -4.0630e+02  -3.5670e+02
          nan  -5.7655e+03  -2.1621e+03  -1.2812e+03  -9.0086e+02  -6.9186e+02  -5.6054e+02  -4.7065e+02  -4.0539e+02  -3.5590e+02
          nan  -5.7398e+03  -2.1524e+03  -1.2755e+03  -8.9684e+02  -6.8878e+02  -5.5804e+02  -4.6855e+02  -4.0358e+02  -3.5423e+02
          nan  -5.7143e+03  -2.1428e+03  -1.2698e+03  -8.9285e+02  -6.8571e+02  -5.5555e+02  -4.6647e+02  -4.0168e+02  -3.5257e+02
          nan  -5.6889e+03  -2.1333e+03  -1.2642e+03  -8.8889e+02  -6.8267e+02  -5.5309e+02  -4.6440e+02  -4.0000e+02  -3.5117e+02
          nan  -5.6637e+03  -2.1239e+03  -1.2586e+03  -8.8495e+02  -6.7964e+02  -5.5064e+02  -4.6234e+02  -3.9823e+02  -3.4961e+02
          nan  -5.6387e+03  -2.1145e+03  -1.2530e+03  -8.8104e+02  -6.7664e+02  -5.4820e+02  -4.6030e+02  -3.9647e+02  -3.4807e+02
          nan  -5.6138e+03  -2.1052e+03  -1.2475e+03  -8.7715e+02  -6.7365e+02  -5.4579e+02  -4.5827e+02  -3.9472e+02  -3.4653e+02
          nan  -5.5891e+03  -2.0959e+03  -1.2420e+03  -8.7329e+02  -6.7069e+02  -5.4338e+02  -4.5625e+02  -3.9298e+02  -3.4501e+02
          nan  -5.5645e+03  -2.0867e+03  -1.2366e+03  -8.6946e+02  -6.6775e+02  -5.4083e+02  -4.5400e+02  -3.9087e+02  -3.4303e+02
          nan  -5.5402e+03  -2.0776e+03  -1.2305e+03  -8.6488e+02  -6.6408e+02  -5.3794e+02  -4.5163e+02  -3.8897e+02  -3.4145e+02
          nan  -5.5159e+03  -2.0685e+03  -1.2258e+03  -8.6187e+02  -6.6191e+02  -5.3627e+02  -4.5028e+02  -3.8784e+02  -3.4049e+02
          nan  -5.4919e+03  -2.0595e+03  -1.2204e+03  -8.5811e+02  -6.5903e+02  -5.3393e+02  -4.4832e+02  -3.8615e+02  -3.3901e+02
            0            0            0            0            0            0            0            0            0            0
            0            0            0            0            0            0            0            0            0            0
            0            0            0            0            0            0            0            0            0            0
            0            0            0            0            0            0            0            0            0            0
            0            0            0            0            0            0            0            0            0            0
            0            0            0            0            0            0            0            0            0            0
            0            0            0            0            0            0            0            0            0            0
            0            0            0            0            0            0            0            0            0            0
            0            0            0            0            0            0            0            0            0            0
            0            0            0            0            0            0            0            0            0            0
            0            0            0            0            0            0            0            0            0            0
            0            0            0            0            0            0            0            0            0            0
            0            0            0            0            0            0            0            0            0            0
            0            0            0            0            0            0            0            0            0            0
            0            0            0            0            0            0            0            0            0            0
            0            0            0            0            0            0            0            0            0            0
            0            0            0            0            0            0            0            0            0            0
            0            0            0            0            0            0            0            0            0            0
            0            0            0            0            0            0            0            0            0            0
            0            0            0            0            0            0            0            0            0            0
            0            0            0            0            0            0            0            0            0            0
            0            0            0            0            0            0            0            0            0            0
            0            0            0            0            0            0            0            0            0            0
            0            0            0            0            0            0            0            0            0            0
            0            0            0            0            0            0            0            0            0            0
            0            0            0            0            0            0            0            0            0            0
            0            0            0            0            0            0            0            0            0            0
            0            0            0            0            0            0            0            0            0            0
            0            0            0            0            0            0            0            0            0            0
            0            0            0            0            0            0            0            0            0            0
            0            0            0            0            0            0            0            0            0            0
            0            0            0            0            0            0            0            0            0            0
            0            0            0            0            0            0            0            0            0            0
            0            0            0            0            0            0            0            0            0            0
            0            0            0            0            0            0            0            0            0            0
            0            0            0            0            0            0            0            0            0            0
            0            0            0            0            0            0            0            0            0            0
            0            0            0            0            0            0            0            0            0            0
            0            0            0            0            0            0            0            0            0            0
            0            0            0            0            0            0            0            0            0            0
            0            0            0            0            0            0            0            0            0            0
            0            0            0            0            0            0            0            0            0            0
            0            0            0            0            0            0            0            0            0            0
            0            0            0            0            0            0            0            0            0            0
            0            0            0            0            0            0            0            0            0            0
            0            0            0            0            0            0            0            0            0            0
            0            0            0            0            0            0            0            0            0            0
            0            0            0            0            0            0            0            0            0            0
            0            0            0            0            0            0            0            0            0            0
            0            0            0            0            0            0            0            0            0            0
            0            0            0            0            0            0            0            0            0            0
            0            0            0            0            0            0            0            0            0            0
            0            0            0            0            0            0            0            0            0            0
            0            0            0            0            0            0            0            0            0            0
            0            0            0            0            0            0            0            0            0            0
            0            0            0            0            0            0            0            0            0            0
            0            0            0            0            0            0            0            0            0            0
            0            0            0            0            0            0            0            0            0            0
            0            0            0            0            0            0            0            0            0            0
            0            0            0            0            0            0            0            0            0            0
            0            0            0            0            0            0            0            0            0            0

            0            0            0            0            0            0            0            0            0            0
            0            0            0            0            0            0            0            0            0            0
            0            0            0            0            0            0            0            0            0            0
            0            0            0            0            0            0            0            0            0            0
            0            0            0            0            0            0            0            0            0            0
            0            0            0            0            0            0            0            0            0            0
            0            0            0            0            0            0            0            0            0            0
            0            0            0            0            0            0            0            0            0            0
            0            0            0            0            0            0            0            0            0            0
            0            0            0            0            0            0            0            0            0            0
            0            0            0            0            0            0            0            0            0            0
            0            0            0            0            0            0            0            0            0            0
            0            0            0            0            0            0            0            0            0            0
            0            0            0            0            0            0            0            0            0            0
            0            0            0            0            0            0            0            0            0            0
            0            0            0            0            0            0            0            0            0            0
            0            0            0            0            0            0            0            0            0            0
            0            0            0            0            0            0            0            0            0            0
            0            0            0            0            0            0            0            0            0            0
            0            0            0            0            0            0            0            0            0            0
            0            0            0            0            0            0            0            0            0            0
            0            0            0            0            0            0            0            0            0            0
            0            0            0            0            0            0            0            0            0            0
            0            0            0            0            0            0            0            0            0            0
            0            0            0            0            0            0            0            0            0            0
            0            0            0            0            0            0            0            0            0            0
            0            0            0            0            0            0            0            0            0            0
            0            0            0            0            0            0            0            0            0            0
            0            0            0            0            0            0            0            0            0            0
            0            0            0            0            0            0            0            0            0            0
          nan  -3.3488e+03  -1.2558e+03  -7.4419e+02  -5.2326e+02  -4.0186e+02  -3.2558e+02  -2.7337e+02  -2.3547e+02  -2.0672e+02
          nan  -3.3411e+03  -1.2529e+03  -7.4246e+02  -5.2204e+02  -4.0093e+02  -3.2483e+02  -2.7274e+02  -2.3489e+02  -2.0619e+02
          nan  -3.3333e+03  -1.2500e+03  -7.4074e+02  -5.2083e+02  -4.0000e+02  -3.2407e+02  -2.7211e+02  -2.3438e+02  -2.0576e+02
          nan  -3.3256e+03  -1.2471e+03  -7.3903e+02  -5.1963e+02  -3.9908e+02  -3.2333e+02  -2.7148e+02  -2.3383e+02  -2.0529e+02
          nan  -3.3180e+03  -1.2442e+03  -7.3733e+02  -5.1843e+02  -3.9816e+02  -3.2258e+02  -2.7085e+02  -2.3327e+02  -2.0477e+02
          nan  -3.3103e+03  -1.2414e+03  -7.3563e+02  -5.1724e+02  -3.9724e+02  -3.2184e+02  -2.7023e+02  -2.3276e+02  -2.0434e+02
          nan  -3.3028e+03  -1.2385e+03  -7.3394e+02  -5.1606e+02  -3.9633e+02  -3.2110e+02  -2.6961e+02  -2.3222e+02  -2.0387e+02
          nan  -3.2952e+03  -1.2357e+03  -7.3227e+02  -5.1487e+02  -3.9542e+02  -3.2037e+02  -2.6900e+02  -2.3169e+02  -2.0341e+02
          nan  -3.2877e+03  -1.2329e+03  -7.3059e+02  -5.1370e+02  -3.9452e+02  -3.1963e+02  -2.6838e+02  -2.3116e+02  -2.0294e+02
          nan  -3.2802e+03  -1.2301e+03  -7.2893e+02  -5.1253e+02  -3.9362e+02  -3.1891e+02  -2.6777e+02  -2.3064e+02  -2.0248e+02
          nan  -3.2727e+03  -1.2273e+03  -7.2727e+02  -5.1136e+02  -3.9273e+02  -3.1818e+02  -2.6716e+02  -2.3011e+02  -2.0202e+02
          nan  -3.2653e+03  -1.2245e+03  -7.2562e+02  -5.1020e+02  -3.9184e+02  -3.1746e+02  -2.6656e+02  -2.2956e+02  -2.0152e+02
          nan  -3.2579e+03  -1.2217e+03  -7.2398e+02  -5.0905e+02  -3.9095e+02  -3.1674e+02  -2.6595e+02  -2.2907e+02  -2.0111e+02
          nan  -3.2506e+03  -1.2190e+03  -7.2235e+02  -5.0790e+02  -3.9007e+02  -3.1603e+02  -2.6535e+02  -2.2856e+02  -2.0065e+02
          nan  -3.2432e+03  -1.2162e+03  -7.2072e+02  -5.0676e+02  -3.8919e+02  -3.1532e+02  -2.6475e+02  -2.2804e+02  -2.0020e+02
          nan  -3.2360e+03  -1.2135e+03  -7.1910e+02  -5.0562e+02  -3.8831e+02  -3.1461e+02  -2.6416e+02  -2.2753e+02  -1.9975e+02
          nan  -3.2251e+03  -1.2094e+03  -7.1669e+02  -5.0392e+02  -3.8701e+02  -3.1355e+02  -2.6327e+02  -2.2677e+02  -1.9908e+02
          nan  -3.2215e+03  -1.2081e+03  -7.1588e+02  -5.0336e+02  -3.8658e+02  -3.1320e+02  -2.6298e+02  -2.2651e+02  -1.9886e+02
          nan  -3.2143e+03  -1.2054e+03  -7.1429e+02  -5.0223e+02  -3.8571e+02  -3.1250e+02  -2.6239e+02  -2.2600e+02  -1.9839e+02
          nan  -3.2071e+03  -1.2027e+03  -7.1269e+02  -5.0111e+02  -3.8486e+02  -3.1180e+02  -2.6181e+02  -2.2547e+02  -1.9793e+02
          nan  -3.2000e+03  -1.2000e+03  -7.1111e+02  -5.0000e+02  -3.8400e+02  -3.1111e+02  -2.6122e+02  -2.2500e+02  -1.9753e+02
          nan  -3.1929e+03  -1.1973e+03  -7.0953e+02  -4.9889e+02  -3.8315e+02  -3.1042e+02  -2.6065e+02  -2.2450e+02  -1.9709e+02
          nan  -3.1858e+03  -1.1947e+03  -7.0796e+02  -4.9779e+02  -3.8230e+02  -3.0973e+02  -2.6007e+02  -2.2400e+02  -1.9666e+02
          nan  -3.1788e+03  -1.1921e+03  -7.0640e+02  -4.9669e+02  -3.8146e+02  -3.0905e+02  -2.5949e+02  -2.2351e+02  -1.9622e+02
          nan  -3.1718e+03  -1.1894e+03  -7.0485e+02  -4.9559e+02  -3.8062e+02  -3.0837e+02  -2.5892e+02  -2.2302e+02  -1.9579e+02
          nan  -3.1648e+03  -1.1868e+03  -7.0330e+02  -4.9451e+02  -3.7978e+02  -3.0764e+02  -2.5828e+02  -2.2242e+02  -1.9523e+02
          nan  -3.1579e+03  -1.1842e+03  -7.0156e+02  -4.9320e+02  -3.7874e+02  -3.0682e+02  -2.5761e+02  -2.2187e+02  -1.9478e+02
          nan  -3.1510e+03  -1.1816e+03  -7.0022e+02  -4.9234e+02  -3.7812e+02  -3.0635e+02  -2.5722e+02  -2.2155e+02  -1.9451e+02
          nan  -3.1441e+03  -1.1790e+03  -6.9869e+02  -4.9127e+02  -3.7729e+02  -3.0568e+02  -2.5666e+02  -2.2107e+02  -1.9408e+02
            0            0            0            0            0            0            0            0            0            0
            0            0            0            0            0            0            0            0            0            0
            0            0            0            0            0            0            0            0            0            0
            0            0            0            0            0            0            0            0            0            0
            0            0            0            0            0            0            0            0            0            0
            0            0            0            0            0            0            0            0            0            0
            0            0            0            0            0            0            0            0            0            0
            0            0            0            0            0            0            0            0            0            0
            0            0            0            0            0            0            0            0            0            0
            0            0            0            0            0            0            0            0            0            0
            0            0            0            0            0            0            0            0            0            0
            0            0            0            0            0            0            0            0            0            0
            0            0            0            0            0            0            0            0            0            0
            0            0            0            0            0            0            0            0            0            0
            0            0            0            0            0            0            0            0            0            0
            0            0            0            0            0            0            0            0            0            0
            0            0            0            0            0            0            0            0            0            0
            0            0            0            0            0            0            0            0            0            0
            0            0            0            0            0            0            0            0            0            0
            0            0            0            0            0            0            0            0            0            0
            0            0            0            0            0            0            0            0            0            0
            0            0            0            0            0            0            0            0            0            0
            0            0            0            0            0            0            0            0            0            0
            0            0            0            0            0            0            0            0            0            0
            0            0            0            0            0            0            0            0            0            0
            0            0            0            0            0            0            0            0            0            0
            0            0            0            0            0            0            0            0            0            0
            0            0            0            0            0            0            0            0            0            0
            0            0            0            0            0            0            0            0            0            0
            0            0            0            0            0            0            0            0            0            0
            0            0            0            0            0            0            0            0            0            0
            0            0            0            0            0            0            0            0            0            0
            0            0            0            0            0            0            0            0            0            0
            0            0            0            0            0            0            0            0            0            0
            0            0            0            0            0            0            0            0            0            0
            0            0            0            0            0            0            0            0            0            0
            0            0            0            0            0            0            0            0            0            0
            0            0            0            0            0            0            0            0            0            0
            0            0            0            0            0            0            0            0            0            0
            0            0            0            0            0            0            0            0            0            0
            0            0            0            0            0            0            0            0            0            0
            0            0            0            0            0            0            0            0            0            0
            0            0            0            0            0            0            0            0            0            0
            0            0            0            0            0            0            0            0            0            0
            0            0            0            0            0            0            0            0            0            0
            0            0            0            0            0            0            0            0            0            0
            0            0            0            0            0            0            0            0            0            0
            0            0            0            0            0            0            0            0            0            0
            0            0            0            0            0            0            0            0            0            0
            0            0            0            0            0            0            0            0            0            0
            0            0            0            0            0            0            0            0            0            0
            0            0            0            0            0            0            0            0            0            0
            0            0            0            0            0            0            0            0            0            0
            0            0            0            0            0            0            0            0            0            0
            0            0            0            0            0            0            0            0            0            0
            0            0            0            0            0            0            0            0            0            0
            0            0            0            0            0            0            0            0            0            0
            0            0            0            0            0            0            0            0            0            0
            0            0            0            0            0            0            0            0            0            0
            0            0            0            0            0            0            0            0            0            0
            0            0            0            0            0            0            0            0            0            0

            0            0            0            0            0            0            0            0            0            0
            0            0            0            0            0            0            0            0            0            0
            0            0            0            0            0            0            0            0            0            0
            0            0            0            0            0            0            0            0            0            0
            0            0            0            0            0            0            0            0            0            0
            0            0            0            0            0            0            0            0            0            0
            0            0            0            0            0            0            0            0            0            0
            0            0            0            0            0            0            0            0            0            0
            0            0            0            0            0            0            0            0            0            0
            0            0            0            0            0            0            0            0            0            0
            0            0            0            0            0            0            0            0            0            0
            0            0            0            0            0            0            0            0            0            0
            0            0            0            0            0            0            0            0            0            0
            0            0            0            0            0            0            0            0            0            0
            0            0            0            0            0            0            0            0            0            0
            0            0            0            0            0            0            0            0            0            0
            0            0            0            0            0            0            0            0            0            0
            0            0            0            0            0            0            0            0            0            0
            0            0            0            0            0            0            0            0            0            0
            0            0            0            0            0            0            0            0            0            0
            0            0            0            0            0            0            0            0            0            0
            0            0            0            0            0            0            0            0            0            0
            0            0            0            0            0            0            0            0            0            0
            0            0            0            0            0            0            0            0            0            0
            0            0            0            0            0            0            0            0            0            0
            0            0            0            0            0            0            0            0            0            0
            0            0            0            0            0            0            0            0            0            0
            0            0            0            0            0            0            0            0            0            0
            0            0            0            0            0            0            0            0            0            0
            0            0            0            0            0            0            0            0            0            0
          nan  -3.3488e+03  -1.2558e+03  -7.4419e+02  -5.2326e+02  -4.0186e+02  -3.2558e+02  -2.7337e+02  -2.3547e+02  -2.0672e+02
          nan  -3.3411e+03  -1.2529e+03  -7.4246e+02  -5.2204e+02  -4.0093e+02  -3.2483e+02  -2.7274e+02  -2.3489e+02  -2.0619e+02
          nan  -3.3333e+03  -1.2500e+03  -7.4074e+02  -5.2083e+02  -4.0000e+02  -3.2407e+02  -2.7211e+02  -2.3438e+02  -2.0576e+02
          nan  -3.3256e+03  -1.2471e+03  -7.3903e+02  -5.1963e+02  -3.9908e+02  -3.2333e+02  -2.7148e+02  -2.3383e+02  -2.0529e+02
          nan  -3.3180e+03  -1.2442e+03  -7.3733e+02  -5.1843e+02  -3.9816e+02  -3.2258e+02  -2.7085e+02  -2.3327e+02  -2.0477e+02
          nan  -3.3103e+03  -1.2414e+03  -7.3563e+02  -5.1724e+02  -3.9724e+02  -3.2184e+02  -2.7023e+02  -2.3276e+02  -2.0434e+02
          nan  -3.3028e+03  -1.2385e+03  -7.3394e+02  -5.1606e+02  -3.9633e+02  -3.2110e+02  -2.6961e+02  -2.3222e+02  -2.0387e+02
          nan  -3.2952e+03  -1.2357e+03  -7.3227e+02  -5.1487e+02  -3.9542e+02  -3.2037e+02  -2.6900e+02  -2.3169e+02  -2.0341e+02
          nan  -3.2877e+03  -1.2329e+03  -7.3059e+02  -5.1370e+02  -3.9452e+02  -3.1963e+02  -2.6838e+02  -2.3116e+02  -2.0294e+02
          nan  -3.2802e+03  -1.2301e+03  -7.2893e+02  -5.1253e+02  -3.9362e+02  -3.1891e+02  -2.6777e+02  -2.3064e+02  -2.0248e+02
          nan  -3.2727e+03  -1.2273e+03  -7.2727e+02  -5.1136e+02  -3.9273e+02  -3.1818e+02  -2.6716e+02  -2.3011e+02  -2.0202e+02
          nan  -3.2653e+03  -1.2245e+03  -7.2562e+02  -5.1020e+02  -3.9184e+02  -3.1746e+02  -2.6656e+02  -2.2956e+02  -2.0152e+02
          nan  -3.2579e+03  -1.2217e+03  -7.2398e+02  -5.0905e+02  -3.9095e+02  -3.1674e+02  -2.6595e+02  -2.2907e+02  -2.0111e+02
          nan  -3.2506e+03  -1.2190e+03  -7.2235e+02  -5.0790e+02  -3.9007e+02  -3.1603e+02  -2.6535e+02  -2.2856e+02  -2.0065e+02
          nan  -3.2432e+03  -1.2162e+03  -7.2072e+02  -5.0676e+02  -3.8919e+02  -3.1532e+02  -2.6475e+02  -2.2804e+02  -2.0020e+02
          nan  -3.2360e+03  -1.2135e+03  -7.1910e+02  -5.0562e+02  -3.8831e+02  -3.1461e+02  -2.6416e+02  -2.2753e+02  -1.9975e+02
          nan  -3.2251e+03  -1.2094e+03  -7.1669e+02  -5.0392e+02  -3.8701e+02  -3.1355e+02  -2.6327e+02  -2.2677e+02  -1.9908e+02
          nan  -3.2215e+03  -1.2081e+03  -7.1588e+02  -5.0336e+02  -3.8658e+02  -3.1320e+02  -2.6298e+02  -2.2651e+02  -1.9886e+02
          nan  -3.2143e+03  -1.2054e+03  -7.1429e+02  -5.0223e+02  -3.8571e+02  -3.1250e+02  -2.6239e+02  -2.2600e+02  -1.9839e+02
          nan  -3.2071e+03  -1.2027e+03  -7.1269e+02  -5.0111e+02  -3.8486e+02  -3.1180e+02  -2.6181e+02  -2.2547e+02  -1.9793e+02
          nan  -3.2000e+03  -1.2000e+03  -7.1111e+02  -5.0000e+02  -3.8400e+02  -3.1111e+02  -2.6122e+02  -2.2500e+02  -1.9753e+02
          nan  -3.1929e+03  -1.1973e+03  -7.0953e+02  -4.9889e+02  -3.8315e+02  -3.1042e+02  -2.6065e+02  -2.2450e+02  -1.9709e+02
          nan  -3.1858e+03  -1.1947e+03  -7.0796e+02  -4.9779e+02  -3.8230e+02  -3.0973e+02  -2.6007e+02  -2.2400e+02  -1.9666e+02
          nan  -3.1788e+03  -1.1921e+03  -7.0640e+02  -4.9669e+02  -3.8146e+02  -3.0905e+02  -2.5949e+02  -2.2351e+02  -1.9622e+02
          nan  -3.1718e+03  -1.1894e+03  -7.0485e+02  -4.9559e+02  -3.8062e+02  -3.0837e+02  -2.5892e+02  -2.2302e+02  -1.9579e+02
          nan  -3.1648e+03  -1.1868e+03  -7.0330e+02  -4.9451e+02  -3.7978e+02  -3.0764e+02  -2.5828e+02  -2.2242e+02  -1.9523e+02
          nan  -3.1579e+03  -1.1842e+03  -7.0156e+02  -4.9320e+02  -3.7874e+02  -3.0682e+02  -2.5761e+02  -2.2187e+02  -1.9478e+02
          nan  -3.1510e+03  -1.1816e+03  -7.0022e+02  -4.9234e+02  -3.7812e+02  -3.0635e+02  -2.5722e+02  -2.2155e+02  -1.9451e+02
          nan  -3.1441e+03  -1.1790e+03  -6.9869e+02  -4.9127e+02  -3.7729e+02  -3.0568e+02  -2.5666e+02  -2.2107e+02  -1.9408e+02
            0            0            0            0            0            0            0            0            0            0
            0            0            0            0            0            0            0            0            0            0
            0            0            0            0            0            0            0            0            0            0
            0            0            0            0            0            0            0            0            0            0
            0            0            0            0            0            0            0            0            0            0
            0            0            0            0            0            0            0            0            0            0
            0            0            0            0            0            0            0            0            0            0
            0            0            0            0            0            0            0            0            0            0
            0            0            0            0            0            0            0            0            0            0
            0            0            0            0            0            0            0            0            0            0
            0            0            0            0            0            0            0            0            0            0
            0            0            0            0            0            0            0            0            0            0
            0            0            0            0            0            0            0            0            0            0
            0            0            0            0            0            0            0            0            0            0
            0            0            0            0            0            0            0            0            0            0
            0            0            0            0            0            0            0            0            0            0
            0            0            0            0            0            0            0            0            0            0
            0            0            0            0            0            0            0            0            0            0
            0            0            0            0            0            0            0            0            0            0
            0            0            0            0            0            0            0            0            0            0
            0            0            0            0            0            0            0            0            0            0
            0            0            0            0            0            0            0            0            0            0
            0            0            0            0            0            0            0            0            0            0
            0            0            0            0            0            0            0            0            0            0
            0            0            0            0            0            0            0            0            0            0
            0            0            0            0            0            0            0            0            0            0
            0            0            0            0            0            0            0            0            0            0
            0            0            0            0            0            0            0            0            0            0
            0            0            0            0            0            0            0            0            0            0
            0            0            0            0            0            0            0            0            0            0
            0            0            0            0            0            0            0            0            0            0
            0            0            0            0            0            0            0            0            0            0
            0            0            0            0            0            0            0            0            0            0
            0            0            0            0            0            0            0            0            0            0
            0            0            0            0            0            0            0            0            0            0
            0            0            0            0            0            0            0            0            0            0
            0            0            0            0            0            0            0            0            0            0
            0            0            0            0            0            0            0            0            0            0
            0            0            0            0            0            0            0            0            0            0
            0            0            0            0            0            0            0            0            0            0
            0            0            0            0            0            0            0            0            0            0
            0            0            0            0            0            0            0            0            0            0
            0            0            0            0            0            0            0            0            0            0
            0            0            0            0            0            0            0            0            0            0
            0            0            0            0            0            0            0            0            0            0
            0            0            0            0            0            0            0            0            0            0
            0            0            0            0            0            0            0            0            0            0
            0            0            0            0            0            0            0            0            0            0
            0            0            0            0            0            0            0            0            0            0
            0            0            0            0            0            0            0            0            0            0
            0            0            0            0            0            0            0            0            0            0
            0            0            0            0            0            0            0            0            0            0
            0            0            0            0            0            0            0            0            0            0
            0            0            0            0            0            0            0            0            0            0
            0            0            0            0            0            0            0            0            0            0
            0            0            0            0            0            0            0            0            0            0
            0            0            0            0            0            0            0            0            0            0
            0            0            0            0            0            0            0            0            0            0
            0            0            0            0            0            0            0            0            0            0
            0            0            0            0            0            0            0            0            0            0
            0            0            0            0            0            0            0            0            0            0

        0        0        0        0        0        0        0        0        0        0
        0        0        0        0        0        0        0        0        0        0
        0        0        0        0        0        0        0        0        0        0
        0        0        0        0        0        0        0        0        0        0
        0        0        0        0        0        0        0        0        0        0
        0        0        0        0        0        0        0        0        0        0
        0        0        0        0        0        0        0        0        0        0
        0        0        0        0        0        0        0        0        0        0
        0        0        0        0        0        0        0        0        0        0
        0        0        0        0        0        0        0        0        0        0
        0        0        0        0        0        0        0        0        0        0
        0        0        0        0        0        0        0        0        0        0
        0        0        0        0        0        0        0        0        0        0
        0        0        0        0        0        0        0        0        0        0
        0        0        0        0        0        0        0        0        0        0
        0        0        0        0        0        0        0        0        0        0
        0        0        0        0        0        0        0        0        0        0
        0        0        0        0        0        0        0        0        0        0
        0        0        0        0        0        0        0        0        0        0
        0        0        0        0        0        0        0        0        0        0
        0        0        0        0        0        0        0        0        0        0
        0        0        0        0        0        0        0        0        0        0
        0        0        0        0        0        0        0        0        0        0
        0        0        0        0        0        0        0        0        0        0
        0        0        0        0        0        0        0        0        0        0
        0        0        0        0        0        0        0        0        0        0
        0        0        0        0        0        0        0        0        0        0
        0        0        0        0        0        0        0        0        0        0
        0        0        0        0        0        0        0        0        0        0
        0        0        0        0        0        0        0        0        0        0
      nan        0        0        0        0        0        0        0        0        0
      nan        0        0        0        0        0        0        0   0.1250   0.1111
      nan        0        0        0        0        0        0        0        0        0
      nan        0        0        0        0        0        0        0        0        0
      nan        0        0        0        0        0        0        0   0.1250   0.1111
      nan        0        0        0        0        0        0        0        0        0
      nan        0        0        0        0        0        0        0        0        0
      nan        0        0        0        0        0        0        0        0        0
      nan        0        0        0        0        0        0        0        0        0
      nan        0        0        0        0        0        0        0        0        0
      nan        0        0        0        0        0        0        0        0        0
      nan        0        0        0        0        0        0        0   0.1250   0.1111
      nan        0        0        0        0        0        0        0        0        0
      nan        0        0        0        0        0        0        0        0        0
      nan        0        0        0        0        0        0        0        0        0
      nan        0        0        0        0        0        0        0        0        0
      inf   1.0000   0.5000   0.3333   0.2500   0.2000   0.1667   0.1429   0.1250   0.1111
      nan        0        0        0        0        0        0        0        0        0
      nan        0        0        0        0        0        0        0        0   0.1111
      nan        0        0        0        0        0        0        0   0.1250   0.1111
      nan        0        0        0        0        0        0        0        0        0
      nan        0        0        0        0        0        0        0        0        0
      nan        0        0        0        0        0        0        0        0        0
      nan        0        0        0        0        0        0        0        0        0
      nan        0        0        0        0        0        0        0        0        0
      nan        0        0        0        0        0   0.1667   0.1429   0.2500   0.2222
      nan        0        0   0.3333   0.2500   0.2000   0.1667   0.1429   0.1250   0.1111
      nan        0        0        0        0        0        0        0        0        0
      nan        0        0        0        0        0        0        0        0        0
        0        0        0        0        0        0        0        0        0        0
        0        0        0        0        0        0        0        0        0        0
        0        0        0        0        0        0        0        0        0        0
        0        0        0        0        0        0        0        0        0        0
        0        0        0        0        0        0        0        0        0        0
        0        0        0        0        0        0        0        0        0        0
        0        0        0        0        0        0        0        0        0        0
        0        0        0        0        0        0        0        0        0        0
        0        0        0        0        0        0        0        0        0        0
        0        0        0        0        0        0        0        0        0        0
        0        0        0        0        0        0        0        0        0        0
        0        0        0        0        0        0        0        0        0        0
        0        0        0        0        0        0        0        0        0        0
        0        0        0        0        0        0        0        0        0        0
        0        0        0        0        0        0        0        0        0        0
        0        0        0        0        0        0        0        0        0        0
        0        0        0        0        0        0        0        0        0        0
        0        0        0        0        0        0        0        0        0        0
        0        0        0        0        0        0        0        0        0        0
        0        0        0        0        0        0        0        0        0        0
        0        0        0        0        0        0        0        0        0        0
        0        0        0        0        0        0        0        0        0        0
        0        0        0        0        0        0        0        0        0        0
        0        0        0        0        0        0        0        0        0        0
        0        0        0        0        0        0        0        0        0        0
        0        0        0        0        0        0        0        0        0        0
        0        0        0        0        0        0        0        0        0        0
        0        0        0        0        0        0        0        0        0        0
        0        0        0        0        0        0        0        0        0        0
        0        0        0        0        0        0        0        0        0        0
        0        0        0        0        0        0        0        0        0        0
        0        0        0        0        0        0        0        0        0        0
        0        0        0        0        0        0        0        0        0        0
        0        0        0        0        0        0        0        0        0        0
        0        0        0        0        0        0        0        0        0        0
        0        0        0        0        0        0        0        0        0        0
        0        0        0        0        0        0        0        0        0        0
        0        0        0        0        0        0        0        0        0        0
        0        0        0        0        0        0        0        0        0        0
        0        0        0        0        0        0        0        0        0        0
        0        0        0        0        0        0        0        0        0        0
        0        0        0        0        0        0        0        0        0        0
        0        0        0        0        0        0        0        0        0        0
        0        0        0        0        0        0        0        0        0        0
        0        0        0        0        0        0        0        0        0        0
        0        0        0        0        0        0        0        0        0        0
        0        0        0        0        0        0        0        0        0        0
        0        0        0        0        0        0        0        0        0        0
        0        0        0        0        0        0        0        0        0        0
        0        0        0        0        0        0        0        0        0        0
        0        0        0        0        0        0        0        0        0        0
        0        0        0        0        0        0        0        0        0        0
        0        0        0        0        0        0        0        0        0        0
        0        0        0        0        0        0        0        0        0        0
        0        0        0        0        0        0        0        0        0        0
        0        0        0        0        0        0        0        0        0        0
        0        0        0        0        0        0        0        0        0        0
        0        0        0        0        0        0        0        0        0        0
        0        0        0        0        0        0        0        0        0        0
        0        0        0        0        0        0        0        0        0        0
        0        0        0        0        0        0        0        0        0        0

