   2.0000
   2.0050
   2.0100
   2.0150
   2.0200
   2.0250
   2.0300
   2.0350
   2.0400
   2.0450
   2.0500
   2.0550
   2.0600
   2.0650
   2.0700
   2.0750
   2.0800
   2.0850
   2.0900
   2.0950
   2.1000
   2.1050
   2.1100
   2.1150
   2.1200
   2.1250
   2.1300
   2.1350
   2.1400
   2.1450
   2.1500
   2.1550
   2.1600
   2.1650
   2.1700
   2.1750
   2.1800
   2.1850
   2.1900
   2.1950
   2.2000
   2.2050
   2.2100
   2.2150
   2.2200
   2.2250
   2.2300
   2.2350
   2.2400
   2.2450
   2.2500
   2.2550
   2.2600
   2.2650
   2.2700
   2.2750
   2.2800
   2.2850
   2.2900
   2.2950
   2.3000
   2.3050
   2.3100
   2.3150
   2.3200
   2.3250
   2.3300
   2.3350
   2.3400
   2.3450
   2.3500
   2.3550
   2.3600
   2.3650
   2.3700
   2.3750
   2.3800
   2.3850
   2.3900
   2.3950
   2.4000
   2.4050
   2.4100
   2.4150
   2.4200
   2.4250
   2.4300
   2.4350
   2.4400
   2.4450
   2.4500
   2.4550
   2.4600
   2.4650
   2.4700
   2.4750
   2.4800
   2.4850
   2.4900
   2.4950
   2.5000
   2.5050
   2.5100
   2.5150
   2.5200
   2.5250
   2.5300
   2.5350
   2.5400
   2.5450
   2.5500
   2.5550
   2.5600
   2.5650
   2.5700
   2.5750
   2.5800
   2.5850
   2.5900
   2.5950

        0        0        0        0        0        0        0        0        0        0
        0        0        0        0        0        0        0        0        0        0
        0        0        0        0        0        0        0        0        0        0
        0        0        0        0        0        0        0        0        0        0
        0        0        0        0        0        0        0        0        0        0
        0        0        0        0        0        0        0        0        0        0
        0        0        0        0        0        0        0        0        0        0
        0        0        0        0        0        0        0        0        0        0
        0        0        0        0        0        0        0        0        0        0
        0        0        0        0        0        0        0        0        0        0
        0        0        0        0        0        0        0        0        0        0
        0        0        0        0        0        0        0        0        0        0
        0        0        0        0        0        0        0        0        0        0
        0        0        0        0        0        0        0        0        0        0
        0        0        0        0        0        0        0        0        0        0
        0        0        0        0        0        0        0        0        0        0
        0        0        0        0        0        0        0        0        0        0
        0        0        0        0        0        0        0        0        0        0
        0        0        0        0        0        0        0        0        0        0
        0        0        0        0        0        0        0        0        0        0
        0        0        0        0        0        0        0        0        0        0
        0        0        0        0        0        0        0        0        0        0
        0        0        0        0        0        0        0        0        0        0
        0        0        0        0        0        0        0        0        0        0
        0        0        0        0        0        0        0        0        0        0
        0        0        0        0        0        0        0        0        0        0
        0        0        0        0        0        0        0        0        0        0
        0        0        0        0        0        0        0        0        0        0
        0        0        0        0        0        0        0        0        0        0
        0        0        0        0        0        0        0        0        0        0
        0        0        0        0        0        0        0        0        0        0
        0        0        0        0        0        0        0        0        0        0
        0        0        0        0        0        0        0        0        0        0
        0        0        0        0        0        0        0        0        0        0
        0        0        0        0        0        0        0        0        0        0
        0        0        0        0        0        0        0        0        0        0
        0        0        0        0        0        0        0        0        0        0
        0        0        0        0        0        0        0        0        0        0
        0        0        0        0        0        0        0        0        0        0
        0        0        0        0        0        0        0        0        0        0
        0        0        0        0        0        0        0        0        0        0
        0        0        0        0        0        0        0        0        0        0
        0        0        0        0        0        0        0        0        0        0
        0        0        0        0        0        0        0        0        0        0
        0        0        0        0        0        0        0        0        0        0
        0        0        0        0        0        0        0        0        0        0
        0        0        0        0        0        0        0        0        0        0
        0        0        0        0        0        0        0        0        0        0
        0        0        0        0        0        0        0        0        0        0
        0        0        0        0        0        0        0        0        0        0
        0        0        0        0        0        0        0        0        0        0
        0        0        0        0        0        0        0        0        0        0
        0        0        0        0        0        0        0        0        0        0
        0        0        0        0        0        0        0        0        0        0
        0        0        0        0        0        0        0        0        0        0
        0        0        0        0        0        0        0        0        0        0
        0        0        0        0        0        0        0        0        0        0
        0        0        0        0        0        0        0        0        0        0
        0        0        0        0        0        0        0        0        0        0
        0        0        0        0        0        0        0        0        0        0
        0        0        0        0        0        0        0        0        0        0
        0        0        0        0        0        0        0        0        0        0
        0        0        0        0        0        0        0        0        0        0
        0        0        0        0        0        0        0        0        0        0
        0        0        0        0        0        0        0        0        0        0
        0        0        0        0        0        0        0        0        0        0
        0        0        0        0        0        0        0        0        0        0
        0        0        0        0        0        0        0        0        0        0
        0        0        0        0        0        0        0        0        0        0
        0        0        0        0        0        0        0        0        0        0
        0        0        0        0        0        0        0        0        0        0
        0        0        0        0        0        0        0        0        0        0
        0        0        0        0        0        0        0        0        0        0
        0        0        0        0        0        0        0        0        0        0
        0        0        0        0        0        0        0        0        0        0
        0        0        0        0        0        0        0        0        0        0
        0        0        0        0        0        0        0        0        0        0
        0        0        0        0        0        0        0        0        0        0
        0        0        0        0        0        0        0        0        0        0
        0        0        0        0        0        0        0        0        0        0
        0        0        0        0        0        0        0        0        0        0
        0        0        0        0        0        0        0        0        0        0
        0        0        0        0        0        0        0        0        0        0
        0        0        0        0        0        0        0        0        0        0
        0        0        0        0        0        0        0        0        0        0
        0        0        0        0        0        0        0        0        0        0
        0        0        0        0        0        0        0        0        0        0
        0        0        0        0        0        0        0        0        0        0
        0        0        0        0        0        0        0        0        0        0
        0        0        0        0        0        0        0        0        0        0
     -inf  -4.0000  -3.0000  -2.6667  -2.5000  -2.4000  -2.3333  -2.2857  -2.2500  -2.2222
     -inf  -4.0000  -3.0000  -2.6667  -2.5000  -2.4000  -2.3333  -2.2857  -2.2500  -2.2222
     -inf  -4.0000  -3.0000  -2.6667  -2.5000  -2.4000  -2.3333  -2.2857  -2.2500  -2.2221
     -inf  -4.0000  -3.0000  -2.6667  -2.5000  -2.4000  -2.3333  -2.2857  -2.2500  -2.2222
     -inf  -4.0000  -2.9994  -2.6658  -2.4987  -2.3985  -2.3317  -2.2839  -2.2481  -2.2203
     -inf  -4.0000  -3.0000  -2.6667  -2.5000  -2.4000  -2.3333  -2.2857  -2.2500  -2.2222
     -inf  -4.0000  -3.0000  -2.6667  -2.5000  -2.4000  -2.3333  -2.2857  -2.2500  -2.2222
     -inf  -4.0000  -3.0000  -2.6662  -2.4994  -2.3993  -2.3325  -2.2848  -2.2491  -2.2212
     -inf  -4.0000  -3.0000  -2.6667  -2.5000  -2.4000  -2.3333  -2.2857  -2.2500  -2.2222
     -inf  -4.0000  -3.0000  -2.6667  -2.5000  -2.4000  -2.3333  -2.2857  -2.2500  -2.2222
     -inf  -3.9975  -2.9981  -2.6650  -2.4984  -2.3985  -2.3319  -2.2843  -2.2484  -2.2204
     -inf  -3.9975  -2.9981  -2.6650  -2.4981  -2.3980  -2.3312  -2.2836  -2.2478  -2.2200
     -inf  -4.0000  -3.0000  -2.6667  -2.5000  -2.4000  -2.3333  -2.2857  -2.2500  -2.2222
     -inf  -4.0000  -3.0000  -2.6667  -2.5000  -2.4000  -2.3333  -2.2857  -2.2500  -2.2222
     -inf  -4.0000  -3.0000  -2.6667  -2.5000  -2.4000  -2.3333  -2.2857  -2.2500  -2.2222
     -inf  -4.0000  -3.0000  -2.6667  -2.5000  -2.4000  -2.3333  -2.2857  -2.2500  -2.2222
     -inf  -4.0000  -3.0000  -2.6667  -2.5000  -2.4000  -2.3333  -2.2857  -2.2500  -2.2222
     -inf  -4.0000  -2.9994  -2.6658  -2.4991  -2.3990  -2.3323  -2.2846  -2.2489  -2.2211
     -inf  -4.0000  -3.0000  -2.6667  -2.5000  -2.4000  -2.3333  -2.2857  -2.2500  -2.2222
     -inf  -3.9975  -2.9981  -2.6650  -2.4984  -2.3985  -2.3319  -2.2843  -2.2486  -2.2208
     -inf  -4.0000  -3.0000  -2.6667  -2.5000  -2.4000  -2.3333  -2.2857  -2.2500  -2.2222
     -inf  -3.9975  -2.9981  -2.6650  -2.4981  -2.3978  -2.3308  -2.2830  -2.2472  -2.2193
     -inf  -4.0000  -3.0000  -2.6667  -2.5000  -2.4000  -2.3333  -2.2857  -2.2498  -2.2219
     -inf  -4.0000  -3.0000  -2.6667  -2.5000  -2.4000  -2.3331  -2.2854  -2.2495  -2.2217
     -inf  -4.0000  -3.0000  -2.6667  -2.5000  -2.4000  -2.3333  -2.2857  -2.2500  -2.2222
     -inf  -3.9975  -2.9981  -2.6650  -2.4984  -2.3985  -2.3319  -2.2843  -2.2486  -2.2207
     -inf  -4.0000  -3.0000  -2.6667  -2.5000  -2.4000  -2.3333  -2.2857  -2.2500  -2.2222
     -inf  -4.0000  -3.0000  -2.6662  -2.4994  -2.3993  -2.3325  -2.2848  -2.2491  -2.2212
     -inf  -4.0000  -3.0000  -2.6667  -2.5000  -2.4000  -2.3333  -2.2857  -2.2500  -2.2222
     -inf  -4.0000  -3.0000  -2.6667  -2.5000  -2.4000  -2.3333  -2.2855  -2.2497  -2.2218

        0        0        0        0        0        0        0        0        0        0
        0        0        0        0        0        0        0        0        0        0
        0        0        0        0        0        0        0        0        0        0
        0        0        0        0        0        0        0        0        0        0
        0        0        0        0        0        0        0        0        0        0
        0        0        0        0        0        0        0        0        0        0
        0        0        0        0        0        0        0        0        0        0
        0        0        0        0        0        0        0        0        0        0
        0        0        0        0        0        0        0        0        0        0
        0        0        0        0        0        0        0        0        0        0
        0        0        0        0        0        0        0        0        0        0
        0        0        0        0        0        0        0        0        0        0
        0        0        0        0        0        0        0        0        0        0
        0        0        0        0        0        0        0        0        0        0
        0        0        0        0        0        0        0        0        0        0
        0        0        0        0        0        0        0        0        0        0
        0        0        0        0        0        0        0        0        0        0
        0        0        0        0        0        0        0        0        0        0
        0        0        0        0        0        0        0        0        0        0
        0        0        0        0        0        0        0        0        0        0
        0        0        0        0        0        0        0        0        0        0
        0        0        0        0        0        0        0        0        0        0
        0        0        0        0        0        0        0        0        0        0
        0        0        0        0        0        0        0        0        0        0
        0        0        0        0        0        0        0        0        0        0
        0        0        0        0        0        0        0        0        0        0
        0        0        0        0        0        0        0        0        0        0
        0        0        0        0        0        0        0        0        0        0
        0        0        0        0        0        0        0        0        0        0
        0        0        0        0        0        0        0        0        0        0
        0        0        0        0        0        0        0        0        0        0
        0        0        0        0        0        0        0        0        0        0
        0        0        0        0        0        0        0        0        0        0
        0        0        0        0        0        0        0        0        0        0
        0        0        0        0        0        0        0        0        0        0
        0        0        0        0        0        0        0        0        0        0
        0        0        0        0        0        0        0        0        0        0
        0        0        0        0        0        0        0        0        0        0
        0        0        0        0        0        0        0        0        0        0
        0        0        0        0        0        0        0        0        0        0
        0        0        0        0        0        0        0        0        0        0
        0        0        0        0        0        0        0        0        0        0
        0        0        0        0        0        0        0        0        0        0
        0        0        0        0        0        0        0        0        0        0
        0        0        0        0        0        0        0        0        0        0
        0        0        0        0        0        0        0        0        0        0
        0        0        0        0        0        0        0        0        0        0
        0        0        0        0        0        0        0        0        0        0
        0        0        0        0        0        0        0        0        0        0
        0        0        0        0        0        0        0        0        0        0
        0        0        0        0        0        0        0        0        0        0
        0        0        0        0        0        0        0        0        0        0
        0        0        0        0        0        0        0        0        0        0
        0        0        0        0        0        0        0        0        0        0
        0        0        0        0        0        0        0        0        0        0
        0        0        0        0        0        0        0        0        0        0
        0        0        0        0        0        0        0        0        0        0
        0        0        0        0        0        0        0        0        0        0
        0        0        0        0        0        0        0        0        0        0
        0        0        0        0        0        0        0        0        0        0
        0        0        0        0        0        0        0        0        0        0
        0        0        0        0        0        0        0        0        0        0
        0        0        0        0        0        0        0        0        0        0
        0        0        0        0        0        0        0        0        0        0
        0        0        0        0        0        0        0        0        0        0
        0        0        0        0        0        0        0        0        0        0
        0        0        0        0        0        0        0        0        0        0
        0        0        0        0        0        0        0        0        0        0
        0        0        0        0        0        0        0        0        0        0
        0        0        0        0        0        0        0        0        0        0
        0        0        0        0        0        0        0        0        0        0
        0        0        0        0        0        0        0        0        0        0
        0        0        0        0        0        0        0        0        0        0
        0        0        0        0        0        0        0        0        0        0
        0        0        0        0        0        0        0        0        0        0
        0        0        0        0        0        0        0        0        0        0
        0        0        0        0        0        0        0        0        0        0
        0        0        0        0        0        0        0        0        0        0
        0        0        0        0        0        0        0        0        0        0
        0        0        0        0        0        0        0        0        0        0
        0        0        0        0        0        0        0        0        0        0
        0        0        0        0        0        0        0        0        0        0
        0        0        0        0        0        0        0        0        0        0
        0        0        0        0        0        0        0        0        0        0
        0        0        0        0        0        0        0        0        0        0
        0        0        0        0        0        0        0        0        0        0
        0        0        0        0        0        0        0        0        0        0
        0        0        0        0        0        0        0        0        0        0
        0        0        0        0        0        0        0        0        0        0
        0        0        0        0        0        0        0        0        0        0
      inf   2.0000   1.5000   1.3333   1.2500   1.2000   1.1667   1.1429   1.1250   1.1111
      inf   2.0000   1.5000   1.3333   1.2500   1.2000   1.1667   1.1429   1.1250   1.1111
      inf   2.0000   1.5000   1.3333   1.2500   1.2000   1.1667   1.1429   1.1250   1.1111
      inf   2.0000   1.5000   1.3333   1.2500   1.2000   1.1667   1.1429   1.1250   1.1111
      inf   2.0000   1.4998   1.3331   1.2497   1.1996   1.1663   1.1424   1.1245   1.1106
      inf   2.0000   1.5000   1.3333   1.2500   1.2000   1.1667   1.1429   1.1250   1.1111
      inf   2.0000   1.5000   1.3333   1.2500   1.2000   1.1667   1.1429   1.1250   1.1111
      inf   2.0000   1.5000   1.3332   1.2498   1.1998   1.1665   1.1426   1.1248   1.1109
      inf   2.0000   1.5000   1.3333   1.2500   1.2000   1.1667   1.1429   1.1250   1.1111
      inf   2.0000   1.5000   1.3333   1.2500   1.2000   1.1667   1.1429   1.1250   1.1111
      inf   1.9994   1.4995   1.3329   1.2496   1.1996   1.1663   1.1425   1.1246   1.1107
      inf   1.9994   1.4995   1.3329   1.2495   1.1995   1.1661   1.1423   1.1245   1.1106
      inf   2.0000   1.5000   1.3333   1.2500   1.2000   1.1667   1.1429   1.1250   1.1111
      inf   2.0000   1.5000   1.3333   1.2500   1.2000   1.1667   1.1429   1.1250   1.1111
      inf   2.0000   1.5000   1.3333   1.2500   1.2000   1.1667   1.1429   1.1250   1.1111
      inf   2.0000   1.5000   1.3333   1.2500   1.2000   1.1667   1.1429   1.1250   1.1111
      inf   2.0000   1.5000   1.3333   1.2500   1.2000   1.1667   1.1429   1.1250   1.1111
      inf   2.0000   1.4998   1.3331   1.2498   1.1997   1.1664   1.1426   1.1247   1.1108
      inf   2.0000   1.5000   1.3333   1.2500   1.2000   1.1667   1.1429   1.1250   1.1111
      inf   1.9994   1.4995   1.3329   1.2496   1.1996   1.1663   1.1425   1.1246   1.1108
      inf   2.0000   1.5000   1.3333   1.2500   1.2000   1.1667   1.1429   1.1250   1.1111
      inf   1.9994   1.4995   1.3329   1.2495   1.1994   1.1660   1.1422   1.1243   1.1104
      inf   2.0000   1.5000   1.3333   1.2500   1.2000   1.1667   1.1429   1.1250   1.1110
      inf   2.0000   1.5000   1.3333   1.2500   1.2000   1.1666   1.1428   1.1249   1.1110
      inf   2.0000   1.5000   1.3333   1.2500   1.2000   1.1667   1.1429   1.1250   1.1111
      inf   1.9994   1.4995   1.3329   1.2496   1.1996   1.1663   1.1425   1.1246   1.1107
      inf   2.0000   1.5000   1.3333   1.2500   1.2000   1.1667   1.1429   1.1250   1.1111
      inf   2.0000   1.5000   1.3332   1.2498   1.1998   1.1665   1.1426   1.1248   1.1109
      inf   2.0000   1.5000   1.3333   1.2500   1.2000   1.1667   1.1429   1.1250   1.1111
      inf   2.0000   1.5000   1.3333   1.2500   1.2000   1.1667   1.1428   1.1249   1.1110

        0        0        0        0        0        0        0        0        0        0
        0        0        0        0        0        0        0        0        0        0
        0        0        0        0        0        0        0        0        0        0
        0        0        0        0        0        0        0        0        0        0
        0        0        0        0        0        0        0        0        0        0
        0        0        0        0        0        0        0        0        0        0
        0        0        0        0        0        0        0        0        0        0
        0        0        0        0        0        0        0        0        0        0
        0        0        0        0        0        0        0        0        0        0
        0        0        0        0        0        0        0        0        0        0
        0        0        0        0        0        0        0        0        0        0
        0        0        0        0        0        0        0        0        0        0
        0        0        0        0        0        0        0        0        0        0
        0        0        0        0        0        0        0        0        0        0
        0        0        0        0        0        0        0        0        0        0
        0        0        0        0        0        0        0        0        0        0
        0        0        0        0        0        0        0        0        0        0
        0        0        0        0        0        0        0        0        0        0
        0        0        0        0        0        0        0        0        0        0
        0        0        0        0        0        0        0        0        0        0
        0        0        0        0        0        0        0        0        0        0
        0        0        0        0        0        0        0        0        0        0
        0        0        0        0        0        0        0        0        0        0
        0        0        0        0        0        0        0        0        0        0
        0        0        0        0        0        0        0        0        0        0
        0        0        0        0        0        0        0        0        0        0
        0        0        0        0        0        0        0        0        0        0
        0        0        0        0        0        0        0        0        0        0
        0        0        0        0        0        0        0        0        0        0
        0        0        0        0        0        0        0        0        0        0
        0        0        0        0        0        0        0        0        0        0
        0        0        0        0        0        0        0        0        0        0
        0        0        0        0        0        0        0        0        0        0
        0        0        0        0        0        0        0        0        0        0
        0        0        0        0        0        0        0        0        0        0
        0        0        0        0        0        0        0        0        0        0
        0        0        0        0        0        0        0        0        0        0
        0        0        0        0        0        0        0        0        0        0
        0        0        0        0        0        0        0        0        0        0
        0        0        0        0        0        0        0        0        0        0
        0        0        0        0        0        0        0        0        0        0
        0        0        0        0        0        0        0        0        0        0
        0        0        0        0        0        0        0        0        0        0
        0        0        0        0        0        0        0        0        0        0
        0        0        0        0        0        0        0        0        0        0
        0        0        0        0        0        0        0        0        0        0
        0        0        0        0        0        0        0        0        0        0
        0        0        0        0        0        0        0        0        0        0
        0        0        0        0        0        0        0        0        0        0
        0        0        0        0        0        0        0        0        0        0
        0        0        0        0        0        0        0        0        0        0
        0        0        0        0        0        0        0        0        0        0
        0        0        0        0        0        0        0        0        0        0
        0        0        0        0        0        0        0        0        0        0
        0        0        0        0        0        0        0        0        0        0
        0        0        0        0        0        0        0        0        0        0
        0        0        0        0        0        0        0        0        0        0
        0        0        0        0        0        0        0        0        0        0
        0        0        0        0        0        0        0        0        0        0
        0        0        0        0        0        0        0        0        0        0
        0        0        0        0        0        0        0        0        0        0
        0        0        0        0        0        0        0        0        0        0
        0        0        0        0        0        0        0        0        0        0
        0        0        0        0        0        0        0        0        0        0
        0        0        0        0        0        0        0        0        0        0
        0        0        0        0        0        0        0        0        0        0
        0        0        0        0        0        0        0        0        0        0
        0        0        0        0        0        0        0        0        0        0
        0        0        0        0        0        0        0        0        0        0
        0        0        0        0        0        0        0        0        0        0
        0        0        0        0        0        0        0        0        0        0
        0        0        0        0        0        0        0        0        0        0
        0        0        0        0        0        0        0        0        0        0
        0        0        0        0        0        0        0        0        0        0
        0        0        0        0        0        0        0        0        0        0
        0        0        0        0        0        0        0        0        0        0
        0        0        0        0        0        0        0        0        0        0
        0        0        0        0        0        0        0        0        0        0
        0        0        0        0        0        0        0        0        0        0
        0        0        0        0        0        0        0        0        0        0
        0        0        0        0        0        0        0        0        0        0
        0        0        0        0        0        0        0        0        0        0
        0        0        0        0        0        0        0        0        0        0
        0        0        0        0        0        0        0        0        0        0
        0        0        0        0        0        0        0        0        0        0
        0        0        0        0        0        0        0        0        0        0
        0        0        0        0        0        0        0        0        0        0
        0        0        0        0        0        0        0        0        0        0
        0        0        0        0        0        0        0        0        0        0
        0        0        0        0        0        0        0        0        0        0
      inf   2.0000   1.5000   1.3333   1.2500   1.2000   1.1667   1.1429   1.1250   1.1111
      inf   2.0000   1.5000   1.3333   1.2500   1.2000   1.1667   1.1429   1.1250   1.1111
      inf   2.0000   1.5000   1.3333   1.2500   1.2000   1.1667   1.1429   1.1250   1.1111
      inf   2.0000   1.5000   1.3333   1.2500   1.2000   1.1667   1.1429   1.1250   1.1111
      inf   2.0000   1.4998   1.3331   1.2497   1.1996   1.1663   1.1424   1.1245   1.1106
      inf   2.0000   1.5000   1.3333   1.2500   1.2000   1.1667   1.1429   1.1250   1.1111
      inf   2.0000   1.5000   1.3333   1.2500   1.2000   1.1667   1.1429   1.1250   1.1111
      inf   2.0000   1.5000   1.3332   1.2498   1.1998   1.1665   1.1426   1.1248   1.1109
      inf   2.0000   1.5000   1.3333   1.2500   1.2000   1.1667   1.1429   1.1250   1.1111
      inf   2.0000   1.5000   1.3333   1.2500   1.2000   1.1667   1.1429   1.1250   1.1111
      inf   1.9994   1.4995   1.3329   1.2496   1.1996   1.1663   1.1425   1.1246   1.1107
      inf   1.9994   1.4995   1.3329   1.2495   1.1995   1.1661   1.1423   1.1245   1.1106
      inf   2.0000   1.5000   1.3333   1.2500   1.2000   1.1667   1.1429   1.1250   1.1111
      inf   2.0000   1.5000   1.3333   1.2500   1.2000   1.1667   1.1429   1.1250   1.1111
      inf   2.0000   1.5000   1.3333   1.2500   1.2000   1.1667   1.1429   1.1250   1.1111
      inf   2.0000   1.5000   1.3333   1.2500   1.2000   1.1667   1.1429   1.1250   1.1111
      inf   2.0000   1.5000   1.3333   1.2500   1.2000   1.1667   1.1429   1.1250   1.1111
      inf   2.0000   1.4998   1.3331   1.2498   1.1997   1.1664   1.1426   1.1247   1.1108
      inf   2.0000   1.5000   1.3333   1.2500   1.2000   1.1667   1.1429   1.1250   1.1111
      inf   1.9994   1.4995   1.3329   1.2496   1.1996   1.1663   1.1425   1.1246   1.1108
      inf   2.0000   1.5000   1.3333   1.2500   1.2000   1.1667   1.1429   1.1250   1.1111
      inf   1.9994   1.4995   1.3329   1.2495   1.1994   1.1660   1.1422   1.1243   1.1104
      inf   2.0000   1.5000   1.3333   1.2500   1.2000   1.1667   1.1429   1.1250   1.1110
      inf   2.0000   1.5000   1.3333   1.2500   1.2000   1.1666   1.1428   1.1249   1.1110
      inf   2.0000   1.5000   1.3333   1.2500   1.2000   1.1667   1.1429   1.1250   1.1111
      inf   1.9994   1.4995   1.3329   1.2496   1.1996   1.1663   1.1425   1.1246   1.1107
      inf   2.0000   1.5000   1.3333   1.2500   1.2000   1.1667   1.1429   1.1250   1.1111
      inf   2.0000   1.5000   1.3332   1.2498   1.1998   1.1665   1.1426   1.1248   1.1109
      inf   2.0000   1.5000   1.3333   1.2500   1.2000   1.1667   1.1429   1.1250   1.1111
      inf   2.0000   1.5000   1.3333   1.2500   1.2000   1.1667   1.1428   1.1249   1.1110

            0            0            0            0            0            0            0            0            0            0
            0            0            0            0            0            0            0            0            0            0
            0            0            0            0            0            0            0            0            0            0
            0            0            0            0            0            0            0            0            0            0
            0            0            0            0            0            0            0            0            0            0
            0            0            0            0            0            0            0            0            0            0
            0            0            0            0            0            0            0            0            0            0
            0            0            0            0            0            0            0            0            0            0
            0            0            0            0            0            0            0            0            0            0
            0            0            0            0            0            0            0            0            0            0
            0            0            0            0            0            0            0            0            0            0
            0            0            0            0            0            0            0            0            0            0
            0            0            0            0            0            0            0            0            0            0
            0            0            0            0            0            0            0            0            0            0
            0            0            0            0            0            0            0            0            0            0
            0            0            0            0            0            0            0            0            0            0
            0            0            0            0            0            0            0            0            0            0
            0            0            0            0            0            0            0            0            0            0
            0            0            0            0            0            0            0            0            0            0
            0            0            0            0            0            0            0            0            0            0
            0            0            0            0            0            0            0            0            0            0
            0            0            0            0            0            0            0            0            0            0
            0            0            0            0            0            0            0            0            0            0
            0            0            0            0            0            0            0            0            0            0
            0            0            0            0            0            0            0            0            0            0
            0            0            0            0            0            0            0            0            0            0
            0            0            0            0            0            0            0            0            0            0
            0            0            0            0            0            0            0            0            0            0
            0            0            0            0            0            0            0            0            0            0
            0            0            0            0            0            0            0            0            0            0
            0            0            0            0            0            0            0            0            0            0
            0            0            0            0            0            0            0            0            0            0
            0            0            0            0            0            0            0            0            0            0
            0            0            0            0            0            0            0            0            0            0
            0            0            0            0            0            0            0            0            0            0
            0            0            0            0            0            0            0            0            0            0
            0            0            0            0            0            0            0            0            0            0
            0            0            0            0            0            0            0            0            0            0
            0            0            0            0            0            0            0            0            0            0
            0            0            0            0            0            0            0            0            0            0
            0            0            0            0            0            0            0            0            0            0
            0            0            0            0            0            0            0            0            0            0
            0            0            0            0            0            0            0            0            0            0
            0            0            0            0            0            0            0            0            0            0
            0            0            0            0            0            0            0            0            0            0
            0            0            0            0            0            0            0            0            0            0
            0            0            0            0            0            0            0            0            0            0
            0            0            0            0            0            0            0            0            0            0
            0            0            0            0            0            0            0            0            0            0
            0            0            0            0            0            0            0            0            0            0
            0            0            0            0            0            0            0            0            0            0
            0            0            0            0            0            0            0            0            0            0
            0            0            0            0            0            0            0            0            0            0
            0            0            0            0            0            0            0            0            0            0
            0            0            0            0            0            0            0            0            0            0
            0            0            0            0            0            0            0            0            0            0
            0            0            0            0            0            0            0            0            0            0
            0            0            0            0            0            0            0            0            0            0
            0            0            0            0            0            0            0            0            0            0
            0            0            0            0            0            0            0            0            0            0
            0            0            0            0            0            0            0            0            0            0
            0            0            0            0            0            0            0            0            0            0
            0            0            0            0            0            0            0            0            0            0
            0            0            0            0            0            0            0            0            0            0
            0            0            0            0            0            0            0            0            0            0
            0            0            0            0            0            0            0            0            0            0
            0            0            0            0            0            0            0            0            0            0
            0            0            0            0            0            0            0            0            0            0
            0            0            0            0            0            0            0            0            0            0
            0            0            0            0            0            0            0            0            0            0
            0            0            0            0            0            0            0            0            0            0
            0            0            0            0            0            0            0            0            0            0
            0            0            0            0            0            0            0            0            0            0
            0            0            0            0            0            0            0            0            0            0
            0            0            0            0            0            0            0            0            0            0
            0            0            0            0            0            0            0            0            0            0
            0            0            0            0            0            0            0            0            0            0
            0            0            0            0            0            0            0            0            0            0
            0            0            0            0            0            0            0            0            0            0
            0            0            0            0            0            0            0            0            0            0
            0            0            0            0            0            0            0            0            0            0
            0            0            0            0            0            0            0            0            0            0
            0            0            0            0            0            0            0            0            0            0
            0            0            0            0            0            0            0            0            0            0
            0            0            0            0            0            0            0            0            0            0
            0            0            0            0            0            0            0            0            0            0
            0            0            0            0            0            0            0            0            0            0
            0            0            0            0            0            0            0            0            0            0
            0            0            0            0            0            0            0            0            0            0
            0            0            0            0            0            0            0            0            0            0
          nan  -8.5298e+03  -3.1987e+03  -1.8955e+03  -1.3328e+03  -1.0236e+03  -8.2928e+02  -6.9631e+02  -5.9975e+02  -5.2653e+02
          nan  -8.4951e+03  -3.1857e+03  -1.8878e+03  -1.3274e+03  -1.0194e+03  -8.2591e+02  -6.9348e+02  -5.9731e+02  -5.2439e+02
          nan  -8.4606e+03  -3.1727e+03  -1.8801e+03  -1.3220e+03  -1.0153e+03  -8.2256e+02  -6.9066e+02  -5.9488e+02  -5.2219e+02
          nan  -8.4263e+03  -3.1599e+03  -1.8725e+03  -1.3166e+03  -1.0112e+03  -8.1922e+02  -6.8786e+02  -5.9247e+02  -5.2014e+02
          nan  -8.3922e+03  -3.1458e+03  -1.8638e+03  -1.3100e+03  -1.0058e+03  -8.1474e+02  -6.8401e+02  -5.8909e+02  -5.1713e+02
          nan  -8.3583e+03  -3.1344e+03  -1.8574e+03  -1.3060e+03  -1.0030e+03  -8.1262e+02  -6.8231e+02  -5.8770e+02  -5.1595e+02
          nan  -8.3247e+03  -3.1217e+03  -1.8499e+03  -1.3007e+03  -9.9896e+02  -8.0934e+02  -6.7956e+02  -5.8533e+02  -5.1387e+02
          nan  -8.2912e+03  -3.1092e+03  -1.8419e+03  -1.2949e+03  -9.9432e+02  -8.0551e+02  -6.7630e+02  -5.8249e+02  -5.1135e+02
          nan  -8.2579e+03  -3.0967e+03  -1.8351e+03  -1.2903e+03  -9.9095e+02  -8.0285e+02  -6.7412e+02  -5.8064e+02  -5.0975e+02
          nan  -8.2249e+03  -3.0843e+03  -1.8277e+03  -1.2851e+03  -9.8698e+02  -7.9964e+02  -6.7142e+02  -5.7831e+02  -5.0771e+02
          nan  -8.1818e+03  -3.0682e+03  -1.8182e+03  -1.2784e+03  -9.8181e+02  -7.9545e+02  -6.6790e+02  -5.7520e+02  -5.0486e+02
          nan  -8.1491e+03  -3.0559e+03  -1.8109e+03  -1.2730e+03  -9.7749e+02  -7.9185e+02  -6.6482e+02  -5.7259e+02  -5.0266e+02
          nan  -8.1269e+03  -3.0476e+03  -1.8060e+03  -1.2698e+03  -9.7522e+02  -7.9011e+02  -6.6342e+02  -5.7142e+02  -5.0166e+02
          nan  -8.0946e+03  -3.0355e+03  -1.7988e+03  -1.2648e+03  -9.7135e+02  -7.8697e+02  -6.6078e+02  -5.6915e+02  -4.9967e+02
          nan  -8.0625e+03  -3.0234e+03  -1.7917e+03  -1.2598e+03  -9.6750e+02  -7.8385e+02  -6.5816e+02  -5.6689e+02  -4.9768e+02
          nan  -8.0306e+03  -3.0115e+03  -1.7846e+03  -1.2548e+03  -9.6367e+02  -7.8075e+02  -6.5556e+02  -5.6465e+02  -4.9572e+02
          nan  -7.9989e+03  -2.9996e+03  -1.7775e+03  -1.2498e+03  -9.5987e+02  -7.7767e+02  -6.5297e+02  -5.6242e+02  -4.9376e+02
          nan  -7.9674e+03  -2.9865e+03  -1.7694e+03  -1.2440e+03  -9.5529e+02  -7.7391e+02  -6.4979e+02  -5.5966e+02  -4.9132e+02
          nan  -7.9360e+03  -2.9760e+03  -1.7636e+03  -1.2400e+03  -9.5232e+02  -7.7156e+02  -6.4784e+02  -5.5800e+02  -4.8988e+02
          nan  -7.8950e+03  -2.9606e+03  -1.7544e+03  -1.2336e+03  -9.4740e+02  -7.6757e+02  -6.4449e+02  -5.5512e+02  -4.8734e+02
          nan  -7.8739e+03  -2.9527e+03  -1.7498e+03  -1.2303e+03  -9.4487e+02  -7.6552e+02  -6.4277e+02  -5.5363e+02  -4.8604e+02
          nan  -7.8333e+03  -2.9375e+03  -1.7407e+03  -1.2236e+03  -9.3941e+02  -7.6089e+02  -6.3875e+02  -5.5009e+02  -4.8287e+02
          nan  -7.8125e+03  -2.9297e+03  -1.7361e+03  -1.2207e+03  -9.3750e+02  -7.5955e+02  -6.3776e+02  -5.4924e+02  -4.8213e+02
          nan  -7.7821e+03  -2.9183e+03  -1.7293e+03  -1.2159e+03  -9.3385e+02  -7.5645e+02  -6.3507e+02  -5.4695e+02  -4.8013e+02
          nan  -7.7518e+03  -2.9069e+03  -1.7226e+03  -1.2112e+03  -9.3022e+02  -7.5365e+02  -6.3280e+02  -5.4505e+02  -4.7851e+02
          nan  -7.7121e+03  -2.8920e+03  -1.7138e+03  -1.2050e+03  -9.2545e+02  -7.4979e+02  -6.2956e+02  -5.4226e+02  -4.7600e+02
          nan  -7.6918e+03  -2.8844e+03  -1.7093e+03  -1.2019e+03  -9.2302e+02  -7.4782e+02  -6.2791e+02  -5.4083e+02  -4.7481e+02
          nan  -7.6621e+03  -2.8733e+03  -1.7022e+03  -1.1966e+03  -9.1888e+02  -7.4440e+02  -6.2499e+02  -5.3829e+02  -4.7256e+02
          nan  -7.6326e+03  -2.8622e+03  -1.6961e+03  -1.1926e+03  -9.1591e+02  -7.4205e+02  -6.2307e+02  -5.3666e+02  -4.7115e+02
          nan  -7.6032e+03  -2.8512e+03  -1.6896e+03  -1.1880e+03  -9.1238e+02  -7.3920e+02  -6.2057e+02  -5.3445e+02  -4.6916e+02

            0            0            0            0            0            0            0            0            0            0
            0            0            0            0            0            0            0            0            0            0
            0            0            0            0            0            0            0            0            0            0
            0            0            0            0            0            0            0            0            0            0
            0            0            0            0            0            0            0            0            0            0
            0            0            0            0            0            0            0            0            0            0
            0            0            0            0            0            0            0            0            0            0
            0            0            0            0            0            0            0            0            0            0
            0            0            0            0            0            0            0            0            0            0
            0            0            0            0            0            0            0            0            0            0
            0            0            0            0            0            0            0            0            0            0
            0            0            0            0            0            0            0            0            0            0
            0            0            0            0            0            0            0            0            0            0
            0            0            0            0            0            0            0            0            0            0
            0            0            0            0            0            0            0            0            0            0
            0            0            0            0            0            0            0            0            0            0
            0            0            0            0            0            0            0            0            0            0
            0            0            0            0            0            0            0            0            0            0
            0            0            0            0            0            0            0            0            0            0
            0            0            0            0            0            0            0            0            0            0
            0            0            0            0            0            0            0            0            0            0
            0            0            0            0            0            0            0            0            0            0
            0            0            0            0            0            0            0            0            0            0
            0            0            0            0            0            0            0            0            0            0
            0            0            0            0            0            0            0            0            0            0
            0            0            0            0            0            0            0            0            0            0
            0            0            0            0            0            0            0            0            0            0
            0            0            0            0            0            0            0            0            0            0
            0            0            0            0            0            0            0            0            0            0
            0            0            0            0            0            0            0            0            0            0
            0            0            0            0            0            0            0            0            0            0
            0            0            0            0            0            0            0            0            0            0
            0            0            0            0            0            0            0            0            0            0
            0            0            0            0            0            0            0            0            0            0
            0            0            0            0            0            0            0            0            0            0
            0            0            0            0            0            0            0            0            0            0
            0            0            0            0            0            0            0            0            0            0
            0            0            0            0            0            0            0            0            0            0
            0            0            0            0            0            0            0            0            0            0
            0            0            0            0            0            0            0            0            0            0
            0            0            0            0            0            0            0            0            0            0
            0            0            0            0            0            0            0            0            0            0
            0            0            0            0            0            0            0            0            0            0
            0            0            0            0            0            0            0            0            0            0
            0            0            0            0            0            0            0            0            0            0
            0            0            0            0            0            0            0            0            0            0
            0            0            0            0            0            0            0            0            0            0
            0            0            0            0            0            0            0            0            0            0
            0            0            0            0            0            0            0            0            0            0
            0            0            0            0            0            0            0            0            0            0
            0            0            0            0            0            0            0            0            0            0
            0            0            0            0            0            0            0            0            0            0
            0            0            0            0            0            0            0            0            0            0
            0            0            0            0            0            0            0            0            0            0
            0            0            0            0            0            0            0            0            0            0
            0            0            0            0            0            0            0            0            0            0
            0            0            0            0            0            0            0            0            0            0
            0            0            0            0            0            0            0            0            0            0
            0            0            0            0            0            0            0            0            0            0
            0            0            0            0            0            0            0            0            0            0
            0            0            0            0            0            0            0            0            0            0
            0            0            0            0            0            0            0            0            0            0
            0            0            0            0            0            0            0            0            0            0
            0            0            0            0            0            0            0            0            0            0
            0            0            0            0            0            0            0            0            0            0
            0            0            0            0            0            0            0            0            0            0
            0            0            0            0            0            0            0            0            0            0
            0            0            0            0            0            0            0            0            0            0
            0            0            0            0            0            0            0            0            0            0
            0            0            0            0            0            0            0            0            0            0
            0            0            0            0            0            0            0            0            0            0
            0            0            0            0            0            0            0            0            0            0
            0            0            0            0            0            0            0            0            0            0
            0            0            0            0            0            0            0            0            0            0
            0            0            0            0            0            0            0            0            0            0
            0            0            0            0            0            0            0            0            0            0
            0            0            0            0            0            0            0            0            0            0
            0            0            0            0            0            0            0            0            0            0
            0            0            0            0            0            0            0            0            0            0
            0            0            0            0            0            0            0            0            0            0
            0            0            0            0            0            0            0            0            0            0
            0            0            0            0            0            0            0            0            0            0
            0            0            0            0            0            0            0            0            0            0
            0            0            0            0            0            0            0            0            0            0
            0            0            0            0            0            0            0            0            0            0
            0            0            0            0            0            0            0            0            0            0
            0            0            0            0            0            0            0            0            0            0
            0            0            0            0            0            0            0            0            0            0
            0            0            0            0            0            0            0            0            0            0
            0            0            0            0            0            0            0            0            0            0
          nan  -5.2245e+03  -1.9592e+03  -1.1610e+03  -8.1633e+02  -6.2694e+02  -5.0794e+02  -4.2649e+02  -3.6735e+02  -3.2250e+02
          nan  -5.2138e+03  -1.9552e+03  -1.1586e+03  -8.1466e+02  -6.2566e+02  -5.0690e+02  -4.2562e+02  -3.6660e+02  -3.2184e+02
          nan  -5.2033e+03  -1.9512e+03  -1.1563e+03  -8.1301e+02  -6.2439e+02  -5.0587e+02  -4.2476e+02  -3.6585e+02  -3.2117e+02
          nan  -5.1927e+03  -1.9473e+03  -1.1539e+03  -8.1136e+02  -6.2312e+02  -5.0485e+02  -4.2389e+02  -3.6511e+02  -3.2054e+02
          nan  -5.1822e+03  -1.9429e+03  -1.1512e+03  -8.0931e+02  -6.2147e+02  -5.0346e+02  -4.2270e+02  -3.6407e+02  -3.1961e+02
          nan  -5.1717e+03  -1.9394e+03  -1.1493e+03  -8.0808e+02  -6.2061e+02  -5.0281e+02  -4.2218e+02  -3.6364e+02  -3.1924e+02
          nan  -5.1613e+03  -1.9355e+03  -1.1470e+03  -8.0645e+02  -6.1935e+02  -5.0179e+02  -4.2133e+02  -3.6290e+02  -3.1860e+02
          nan  -5.1509e+03  -1.9316e+03  -1.1445e+03  -8.0463e+02  -6.1792e+02  -5.0060e+02  -4.2032e+02  -3.6202e+02  -3.1782e+02
          nan  -5.1406e+03  -1.9277e+03  -1.1423e+03  -8.0321e+02  -6.1687e+02  -4.9978e+02  -4.1964e+02  -3.6145e+02  -3.1732e+02
          nan  -5.1303e+03  -1.9238e+03  -1.1401e+03  -8.0160e+02  -6.1563e+02  -4.9878e+02  -4.1880e+02  -3.6072e+02  -3.1668e+02
          nan  -5.1168e+03  -1.9188e+03  -1.1371e+03  -7.9950e+02  -6.1402e+02  -4.9747e+02  -4.1770e+02  -3.5975e+02  -3.1579e+02
          nan  -5.1066e+03  -1.9150e+03  -1.1348e+03  -7.9780e+02  -6.1266e+02  -4.9634e+02  -4.1673e+02  -3.5893e+02  -3.1510e+02
          nan  -5.0996e+03  -1.9124e+03  -1.1332e+03  -7.9681e+02  -6.1195e+02  -4.9579e+02  -4.1629e+02  -3.5857e+02  -3.1479e+02
          nan  -5.0895e+03  -1.9085e+03  -1.1310e+03  -7.9523e+02  -6.1074e+02  -4.9481e+02  -4.1547e+02  -3.5785e+02  -3.1416e+02
          nan  -5.0794e+03  -1.9048e+03  -1.1287e+03  -7.9365e+02  -6.0952e+02  -4.9383e+02  -4.1464e+02  -3.5714e+02  -3.1354e+02
          nan  -5.0693e+03  -1.9010e+03  -1.1265e+03  -7.9208e+02  -6.0832e+02  -4.9285e+02  -4.1382e+02  -3.5644e+02  -3.1292e+02
          nan  -5.0593e+03  -1.8972e+03  -1.1243e+03  -7.9051e+02  -6.0711e+02  -4.9188e+02  -4.1300e+02  -3.5573e+02  -3.1230e+02
          nan  -5.0493e+03  -1.8931e+03  -1.1217e+03  -7.8866e+02  -6.0566e+02  -4.9069e+02  -4.1200e+02  -3.5486e+02  -3.1153e+02
          nan  -5.0394e+03  -1.8898e+03  -1.1199e+03  -7.8740e+02  -6.0472e+02  -4.8994e+02  -4.1138e+02  -3.5433e+02  -3.1107e+02
          nan  -5.0263e+03  -1.8849e+03  -1.1170e+03  -7.8536e+02  -6.0316e+02  -4.8867e+02  -4.1031e+02  -3.5341e+02  -3.1027e+02
          nan  -5.0196e+03  -1.8824e+03  -1.1155e+03  -7.8431e+02  -6.0235e+02  -4.8802e+02  -4.0976e+02  -3.5294e+02  -3.0985e+02
          nan  -5.0067e+03  -1.8775e+03  -1.1126e+03  -7.8219e+02  -6.0061e+02  -4.8654e+02  -4.0848e+02  -3.5181e+02  -3.0884e+02
          nan  -5.0000e+03  -1.8750e+03  -1.1111e+03  -7.8125e+02  -6.0000e+02  -4.8611e+02  -4.0816e+02  -3.5154e+02  -3.0860e+02
          nan  -4.9903e+03  -1.8713e+03  -1.1089e+03  -7.7973e+02  -5.9883e+02  -4.8512e+02  -4.0730e+02  -3.5080e+02  -3.0796e+02
          nan  -4.9805e+03  -1.8677e+03  -1.1068e+03  -7.7821e+02  -5.9767e+02  -4.8422e+02  -4.0658e+02  -3.5019e+02  -3.0744e+02
          nan  -4.9678e+03  -1.8629e+03  -1.1039e+03  -7.7621e+02  -5.9613e+02  -4.8298e+02  -4.0553e+02  -3.4930e+02  -3.0663e+02
          nan  -4.9612e+03  -1.8605e+03  -1.1025e+03  -7.7519e+02  -5.9535e+02  -4.8234e+02  -4.0500e+02  -3.4884e+02  -3.0625e+02
          nan  -4.9516e+03  -1.8569e+03  -1.1002e+03  -7.7350e+02  -5.9401e+02  -4.8124e+02  -4.0406e+02  -3.4802e+02  -3.0552e+02
          nan  -4.9421e+03  -1.8533e+03  -1.0982e+03  -7.7220e+02  -5.9305e+02  -4.8048e+02  -4.0344e+02  -3.4749e+02  -3.0507e+02
          nan  -4.9326e+03  -1.8497e+03  -1.0961e+03  -7.7071e+02  -5.9191e+02  -4.7955e+02  -4.0263e+02  -3.4677e+02  -3.0442e+02

            0            0            0            0            0            0            0            0            0            0
            0            0            0            0            0            0            0            0            0            0
            0            0            0            0            0            0            0            0            0            0
            0            0            0            0            0            0            0            0            0            0
            0            0            0            0            0            0            0            0            0            0
            0            0            0            0            0            0            0            0            0            0
            0            0            0            0            0            0            0            0            0            0
            0            0            0            0            0            0            0            0            0            0
            0            0            0            0            0            0            0            0            0            0
            0            0            0            0            0            0            0            0            0            0
            0            0            0            0            0            0            0            0            0            0
            0            0            0            0            0            0            0            0            0            0
            0            0            0            0            0            0            0            0            0            0
            0            0            0            0            0            0            0            0            0            0
            0            0            0            0            0            0            0            0            0            0
            0            0            0            0            0            0            0            0            0            0
            0            0            0            0            0            0            0            0            0            0
            0            0            0            0            0            0            0            0            0            0
            0            0            0            0            0            0            0            0            0            0
            0            0            0            0            0            0            0            0            0            0
            0            0            0            0            0            0            0            0            0            0
            0            0            0            0            0            0            0            0            0            0
            0            0            0            0            0            0            0            0            0            0
            0            0            0            0            0            0            0            0            0            0
            0            0            0            0            0            0            0            0            0            0
            0            0            0            0            0            0            0            0            0            0
            0            0            0            0            0            0            0            0            0            0
            0            0            0            0            0            0            0            0            0            0
            0            0            0            0            0            0            0            0            0            0
            0            0            0            0            0            0            0            0            0            0
            0            0            0            0            0            0            0            0            0            0
            0            0            0            0            0            0            0            0            0            0
            0            0            0            0            0            0            0            0            0            0
            0            0            0            0            0            0            0            0            0            0
            0            0            0            0            0            0            0            0            0            0
            0            0            0            0            0            0            0            0            0            0
            0            0            0            0            0            0            0            0            0            0
            0            0            0            0            0            0            0            0            0            0
            0            0            0            0            0            0            0            0            0            0
            0            0            0            0            0            0            0            0            0            0
            0            0            0            0            0            0            0            0            0            0
            0            0            0            0            0            0            0            0            0            0
            0            0            0            0            0            0            0            0            0            0
            0            0            0            0            0            0            0            0            0            0
            0            0            0            0            0            0            0            0            0            0
            0            0            0            0            0            0            0            0            0            0
            0            0            0            0            0            0            0            0            0            0
            0            0            0            0            0            0            0            0            0            0
            0            0            0            0            0            0            0            0            0            0
            0            0            0            0            0            0            0            0            0            0
            0            0            0            0            0            0            0            0            0            0
            0            0            0            0            0            0            0            0            0            0
            0            0            0            0            0            0            0            0            0            0
            0            0            0            0            0            0            0            0            0            0
            0            0            0            0            0            0            0            0            0            0
            0            0            0            0            0            0            0            0            0            0
            0            0            0            0            0            0            0            0            0            0
            0            0            0            0            0            0            0            0            0            0
            0            0            0            0            0            0            0            0            0            0
            0            0            0            0            0            0            0            0            0            0
            0            0            0            0            0            0            0            0            0            0
            0            0            0            0            0            0            0            0            0            0
            0            0            0            0            0            0            0            0            0            0
            0            0            0            0            0            0            0            0            0            0
            0            0            0            0            0            0            0            0            0            0
            0            0            0            0            0            0            0            0            0            0
            0            0            0            0            0            0            0            0            0            0
            0            0            0            0            0            0            0            0            0            0
            0            0            0            0            0            0            0            0            0            0
            0            0            0            0            0            0            0            0            0            0
            0            0            0            0            0            0            0            0            0            0
            0            0            0            0            0            0            0            0            0            0
            0            0            0            0            0            0            0            0            0            0
            0            0            0            0            0            0            0            0            0            0
            0            0            0            0            0            0            0            0            0            0
            0            0            0            0            0            0            0            0            0            0
            0            0            0            0            0            0            0            0            0            0
            0            0            0            0            0            0            0            0            0            0
            0            0            0            0            0            0            0            0            0            0
            0            0            0            0            0            0            0            0            0            0
            0            0            0            0            0            0            0            0            0            0
            0            0            0            0            0            0            0            0            0            0
            0            0            0            0            0            0            0            0            0            0
            0            0            0            0            0            0            0            0            0            0
            0            0            0            0            0            0            0            0            0            0
            0            0            0            0            0            0            0            0            0            0
            0            0            0            0            0            0            0            0            0            0
            0            0            0            0            0            0            0            0            0            0
            0            0            0            0            0            0            0            0            0            0
            0            0            0            0            0            0            0            0            0            0
          nan  -5.2245e+03  -1.9592e+03  -1.1610e+03  -8.1633e+02  -6.2694e+02  -5.0794e+02  -4.2649e+02  -3.6735e+02  -3.2250e+02
          nan  -5.2138e+03  -1.9552e+03  -1.1586e+03  -8.1466e+02  -6.2566e+02  -5.0690e+02  -4.2562e+02  -3.6660e+02  -3.2184e+02
          nan  -5.2033e+03  -1.9512e+03  -1.1563e+03  -8.1301e+02  -6.2439e+02  -5.0587e+02  -4.2476e+02  -3.6585e+02  -3.2117e+02
          nan  -5.1927e+03  -1.9473e+03  -1.1539e+03  -8.1136e+02  -6.2312e+02  -5.0485e+02  -4.2389e+02  -3.6511e+02  -3.2054e+02
          nan  -5.1822e+03  -1.9429e+03  -1.1512e+03  -8.0931e+02  -6.2147e+02  -5.0346e+02  -4.2270e+02  -3.6407e+02  -3.1961e+02
          nan  -5.1717e+03  -1.9394e+03  -1.1493e+03  -8.0808e+02  -6.2061e+02  -5.0281e+02  -4.2218e+02  -3.6364e+02  -3.1924e+02
          nan  -5.1613e+03  -1.9355e+03  -1.1470e+03  -8.0645e+02  -6.1935e+02  -5.0179e+02  -4.2133e+02  -3.6290e+02  -3.1860e+02
          nan  -5.1509e+03  -1.9316e+03  -1.1445e+03  -8.0463e+02  -6.1792e+02  -5.0060e+02  -4.2032e+02  -3.6202e+02  -3.1782e+02
          nan  -5.1406e+03  -1.9277e+03  -1.1423e+03  -8.0321e+02  -6.1687e+02  -4.9978e+02  -4.1964e+02  -3.6145e+02  -3.1732e+02
          nan  -5.1303e+03  -1.9238e+03  -1.1401e+03  -8.0160e+02  -6.1563e+02  -4.9878e+02  -4.1880e+02  -3.6072e+02  -3.1668e+02
          nan  -5.1168e+03  -1.9188e+03  -1.1371e+03  -7.9950e+02  -6.1402e+02  -4.9747e+02  -4.1770e+02  -3.5975e+02  -3.1579e+02
          nan  -5.1066e+03  -1.9150e+03  -1.1348e+03  -7.9780e+02  -6.1266e+02  -4.9634e+02  -4.1673e+02  -3.5893e+02  -3.1510e+02
          nan  -5.0996e+03  -1.9124e+03  -1.1332e+03  -7.9681e+02  -6.1195e+02  -4.9579e+02  -4.1629e+02  -3.5857e+02  -3.1479e+02
          nan  -5.0895e+03  -1.9085e+03  -1.1310e+03  -7.9523e+02  -6.1074e+02  -4.9481e+02  -4.1547e+02  -3.5785e+02  -3.1416e+02
          nan  -5.0794e+03  -1.9048e+03  -1.1287e+03  -7.9365e+02  -6.0952e+02  -4.9383e+02  -4.1464e+02  -3.5714e+02  -3.1354e+02
          nan  -5.0693e+03  -1.9010e+03  -1.1265e+03  -7.9208e+02  -6.0832e+02  -4.9285e+02  -4.1382e+02  -3.5644e+02  -3.1292e+02
          nan  -5.0593e+03  -1.8972e+03  -1.1243e+03  -7.9051e+02  -6.0711e+02  -4.9188e+02  -4.1300e+02  -3.5573e+02  -3.1230e+02
          nan  -5.0493e+03  -1.8931e+03  -1.1217e+03  -7.8866e+02  -6.0566e+02  -4.9069e+02  -4.1200e+02  -3.5486e+02  -3.1153e+02
          nan  -5.0394e+03  -1.8898e+03  -1.1199e+03  -7.8740e+02  -6.0472e+02  -4.8994e+02  -4.1138e+02  -3.5433e+02  -3.1107e+02
          nan  -5.0263e+03  -1.8849e+03  -1.1170e+03  -7.8536e+02  -6.0316e+02  -4.8867e+02  -4.1031e+02  -3.5341e+02  -3.1027e+02
          nan  -5.0196e+03  -1.8824e+03  -1.1155e+03  -7.8431e+02  -6.0235e+02  -4.8802e+02  -4.0976e+02  -3.5294e+02  -3.0985e+02
          nan  -5.0067e+03  -1.8775e+03  -1.1126e+03  -7.8219e+02  -6.0061e+02  -4.8654e+02  -4.0848e+02  -3.5181e+02  -3.0884e+02
          nan  -5.0000e+03  -1.8750e+03  -1.1111e+03  -7.8125e+02  -6.0000e+02  -4.8611e+02  -4.0816e+02  -3.5154e+02  -3.0860e+02
          nan  -4.9903e+03  -1.8713e+03  -1.1089e+03  -7.7973e+02  -5.9883e+02  -4.8512e+02  -4.0730e+02  -3.5080e+02  -3.0796e+02
          nan  -4.9805e+03  -1.8677e+03  -1.1068e+03  -7.7821e+02  -5.9767e+02  -4.8422e+02  -4.0658e+02  -3.5019e+02  -3.0744e+02
          nan  -4.9678e+03  -1.8629e+03  -1.1039e+03  -7.7621e+02  -5.9613e+02  -4.8298e+02  -4.0553e+02  -3.4930e+02  -3.0663e+02
          nan  -4.9612e+03  -1.8605e+03  -1.1025e+03  -7.7519e+02  -5.9535e+02  -4.8234e+02  -4.0500e+02  -3.4884e+02  -3.0625e+02
          nan  -4.9516e+03  -1.8569e+03  -1.1002e+03  -7.7350e+02  -5.9401e+02  -4.8124e+02  -4.0406e+02  -3.4802e+02  -3.0552e+02
          nan  -4.9421e+03  -1.8533e+03  -1.0982e+03  -7.7220e+02  -5.9305e+02  -4.8048e+02  -4.0344e+02  -3.4749e+02  -3.0507e+02
          nan  -4.9326e+03  -1.8497e+03  -1.0961e+03  -7.7071e+02  -5.9191e+02  -4.7955e+02  -4.0263e+02  -3.4677e+02  -3.0442e+02

        0        0        0        0        0        0        0        0        0        0
        0        0        0        0        0        0        0        0        0        0
        0        0        0        0        0        0        0        0        0        0
        0        0        0        0        0        0        0        0        0        0
        0        0        0        0        0        0        0        0        0        0
        0        0        0        0        0        0        0        0        0        0
        0        0        0        0        0        0        0        0        0        0
        0        0        0        0        0        0        0        0        0        0
        0        0        0        0        0        0        0        0        0        0
        0        0        0        0        0        0        0        0        0        0
        0        0        0        0        0        0        0        0        0        0
        0        0        0        0        0        0        0        0        0        0
        0        0        0        0        0        0        0        0        0        0
        0        0        0        0        0        0        0        0        0        0
        0        0        0        0        0        0        0        0        0        0
        0        0        0        0        0        0        0        0        0        0
        0        0        0        0        0        0        0        0        0        0
        0        0        0        0        0        0        0        0        0        0
        0        0        0        0        0        0        0        0        0        0
        0        0        0        0        0        0        0        0        0        0
        0        0        0        0        0        0        0        0        0        0
        0        0        0        0        0        0        0        0        0        0
        0        0        0        0        0        0        0        0        0        0
        0        0        0        0        0        0        0        0        0        0
        0        0        0        0        0        0        0        0        0        0
        0        0        0        0        0        0        0        0        0        0
        0        0        0        0        0        0        0        0        0        0
        0        0        0        0        0        0        0        0        0        0
        0        0        0        0        0        0        0        0        0        0
        0        0        0        0        0        0        0        0        0        0
        0        0        0        0        0        0        0        0        0        0
        0        0        0        0        0        0        0        0        0        0
        0        0        0        0        0        0        0        0        0        0
        0        0        0        0        0        0        0        0        0        0
        0        0        0        0        0        0        0        0        0        0
        0        0        0        0        0        0        0        0        0        0
        0        0        0        0        0        0        0        0        0        0
        0        0        0        0        0        0        0        0        0        0
        0        0        0        0        0        0        0        0        0        0
        0        0        0        0        0        0        0        0        0        0
        0        0        0        0        0        0        0        0        0        0
        0        0        0        0        0        0        0        0        0        0
        0        0        0        0        0        0        0        0        0        0
        0        0        0        0        0        0        0        0        0        0
        0        0        0        0        0        0        0        0        0        0
        0        0        0        0        0        0        0        0        0        0
        0        0        0        0        0        0        0        0        0        0
        0        0        0        0        0        0        0        0        0        0
        0        0        0        0        0        0        0        0        0        0
        0        0        0        0        0        0        0        0        0        0
        0        0        0        0        0        0        0        0        0        0
        0        0        0        0        0        0        0        0        0        0
        0        0        0        0        0        0        0        0        0        0
        0        0        0        0        0        0        0        0        0        0
        0        0        0        0        0        0        0        0        0        0
        0        0        0        0        0        0        0        0        0        0
        0        0        0        0        0        0        0        0        0        0
        0        0        0        0        0        0        0        0        0        0
        0        0        0        0        0        0        0        0        0        0
        0        0        0        0        0        0        0        0        0        0
        0        0        0        0        0        0        0        0        0        0
        0        0        0        0        0        0        0        0        0        0
        0        0        0        0        0        0        0        0        0        0
        0        0        0        0        0        0        0        0        0        0
        0        0        0        0        0        0        0        0        0        0
        0        0        0        0        0        0        0        0        0        0
        0        0        0        0        0        0        0        0        0        0
        0        0        0        0        0        0        0        0        0        0
        0        0        0        0        0        0        0        0        0        0
        0        0        0        0        0        0        0        0        0        0
        0        0        0        0        0        0        0        0        0        0
        0        0        0        0        0        0        0        0        0        0
        0        0        0        0        0        0        0        0        0        0
        0        0        0        0        0        0        0        0        0        0
        0        0        0        0        0        0        0        0        0        0
        0        0        0        0        0        0        0        0        0        0
        0        0        0        0        0        0        0        0        0        0
        0        0        0        0        0        0        0        0        0        0
        0        0        0        0        0        0        0        0        0        0
        0        0        0        0        0        0        0        0        0        0
        0        0        0        0        0        0        0        0        0        0
        0        0        0        0        0        0        0        0        0        0
        0        0        0        0        0        0        0        0        0        0
        0        0        0        0        0        0        0        0        0        0
        0        0        0        0        0        0        0        0        0        0
        0        0        0        0        0        0        0        0        0        0
        0        0        0        0        0        0        0        0        0        0
        0        0        0        0        0        0        0        0        0        0
        0        0        0        0        0        0        0        0        0        0
        0        0        0        0        0        0        0        0        0        0
      nan        0        0        0        0        0        0        0        0        0
      nan        0        0        0        0        0        0        0        0        0
      nan        0        0        0        0        0        0        0        0   0.1111
      nan        0        0        0        0        0        0        0        0        0
      nan        0   0.5000   0.3333   0.5000   0.4000   0.3333   0.2857   0.2500   0.2222
      nan        0        0        0        0        0        0        0        0        0
      nan        0        0        0        0        0        0        0        0        0
      nan        0        0   0.3333   0.2500   0.2000   0.1667   0.1429   0.1250   0.1111
      nan        0        0        0        0        0        0        0        0        0
      nan        0        0        0        0        0        0        0        0        0
      inf   1.0000   0.5000   0.3333   0.2500   0.2000   0.1667   0.1429   0.2500   0.3333
      inf   1.0000   0.5000   0.3333   0.5000   0.4000   0.3333   0.2857   0.2500   0.2222
      nan        0        0        0        0        0        0        0        0        0
      nan        0        0        0        0        0        0        0        0        0
      nan        0        0        0        0        0        0        0        0        0
      nan        0        0        0        0        0        0        0        0        0
      nan        0        0        0        0        0        0        0        0        0
      nan        0   0.5000   0.3333   0.2500   0.2000   0.1667   0.1429   0.1250   0.1111
      nan        0        0        0        0        0        0        0        0        0
      inf   1.0000   0.5000   0.3333   0.2500   0.2000   0.1667   0.1429   0.1250   0.1111
      nan        0        0        0        0        0        0        0        0        0
      inf   1.0000   0.5000   0.3333   0.5000   0.6000   0.5000   0.4286   0.3750   0.3333
      nan        0        0        0        0        0        0        0   0.1250   0.1111
      nan        0        0        0        0        0   0.1667   0.1429   0.1250   0.1111
      nan        0        0        0        0        0        0        0        0        0
      inf   1.0000   0.5000   0.3333   0.2500   0.2000   0.1667   0.1429   0.1250   0.2222
      nan        0        0        0        0        0        0        0        0        0
      nan        0        0   0.3333   0.2500   0.2000   0.1667   0.1429   0.1250   0.1111
      nan        0        0        0        0        0        0        0        0        0
      nan        0        0        0        0        0        0   0.1429   0.1250   0.1111

