   2.0000
   2.0050
   2.0100
   2.0150
   2.0200
   2.0250
   2.0300
   2.0350
   2.0400
   2.0450
   2.0500
   2.0550
   2.0600
   2.0650
   2.0700
   2.0750
   2.0800
   2.0850
   2.0900
   2.0950
   2.1000
   2.1050
   2.1100
   2.1150
   2.1200
   2.1250
   2.1300
   2.1350
   2.1400
   2.1450
   2.1500
   2.1550
   2.1600
   2.1650
   2.1700
   2.1750
   2.1800
   2.1850
   2.1900
   2.1950
   2.2000
   2.2050
   2.2100
   2.2150
   2.2200
   2.2250
   2.2300
   2.2350
   2.2400
   2.2450
   2.2500
   2.2550
   2.2600
   2.2650
   2.2700
   2.2750
   2.2800
   2.2850
   2.2900
   2.2950
   2.3000
   2.3050
   2.3100
   2.3150
   2.3200
   2.3250
   2.3300
   2.3350
   2.3400
   2.3450
   2.3500
   2.3550
   2.3600
   2.3650
   2.3700
   2.3750
   2.3800
   2.3850
   2.3900
   2.3950
   2.4000
   2.4050
   2.4100
   2.4150
   2.4200
   2.4250
   2.4300
   2.4350
   2.4400
   2.4450
   2.4500
   2.4550
   2.4600
   2.4650
   2.4700
   2.4750
   2.4800
   2.4850
   2.4900
   2.4950
   2.5000
   2.5050
   2.5100
   2.5150
   2.5200
   2.5250
   2.5300
   2.5350
   2.5400
   2.5450
   2.5500
   2.5550
   2.5600
   2.5650
   2.5700
   2.5750
   2.5800
   2.5850
   2.5900
   2.5950

     -inf  -1.7208  -1.7319  -1.7411  -1.7441  -1.7435  -1.7458  -1.7469  -1.7496  -1.7485
     -inf  -1.7253  -1.7317  -1.7369  -1.7381  -1.7377  -1.7391  -1.7382  -1.7373  -1.7384
     -inf  -1.7475  -1.7408  -1.7286  -1.7293  -1.7286  -1.7329  -1.7335  -1.7345  -1.7359
     -inf  -1.7472  -1.7330  -1.7270  -1.7207  -1.7221  -1.7251  -1.7263  -1.7301  -1.7300
     -inf  -1.7294  -1.7169  -1.7158  -1.7221  -1.7271  -1.7277  -1.7271  -1.7285  -1.7301
     -inf  -1.7358  -1.7271  -1.7296  -1.7355  -1.7266  -1.7278  -1.7276  -1.7289  -1.7301
     -inf  -1.7239  -1.7208  -1.7207  -1.7194  -1.7176  -1.7214  -1.7239  -1.7231  -1.7233
     -inf  -1.7272  -1.7256  -1.7263  -1.7226  -1.7225  -1.7216  -1.7218  -1.7185  -1.7195
     -inf  -1.7079  -1.7171  -1.7179  -1.7133  -1.7145  -1.7158  -1.7158  -1.7163  -1.7136
     -inf  -1.6851  -1.6985  -1.7015  -1.7023  -1.7084  -1.7127  -1.7098  -1.7104  -1.7100
     -inf  -1.7165  -1.7045  -1.7048  -1.6985  -1.6968  -1.6997  -1.7027  -1.7059  -1.7044
     -inf  -1.7022  -1.7087  -1.6895  -1.6899  -1.6942  -1.6953  -1.7009  -1.7034  -1.6984
     -inf  -1.6567  -1.6746  -1.6827  -1.6788  -1.6814  -1.6754  -1.6771  -1.6813  -1.6852
     -inf  -1.7283  -1.7166  -1.7152  -1.7097  -1.7110  -1.7047  -1.7045  -1.7012  -1.7025
     -inf  -1.7081  -1.7064  -1.7012  -1.7024  -1.7012  -1.6998  -1.6947  -1.6952  -1.6957
     -inf  -1.6784  -1.6893  -1.6895  -1.6914  -1.6915  -1.6900  -1.6896  -1.6898  -1.6901
     -inf  -1.6783  -1.6947  -1.6973  -1.6936  -1.6888  -1.6850  -1.6844  -1.6863  -1.6871
     -inf  -1.6724  -1.6828  -1.6812  -1.6727  -1.6810  -1.6850  -1.6828  -1.6825  -1.6827
     -inf  -1.6744  -1.6658  -1.6530  -1.6528  -1.6629  -1.6649  -1.6692  -1.6709  -1.6692
     -inf  -1.6803  -1.6749  -1.6755  -1.6706  -1.6730  -1.6699  -1.6712  -1.6738  -1.6734
     -inf  -1.6583  -1.6599  -1.6726  -1.6708  -1.6636  -1.6620  -1.6668  -1.6685  -1.6685
     -inf  -1.6330  -1.6425  -1.6494  -1.6530  -1.6555  -1.6566  -1.6495  -1.6494  -1.6511
     -inf  -1.6539  -1.6614  -1.6723  -1.6729  -1.6669  -1.6633  -1.6587  -1.6575  -1.6589
     -inf  -1.6360  -1.6264  -1.6457  -1.6489  -1.6500  -1.6481  -1.6526  -1.6564  -1.6555
     -inf  -1.6568  -1.6670  -1.6585  -1.6537  -1.6578  -1.6522  -1.6448  -1.6500  -1.6490
     -inf  -1.6424  -1.6346  -1.6363  -1.6401  -1.6377  -1.6376  -1.6335  -1.6311  -1.6317
     -inf  -1.6473  -1.6342  -1.6359  -1.6377  -1.6350  -1.6369  -1.6391  -1.6397  -1.6412
     -inf  -1.6253  -1.6467  -1.6598  -1.6550  -1.6534  -1.6499  -1.6458  -1.6435  -1.6440
     -inf  -1.6434  -1.6419  -1.6400  -1.6313  -1.6279  -1.6212  -1.6207  -1.6200  -1.6239
        0        0        0        0        0        0        0        0        0        0
        0        0        0        0        0        0        0        0        0        0
        0        0        0        0        0        0        0        0        0        0
        0        0        0        0        0        0        0        0        0        0
        0        0        0        0        0        0        0        0        0        0
        0        0        0        0        0        0        0        0        0        0
        0        0        0        0        0        0        0        0        0        0
        0        0        0        0        0        0        0        0        0        0
        0        0        0        0        0        0        0        0        0        0
        0        0        0        0        0        0        0        0        0        0
        0        0        0        0        0        0        0        0        0        0
        0        0        0        0        0        0        0        0        0        0
        0        0        0        0        0        0        0        0        0        0
        0        0        0        0        0        0        0        0        0        0
        0        0        0        0        0        0        0        0        0        0
        0        0        0        0        0        0        0        0        0        0
        0        0        0        0        0        0        0        0        0        0
        0        0        0        0        0        0        0        0        0        0
        0        0        0        0        0        0        0        0        0        0
        0        0        0        0        0        0        0        0        0        0
        0        0        0        0        0        0        0        0        0        0
        0        0        0        0        0        0        0        0        0        0
        0        0        0        0        0        0        0        0        0        0
        0        0        0        0        0        0        0        0        0        0
        0        0        0        0        0        0        0        0        0        0
        0        0        0        0        0        0        0        0        0        0
        0        0        0        0        0        0        0        0        0        0
        0        0        0        0        0        0        0        0        0        0
        0        0        0        0        0        0        0        0        0        0
        0        0        0        0        0        0        0        0        0        0
        0        0        0        0        0        0        0        0        0        0
        0        0        0        0        0        0        0        0        0        0
        0        0        0        0        0        0        0        0        0        0
        0        0        0        0        0        0        0        0        0        0
        0        0        0        0        0        0        0        0        0        0
        0        0        0        0        0        0        0        0        0        0
        0        0        0        0        0        0        0        0        0        0
        0        0        0        0        0        0        0        0        0        0
        0        0        0        0        0        0        0        0        0        0
        0        0        0        0        0        0        0        0        0        0
        0        0        0        0        0        0        0        0        0        0
        0        0        0        0        0        0        0        0        0        0
        0        0        0        0        0        0        0        0        0        0
        0        0        0        0        0        0        0        0        0        0
        0        0        0        0        0        0        0        0        0        0
        0        0        0        0        0        0        0        0        0        0
        0        0        0        0        0        0        0        0        0        0
        0        0        0        0        0        0        0        0        0        0
        0        0        0        0        0        0        0        0        0        0
        0        0        0        0        0        0        0        0        0        0
        0        0        0        0        0        0        0        0        0        0
        0        0        0        0        0        0        0        0        0        0
        0        0        0        0        0        0        0        0        0        0
        0        0        0        0        0        0        0        0        0        0
        0        0        0        0        0        0        0        0        0        0
        0        0        0        0        0        0        0        0        0        0
        0        0        0        0        0        0        0        0        0        0
        0        0        0        0        0        0        0        0        0        0
        0        0        0        0        0        0        0        0        0        0
        0        0        0        0        0        0        0        0        0        0
        0        0        0        0        0        0        0        0        0        0
        0        0        0        0        0        0        0        0        0        0
        0        0        0        0        0        0        0        0        0        0
        0        0        0        0        0        0        0        0        0        0
        0        0        0        0        0        0        0        0        0        0
        0        0        0        0        0        0        0        0        0        0
        0        0        0        0        0        0        0        0        0        0
        0        0        0        0        0        0        0        0        0        0
        0        0        0        0        0        0        0        0        0        0
        0        0        0        0        0        0        0        0        0        0
        0        0        0        0        0        0        0        0        0        0
        0        0        0        0        0        0        0        0        0        0
        0        0        0        0        0        0        0        0        0        0
        0        0        0        0        0        0        0        0        0        0
        0        0        0        0        0        0        0        0        0        0
        0        0        0        0        0        0        0        0        0        0
        0        0        0        0        0        0        0        0        0        0
        0        0        0        0        0        0        0        0        0        0
        0        0        0        0        0        0        0        0        0        0
        0        0        0        0        0        0        0        0        0        0
        0        0        0        0        0        0        0        0        0        0
        0        0        0        0        0        0        0        0        0        0
        0        0        0        0        0        0        0        0        0        0
        0        0        0        0        0        0        0        0        0        0
        0        0        0        0        0        0        0        0        0        0
        0        0        0        0        0        0        0        0        0        0
        0        0        0        0        0        0        0        0        0        0
        0        0        0        0        0        0        0        0        0        0
        0        0        0        0        0        0        0        0        0        0
        0        0        0        0        0        0        0        0        0        0
        0        0        0        0        0        0        0        0        0        0

      inf   0.8870   0.8990   0.9044   0.9070   0.9078   0.9092   0.9103   0.9120   0.9116
      inf   0.9011   0.9055   0.9076   0.9085   0.9082   0.9089   0.9085   0.9082   0.9089
      inf   0.9177   0.9136   0.9038   0.9046   0.9024   0.9050   0.9061   0.9068   0.9072
      inf   0.9120   0.8998   0.8997   0.8920   0.8950   0.8975   0.8993   0.9018   0.9020
      inf   0.9062   0.8959   0.8934   0.8982   0.9009   0.9012   0.9019   0.9032   0.9046
      inf   0.9096   0.9031   0.9043   0.9083   0.9037   0.9047   0.9045   0.9047   0.9055
      inf   0.9011   0.9023   0.9032   0.9031   0.9022   0.9037   0.9054   0.9045   0.9044
      inf   0.9066   0.9049   0.9037   0.9021   0.9025   0.9023   0.9028   0.9001   0.9005
      inf   0.8955   0.9010   0.9016   0.8980   0.8991   0.8996   0.8995   0.8999   0.8982
      inf   0.8860   0.8891   0.8865   0.8877   0.8924   0.8958   0.8945   0.8952   0.8953
      inf   0.9017   0.8899   0.8893   0.8853   0.8860   0.8879   0.8904   0.8926   0.8918
      inf   0.8866   0.8931   0.8751   0.8785   0.8831   0.8846   0.8885   0.8899   0.8869
      inf   0.8630   0.8734   0.8787   0.8784   0.8794   0.8729   0.8735   0.8768   0.8796
      inf   0.9073   0.8990   0.9007   0.8979   0.8984   0.8941   0.8950   0.8935   0.8945
      inf   0.8968   0.8953   0.8898   0.8916   0.8917   0.8894   0.8868   0.8873   0.8883
      inf   0.8743   0.8837   0.8841   0.8863   0.8871   0.8865   0.8869   0.8871   0.8865
      inf   0.8843   0.8943   0.8950   0.8934   0.8879   0.8854   0.8851   0.8865   0.8873
      inf   0.8784   0.8847   0.8848   0.8782   0.8815   0.8831   0.8797   0.8800   0.8804
      inf   0.8847   0.8743   0.8572   0.8504   0.8599   0.8633   0.8675   0.8694   0.8679
      inf   0.8833   0.8773   0.8779   0.8708   0.8741   0.8734   0.8748   0.8769   0.8769
      inf   0.8658   0.8718   0.8793   0.8763   0.8727   0.8721   0.8756   0.8768   0.8775
      inf   0.8468   0.8575   0.8625   0.8657   0.8686   0.8680   0.8610   0.8602   0.8619
      inf   0.8649   0.8712   0.8790   0.8794   0.8734   0.8698   0.8666   0.8664   0.8678
      inf   0.8516   0.8408   0.8556   0.8603   0.8628   0.8622   0.8660   0.8689   0.8685
      inf   0.8752   0.8811   0.8731   0.8690   0.8710   0.8645   0.8570   0.8607   0.8612
      inf   0.8638   0.8578   0.8596   0.8638   0.8620   0.8615   0.8574   0.8547   0.8555
      inf   0.8698   0.8621   0.8638   0.8648   0.8602   0.8622   0.8642   0.8644   0.8655
      inf   0.8426   0.8628   0.8729   0.8706   0.8704   0.8677   0.8632   0.8603   0.8615
      inf   0.8667   0.8637   0.8634   0.8546   0.8534   0.8480   0.8474   0.8480   0.8499
        0        0        0        0        0        0        0        0        0        0
        0        0        0        0        0        0        0        0        0        0
        0        0        0        0        0        0        0        0        0        0
        0        0        0        0        0        0        0        0        0        0
        0        0        0        0        0        0        0        0        0        0
        0        0        0        0        0        0        0        0        0        0
        0        0        0        0        0        0        0        0        0        0
        0        0        0        0        0        0        0        0        0        0
        0        0        0        0        0        0        0        0        0        0
        0        0        0        0        0        0        0        0        0        0
        0        0        0        0        0        0        0        0        0        0
        0        0        0        0        0        0        0        0        0        0
        0        0        0        0        0        0        0        0        0        0
        0        0        0        0        0        0        0        0        0        0
        0        0        0        0        0        0        0        0        0        0
        0        0        0        0        0        0        0        0        0        0
        0        0        0        0        0        0        0        0        0        0
        0        0        0        0        0        0        0        0        0        0
        0        0        0        0        0        0        0        0        0        0
        0        0        0        0        0        0        0        0        0        0
        0        0        0        0        0        0        0        0        0        0
        0        0        0        0        0        0        0        0        0        0
        0        0        0        0        0        0        0        0        0        0
        0        0        0        0        0        0        0        0        0        0
        0        0        0        0        0        0        0        0        0        0
        0        0        0        0        0        0        0        0        0        0
        0        0        0        0        0        0        0        0        0        0
        0        0        0        0        0        0        0        0        0        0
        0        0        0        0        0        0        0        0        0        0
        0        0        0        0        0        0        0        0        0        0
        0        0        0        0        0        0        0        0        0        0
        0        0        0        0        0        0        0        0        0        0
        0        0        0        0        0        0        0        0        0        0
        0        0        0        0        0        0        0        0        0        0
        0        0        0        0        0        0        0        0        0        0
        0        0        0        0        0        0        0        0        0        0
        0        0        0        0        0        0        0        0        0        0
        0        0        0        0        0        0        0        0        0        0
        0        0        0        0        0        0        0        0        0        0
        0        0        0        0        0        0        0        0        0        0
        0        0        0        0        0        0        0        0        0        0
        0        0        0        0        0        0        0        0        0        0
        0        0        0        0        0        0        0        0        0        0
        0        0        0        0        0        0        0        0        0        0
        0        0        0        0        0        0        0        0        0        0
        0        0        0        0        0        0        0        0        0        0
        0        0        0        0        0        0        0        0        0        0
        0        0        0        0        0        0        0        0        0        0
        0        0        0        0        0        0        0        0        0        0
        0        0        0        0        0        0        0        0        0        0
        0        0        0        0        0        0        0        0        0        0
        0        0        0        0        0        0        0        0        0        0
        0        0        0        0        0        0        0        0        0        0
        0        0        0        0        0        0        0        0        0        0
        0        0        0        0        0        0        0        0        0        0
        0        0        0        0        0        0        0        0        0        0
        0        0        0        0        0        0        0        0        0        0
        0        0        0        0        0        0        0        0        0        0
        0        0        0        0        0        0        0        0        0        0
        0        0        0        0        0        0        0        0        0        0
        0        0        0        0        0        0        0        0        0        0
        0        0        0        0        0        0        0        0        0        0
        0        0        0        0        0        0        0        0        0        0
        0        0        0        0        0        0        0        0        0        0
        0        0        0        0        0        0        0        0        0        0
        0        0        0        0        0        0        0        0        0        0
        0        0        0        0        0        0        0        0        0        0
        0        0        0        0        0        0        0        0        0        0
        0        0        0        0        0        0        0        0        0        0
        0        0        0        0        0        0        0        0        0        0
        0        0        0        0        0        0        0        0        0        0
        0        0        0        0        0        0        0        0        0        0
        0        0        0        0        0        0        0        0        0        0
        0        0        0        0        0        0        0        0        0        0
        0        0        0        0        0        0        0        0        0        0
        0        0        0        0        0        0        0        0        0        0
        0        0        0        0        0        0        0        0        0        0
        0        0        0        0        0        0        0        0        0        0
        0        0        0        0        0        0        0        0        0        0
        0        0        0        0        0        0        0        0        0        0
        0        0        0        0        0        0        0        0        0        0
        0        0        0        0        0        0        0        0        0        0
        0        0        0        0        0        0        0        0        0        0
        0        0        0        0        0        0        0        0        0        0
        0        0        0        0        0        0        0        0        0        0
        0        0        0        0        0        0        0        0        0        0
        0        0        0        0        0        0        0        0        0        0
        0        0        0        0        0        0        0        0        0        0
        0        0        0        0        0        0        0        0        0        0
        0        0        0        0        0        0        0        0        0        0
        0        0        0        0        0        0        0        0        0        0

      inf   0.8870   0.8990   0.9044   0.9070   0.9078   0.9092   0.9103   0.9120   0.9116
      inf   0.9011   0.9055   0.9076   0.9085   0.9082   0.9089   0.9085   0.9082   0.9089
      inf   0.9177   0.9136   0.9038   0.9046   0.9024   0.9050   0.9061   0.9068   0.9072
      inf   0.9120   0.8998   0.8997   0.8920   0.8950   0.8975   0.8993   0.9018   0.9020
      inf   0.9062   0.8959   0.8934   0.8982   0.9009   0.9012   0.9019   0.9032   0.9046
      inf   0.9096   0.9031   0.9043   0.9083   0.9037   0.9047   0.9045   0.9047   0.9055
      inf   0.9011   0.9023   0.9032   0.9031   0.9022   0.9037   0.9054   0.9045   0.9044
      inf   0.9066   0.9049   0.9037   0.9021   0.9025   0.9023   0.9028   0.9001   0.9005
      inf   0.8955   0.9010   0.9016   0.8980   0.8991   0.8996   0.8995   0.8999   0.8982
      inf   0.8860   0.8891   0.8865   0.8877   0.8924   0.8958   0.8945   0.8952   0.8953
      inf   0.9017   0.8899   0.8893   0.8853   0.8860   0.8879   0.8904   0.8926   0.8918
      inf   0.8866   0.8931   0.8751   0.8785   0.8831   0.8846   0.8885   0.8899   0.8869
      inf   0.8630   0.8734   0.8787   0.8784   0.8794   0.8729   0.8735   0.8768   0.8796
      inf   0.9073   0.8990   0.9007   0.8979   0.8984   0.8941   0.8950   0.8935   0.8945
      inf   0.8968   0.8953   0.8898   0.8916   0.8917   0.8894   0.8868   0.8873   0.8883
      inf   0.8743   0.8837   0.8841   0.8863   0.8871   0.8865   0.8869   0.8871   0.8865
      inf   0.8843   0.8943   0.8950   0.8934   0.8879   0.8854   0.8851   0.8865   0.8873
      inf   0.8784   0.8847   0.8848   0.8782   0.8815   0.8831   0.8797   0.8800   0.8804
      inf   0.8847   0.8743   0.8572   0.8504   0.8599   0.8633   0.8675   0.8694   0.8679
      inf   0.8833   0.8773   0.8779   0.8708   0.8741   0.8734   0.8748   0.8769   0.8769
      inf   0.8658   0.8718   0.8793   0.8763   0.8727   0.8721   0.8756   0.8768   0.8775
      inf   0.8468   0.8575   0.8625   0.8657   0.8686   0.8680   0.8610   0.8602   0.8619
      inf   0.8649   0.8712   0.8790   0.8794   0.8734   0.8698   0.8666   0.8664   0.8678
      inf   0.8516   0.8408   0.8556   0.8603   0.8628   0.8622   0.8660   0.8689   0.8685
      inf   0.8752   0.8811   0.8731   0.8690   0.8710   0.8645   0.8570   0.8607   0.8612
      inf   0.8638   0.8578   0.8596   0.8638   0.8620   0.8615   0.8574   0.8547   0.8555
      inf   0.8698   0.8621   0.8638   0.8648   0.8602   0.8622   0.8642   0.8644   0.8655
      inf   0.8426   0.8628   0.8729   0.8706   0.8704   0.8677   0.8632   0.8603   0.8615
      inf   0.8667   0.8637   0.8634   0.8546   0.8534   0.8480   0.8474   0.8480   0.8499
        0        0        0        0        0        0        0        0        0        0
        0        0        0        0        0        0        0        0        0        0
        0        0        0        0        0        0        0        0        0        0
        0        0        0        0        0        0        0        0        0        0
        0        0        0        0        0        0        0        0        0        0
        0        0        0        0        0        0        0        0        0        0
        0        0        0        0        0        0        0        0        0        0
        0        0        0        0        0        0        0        0        0        0
        0        0        0        0        0        0        0        0        0        0
        0        0        0        0        0        0        0        0        0        0
        0        0        0        0        0        0        0        0        0        0
        0        0        0        0        0        0        0        0        0        0
        0        0        0        0        0        0        0        0        0        0
        0        0        0        0        0        0        0        0        0        0
        0        0        0        0        0        0        0        0        0        0
        0        0        0        0        0        0        0        0        0        0
        0        0        0        0        0        0        0        0        0        0
        0        0        0        0        0        0        0        0        0        0
        0        0        0        0        0        0        0        0        0        0
        0        0        0        0        0        0        0        0        0        0
        0        0        0        0        0        0        0        0        0        0
        0        0        0        0        0        0        0        0        0        0
        0        0        0        0        0        0        0        0        0        0
        0        0        0        0        0        0        0        0        0        0
        0        0        0        0        0        0        0        0        0        0
        0        0        0        0        0        0        0        0        0        0
        0        0        0        0        0        0        0        0        0        0
        0        0        0        0        0        0        0        0        0        0
        0        0        0        0        0        0        0        0        0        0
        0        0        0        0        0        0        0        0        0        0
        0        0        0        0        0        0        0        0        0        0
        0        0        0        0        0        0        0        0        0        0
        0        0        0        0        0        0        0        0        0        0
        0        0        0        0        0        0        0        0        0        0
        0        0        0        0        0        0        0        0        0        0
        0        0        0        0        0        0        0        0        0        0
        0        0        0        0        0        0        0        0        0        0
        0        0        0        0        0        0        0        0        0        0
        0        0        0        0        0        0        0        0        0        0
        0        0        0        0        0        0        0        0        0        0
        0        0        0        0        0        0        0        0        0        0
        0        0        0        0        0        0        0        0        0        0
        0        0        0        0        0        0        0        0        0        0
        0        0        0        0        0        0        0        0        0        0
        0        0        0        0        0        0        0        0        0        0
        0        0        0        0        0        0        0        0        0        0
        0        0        0        0        0        0        0        0        0        0
        0        0        0        0        0        0        0        0        0        0
        0        0        0        0        0        0        0        0        0        0
        0        0        0        0        0        0        0        0        0        0
        0        0        0        0        0        0        0        0        0        0
        0        0        0        0        0        0        0        0        0        0
        0        0        0        0        0        0        0        0        0        0
        0        0        0        0        0        0        0        0        0        0
        0        0        0        0        0        0        0        0        0        0
        0        0        0        0        0        0        0        0        0        0
        0        0        0        0        0        0        0        0        0        0
        0        0        0        0        0        0        0        0        0        0
        0        0        0        0        0        0        0        0        0        0
        0        0        0        0        0        0        0        0        0        0
        0        0        0        0        0        0        0        0        0        0
        0        0        0        0        0        0        0        0        0        0
        0        0        0        0        0        0        0        0        0        0
        0        0        0        0        0        0        0        0        0        0
        0        0        0        0        0        0        0        0        0        0
        0        0        0        0        0        0        0        0        0        0
        0        0        0        0        0        0        0        0        0        0
        0        0        0        0        0        0        0        0        0        0
        0        0        0        0        0        0        0        0        0        0
        0        0        0        0        0        0        0        0        0        0
        0        0        0        0        0        0        0        0        0        0
        0        0        0        0        0        0        0        0        0        0
        0        0        0        0        0        0        0        0        0        0
        0        0        0        0        0        0        0        0        0        0
        0        0        0        0        0        0        0        0        0        0
        0        0        0        0        0        0        0        0        0        0
        0        0        0        0        0        0        0        0        0        0
        0        0        0        0        0        0        0        0        0        0
        0        0        0        0        0        0        0        0        0        0
        0        0        0        0        0        0        0        0        0        0
        0        0        0        0        0        0        0        0        0        0
        0        0        0        0        0        0        0        0        0        0
        0        0        0        0        0        0        0        0        0        0
        0        0        0        0        0        0        0        0        0        0
        0        0        0        0        0        0        0        0        0        0
        0        0        0        0        0        0        0        0        0        0
        0        0        0        0        0        0        0        0        0        0
        0        0        0        0        0        0        0        0        0        0
        0        0        0        0        0        0        0        0        0        0
        0        0        0        0        0        0        0        0        0        0
        0        0        0        0        0        0        0        0        0        0

      nan   0.6065   0.6369   0.6643   0.6446   0.6115   0.5975   0.5917   0.6131   0.6035
      nan   0.5133   0.6120   0.6193   0.5974   0.5876   0.5687   0.6487   0.6375   0.6172
      nan   0.4128   0.5633   0.6703   0.6525   0.6310   0.6298   0.6310   0.6143   0.6335
      nan   0.5407   0.7567   0.7526   0.8087   0.7921   0.7965   0.7877   0.8142   0.8028
      nan   0.6953   0.6705   0.6343   0.6224   0.6304   0.6208   0.6228   0.6142   0.6143
      nan   0.5436   0.8375   0.8096   0.7920   1.0175   0.9425   0.9304   0.8715   0.8523
      nan   0.6799   0.7573   0.7215   0.7623   0.7365   0.8128   0.7788   0.7573   0.7483
      nan   0.4241   0.5907   0.6218   0.6328   0.6426   0.6176   0.5977   0.6342   0.6168
      nan   0.5844   0.6094   0.6157   0.5879   0.6215   0.6660   0.6902   0.6753   0.7032
      nan   0.7175   0.6951   0.6565   0.6508   0.6764   0.6969   0.6903   0.7113   0.7027
      nan   0.6640   0.5415   0.5131   0.6118   0.6736   0.7168   0.6854   0.7510   0.7682
      nan   0.4193   0.4491   0.7897   0.7878   0.7695   0.8230   0.8603   0.8312   0.9020
      nan   0.6537   1.0482   0.9070   0.8523   0.7988   0.8364   0.8441   0.8394   0.8570
      nan   0.6198   0.8676   0.7577   0.8180   0.8403   0.8623   0.8142   0.8437   0.8392
      nan   0.6175   0.5117   0.6352   0.6794   0.6427   0.7034   0.7581   0.7217   0.7152
      nan   0.7873   0.8983   1.0287   0.9030   0.8978   0.8605   0.8473   0.8548   0.8527
      nan   0.7586   0.7889   0.7707   0.7312   0.7389   0.7770   0.8047   0.7866   0.7938
      nan   0.5398   0.7098   0.6831   0.7695   0.7916   0.7951   0.7789   0.7536   0.7494
      nan   0.9177   0.7936   0.9402   0.8339   0.9060   0.8822   0.8713   0.8559   0.8166
      nan   0.5231   0.5934   0.7820   0.7754   0.8588   0.8286   0.7925   0.7669   0.8377
      nan   0.7413   0.6791   0.7348   0.8560   0.9754   0.9256   0.9320   0.8919   0.8625
      nan   1.0497   0.8635   0.8303   0.8100   0.7908   0.9577   1.0206   0.9586   0.9619
      nan   1.6471   1.1017   0.9766   0.8597   0.9361   0.8967   0.9692   0.9908   1.0125
      nan   0.7578   1.1587   1.2015   1.0800   1.0599   1.0358   1.0530   1.0712   1.1015
      nan   0.4133   0.4271   0.6071   0.6379   0.6926   0.7193   0.8768   0.9854   0.9393
      nan   1.1674   1.1252   1.0787   0.9445   1.0387   0.9623   0.9914   0.9938   0.9609
      nan   0.5319   1.0378   0.9528   1.0582   0.9434   0.9749   0.9266   0.9731   0.9360
      nan   0.5783   0.7811   0.8032   1.0119   0.9346   0.9078   0.8923   0.8770   0.8363
      nan   0.3541   0.4302   0.5280   0.9224   0.8503   0.9289   0.9106   0.8917   0.8889
        0        0        0        0        0        0        0        0        0        0
        0        0        0        0        0        0        0        0        0        0
        0        0        0        0        0        0        0        0        0        0
        0        0        0        0        0        0        0        0        0        0
        0        0        0        0        0        0        0        0        0        0
        0        0        0        0        0        0        0        0        0        0
        0        0        0        0        0        0        0        0        0        0
        0        0        0        0        0        0        0        0        0        0
        0        0        0        0        0        0        0        0        0        0
        0        0        0        0        0        0        0        0        0        0
        0        0        0        0        0        0        0        0        0        0
        0        0        0        0        0        0        0        0        0        0
        0        0        0        0        0        0        0        0        0        0
        0        0        0        0        0        0        0        0        0        0
        0        0        0        0        0        0        0        0        0        0
        0        0        0        0        0        0        0        0        0        0
        0        0        0        0        0        0        0        0        0        0
        0        0        0        0        0        0        0        0        0        0
        0        0        0        0        0        0        0        0        0        0
        0        0        0        0        0        0        0        0        0        0
        0        0        0        0        0        0        0        0        0        0
        0        0        0        0        0        0        0        0        0        0
        0        0        0        0        0        0        0        0        0        0
        0        0        0        0        0        0        0        0        0        0
        0        0        0        0        0        0        0        0        0        0
        0        0        0        0        0        0        0        0        0        0
        0        0        0        0        0        0        0        0        0        0
        0        0        0        0        0        0        0        0        0        0
        0        0        0        0        0        0        0        0        0        0
        0        0        0        0        0        0        0        0        0        0
        0        0        0        0        0        0        0        0        0        0
        0        0        0        0        0        0        0        0        0        0
        0        0        0        0        0        0        0        0        0        0
        0        0        0        0        0        0        0        0        0        0
        0        0        0        0        0        0        0        0        0        0
        0        0        0        0        0        0        0        0        0        0
        0        0        0        0        0        0        0        0        0        0
        0        0        0        0        0        0        0        0        0        0
        0        0        0        0        0        0        0        0        0        0
        0        0        0        0        0        0        0        0        0        0
        0        0        0        0        0        0        0        0        0        0
        0        0        0        0        0        0        0        0        0        0
        0        0        0        0        0        0        0        0        0        0
        0        0        0        0        0        0        0        0        0        0
        0        0        0        0        0        0        0        0        0        0
        0        0        0        0        0        0        0        0        0        0
        0        0        0        0        0        0        0        0        0        0
        0        0        0        0        0        0        0        0        0        0
        0        0        0        0        0        0        0        0        0        0
        0        0        0        0        0        0        0        0        0        0
        0        0        0        0        0        0        0        0        0        0
        0        0        0        0        0        0        0        0        0        0
        0        0        0        0        0        0        0        0        0        0
        0        0        0        0        0        0        0        0        0        0
        0        0        0        0        0        0        0        0        0        0
        0        0        0        0        0        0        0        0        0        0
        0        0        0        0        0        0        0        0        0        0
        0        0        0        0        0        0        0        0        0        0
        0        0        0        0        0        0        0        0        0        0
        0        0        0        0        0        0        0        0        0        0
        0        0        0        0        0        0        0        0        0        0
        0        0        0        0        0        0        0        0        0        0
        0        0        0        0        0        0        0        0        0        0
        0        0        0        0        0        0        0        0        0        0
        0        0        0        0        0        0        0        0        0        0
        0        0        0        0        0        0        0        0        0        0
        0        0        0        0        0        0        0        0        0        0
        0        0        0        0        0        0        0        0        0        0
        0        0        0        0        0        0        0        0        0        0
        0        0        0        0        0        0        0        0        0        0
        0        0        0        0        0        0        0        0        0        0
        0        0        0        0        0        0        0        0        0        0
        0        0        0        0        0        0        0        0        0        0
        0        0        0        0        0        0        0        0        0        0
        0        0        0        0        0        0        0        0        0        0
        0        0        0        0        0        0        0        0        0        0
        0        0        0        0        0        0        0        0        0        0
        0        0        0        0        0        0        0        0        0        0
        0        0        0        0        0        0        0        0        0        0
        0        0        0        0        0        0        0        0        0        0
        0        0        0        0        0        0        0        0        0        0
        0        0        0        0        0        0        0        0        0        0
        0        0        0        0        0        0        0        0        0        0
        0        0        0        0        0        0        0        0        0        0
        0        0        0        0        0        0        0        0        0        0
        0        0        0        0        0        0        0        0        0        0
        0        0        0        0        0        0        0        0        0        0
        0        0        0        0        0        0        0        0        0        0
        0        0        0        0        0        0        0        0        0        0
        0        0        0        0        0        0        0        0        0        0
        0        0        0        0        0        0        0        0        0        0

      nan   0.5523   0.5227   0.4607   0.4294   0.3918   0.3612   0.3382   0.3410   0.3318
      nan   0.2668   0.3017   0.2840   0.2899   0.2847   0.2694   0.2940   0.2890   0.2882
      nan   0.1825   0.2499   0.4461   0.3982   0.4303   0.4046   0.3823   0.3577   0.3609
      nan   0.2082   0.7518   0.6254   0.8619   0.7733   0.7136   0.6747   0.6566   0.6152
      nan   0.2390   0.3856   0.3860   0.3868   0.3699   0.3575   0.3438   0.3365   0.3336
      nan   0.2499   0.5156   0.4592   0.4222   0.5862   0.5274   0.5102   0.4652   0.4536
      nan   0.3126   0.3066   0.3005   0.3200   0.3071   0.3260   0.3092   0.3090   0.3104
      nan   0.1455   0.2481   0.2944   0.3012   0.2935   0.2741   0.2652   0.3207   0.3084
      nan   0.2878   0.2601   0.2686   0.2821   0.2859   0.3253   0.3397   0.3258   0.3568
      nan   0.2298   0.3133   0.3345   0.3358   0.3732   0.3911   0.3787   0.3881   0.3869
      nan   0.2339   0.3124   0.3158   0.4409   0.4512   0.4507   0.4346   0.4488   0.4659
      nan   0.3160   0.3770   0.9225   0.7971   0.7490   0.6999   0.7004   0.6488   0.7016
      nan   0.5543   0.7725   0.6397   0.5543   0.5219   0.6729   0.6874   0.6815   0.6910
      nan   0.1856   0.4953   0.3992   0.4008   0.4046   0.4795   0.4461   0.4591   0.4474
      nan   0.4331   0.3978   0.4435   0.4175   0.3836   0.5066   0.5289   0.4969   0.4757
      nan   0.4915   0.5824   0.5845   0.5000   0.4997   0.4597   0.4512   0.4592   0.4751
      nan   0.3850   0.3858   0.3613   0.3276   0.4474   0.4736   0.4718   0.4559   0.4492
      nan   0.2872   0.3583   0.3263   0.4806   0.4588   0.4856   0.5771   0.5374   0.5098
      nan   0.3864   0.4543   1.0212   1.1035   1.2017   1.0984   1.0597   0.9956   0.9264
      nan   0.2953   0.4094   0.5388   0.6705   0.6896   0.6438   0.6010   0.5743   0.6139
      nan   0.5707   0.4549   0.4822   0.5653   0.6423   0.5952   0.5994   0.5637   0.5327
      nan   1.2981   0.8643   0.7449   0.6504   0.6010   0.7797   1.0625   0.9833   0.9615
      nan   1.1600   0.7795   0.6912   0.6093   0.7979   0.7673   0.8535   0.8330   0.8252
      nan   0.8368   1.3961   1.3753   1.2135   1.1160   1.0234   0.9949   0.9609   0.9420
      nan   0.2547   0.2587   0.5449   0.5181   0.5058   0.6819   1.1250   1.1406   1.0514
      nan   0.5864   0.6267   0.6073   0.5469   0.6089   0.5462   0.6548   0.7129   0.7194
      nan   0.2313   0.4817   0.4327   0.5263   0.5302   0.5435   0.5274   0.5593   0.5316
      nan   0.4037   0.6440   0.6498   0.6952   0.6284   0.6783   0.7583   0.8164   0.7645
      nan   0.1467   0.2485   0.3143   0.8984   0.7807   0.8597   0.8478   0.8200   0.8035
        0        0        0        0        0        0        0        0        0        0
        0        0        0        0        0        0        0        0        0        0
        0        0        0        0        0        0        0        0        0        0
        0        0        0        0        0        0        0        0        0        0
        0        0        0        0        0        0        0        0        0        0
        0        0        0        0        0        0        0        0        0        0
        0        0        0        0        0        0        0        0        0        0
        0        0        0        0        0        0        0        0        0        0
        0        0        0        0        0        0        0        0        0        0
        0        0        0        0        0        0        0        0        0        0
        0        0        0        0        0        0        0        0        0        0
        0        0        0        0        0        0        0        0        0        0
        0        0        0        0        0        0        0        0        0        0
        0        0        0        0        0        0        0        0        0        0
        0        0        0        0        0        0        0        0        0        0
        0        0        0        0        0        0        0        0        0        0
        0        0        0        0        0        0        0        0        0        0
        0        0        0        0        0        0        0        0        0        0
        0        0        0        0        0        0        0        0        0        0
        0        0        0        0        0        0        0        0        0        0
        0        0        0        0        0        0        0        0        0        0
        0        0        0        0        0        0        0        0        0        0
        0        0        0        0        0        0        0        0        0        0
        0        0        0        0        0        0        0        0        0        0
        0        0        0        0        0        0        0        0        0        0
        0        0        0        0        0        0        0        0        0        0
        0        0        0        0        0        0        0        0        0        0
        0        0        0        0        0        0        0        0        0        0
        0        0        0        0        0        0        0        0        0        0
        0        0        0        0        0        0        0        0        0        0
        0        0        0        0        0        0        0        0        0        0
        0        0        0        0        0        0        0        0        0        0
        0        0        0        0        0        0        0        0        0        0
        0        0        0        0        0        0        0        0        0        0
        0        0        0        0        0        0        0        0        0        0
        0        0        0        0        0        0        0        0        0        0
        0        0        0        0        0        0        0        0        0        0
        0        0        0        0        0        0        0        0        0        0
        0        0        0        0        0        0        0        0        0        0
        0        0        0        0        0        0        0        0        0        0
        0        0        0        0        0        0        0        0        0        0
        0        0        0        0        0        0        0        0        0        0
        0        0        0        0        0        0        0        0        0        0
        0        0        0        0        0        0        0        0        0        0
        0        0        0        0        0        0        0        0        0        0
        0        0        0        0        0        0        0        0        0        0
        0        0        0        0        0        0        0        0        0        0
        0        0        0        0        0        0        0        0        0        0
        0        0        0        0        0        0        0        0        0        0
        0        0        0        0        0        0        0        0        0        0
        0        0        0        0        0        0        0        0        0        0
        0        0        0        0        0        0        0        0        0        0
        0        0        0        0        0        0        0        0        0        0
        0        0        0        0        0        0        0        0        0        0
        0        0        0        0        0        0        0        0        0        0
        0        0        0        0        0        0        0        0        0        0
        0        0        0        0        0        0        0        0        0        0
        0        0        0        0        0        0        0        0        0        0
        0        0        0        0        0        0        0        0        0        0
        0        0        0        0        0        0        0        0        0        0
        0        0        0        0        0        0        0        0        0        0
        0        0        0        0        0        0        0        0        0        0
        0        0        0        0        0        0        0        0        0        0
        0        0        0        0        0        0        0        0        0        0
        0        0        0        0        0        0        0        0        0        0
        0        0        0        0        0        0        0        0        0        0
        0        0        0        0        0        0        0        0        0        0
        0        0        0        0        0        0        0        0        0        0
        0        0        0        0        0        0        0        0        0        0
        0        0        0        0        0        0        0        0        0        0
        0        0        0        0        0        0        0        0        0        0
        0        0        0        0        0        0        0        0        0        0
        0        0        0        0        0        0        0        0        0        0
        0        0        0        0        0        0        0        0        0        0
        0        0        0        0        0        0        0        0        0        0
        0        0        0        0        0        0        0        0        0        0
        0        0        0        0        0        0        0        0        0        0
        0        0        0        0        0        0        0        0        0        0
        0        0        0        0        0        0        0        0        0        0
        0        0        0        0        0        0        0        0        0        0
        0        0        0        0        0        0        0        0        0        0
        0        0        0        0        0        0        0        0        0        0
        0        0        0        0        0        0        0        0        0        0
        0        0        0        0        0        0        0        0        0        0
        0        0        0        0        0        0        0        0        0        0
        0        0        0        0        0        0        0        0        0        0
        0        0        0        0        0        0        0        0        0        0
        0        0        0        0        0        0        0        0        0        0
        0        0        0        0        0        0        0        0        0        0
        0        0        0        0        0        0        0        0        0        0
        0        0        0        0        0        0        0        0        0        0

      nan   0.5523   0.5227   0.4607   0.4294   0.3918   0.3612   0.3382   0.3410   0.3318
      nan   0.2668   0.3017   0.2840   0.2899   0.2847   0.2694   0.2940   0.2890   0.2882
      nan   0.1825   0.2499   0.4461   0.3982   0.4303   0.4046   0.3823   0.3577   0.3609
      nan   0.2082   0.7518   0.6254   0.8619   0.7733   0.7136   0.6747   0.6566   0.6152
      nan   0.2390   0.3856   0.3860   0.3868   0.3699   0.3575   0.3438   0.3365   0.3336
      nan   0.2499   0.5156   0.4592   0.4222   0.5862   0.5274   0.5102   0.4652   0.4536
      nan   0.3126   0.3066   0.3005   0.3200   0.3071   0.3260   0.3092   0.3090   0.3104
      nan   0.1455   0.2481   0.2944   0.3012   0.2935   0.2741   0.2652   0.3207   0.3084
      nan   0.2878   0.2601   0.2686   0.2821   0.2859   0.3253   0.3397   0.3258   0.3568
      nan   0.2298   0.3133   0.3345   0.3358   0.3732   0.3911   0.3787   0.3881   0.3869
      nan   0.2339   0.3124   0.3158   0.4409   0.4512   0.4507   0.4346   0.4488   0.4659
      nan   0.3160   0.3770   0.9225   0.7971   0.7490   0.6999   0.7004   0.6488   0.7016
      nan   0.5543   0.7725   0.6397   0.5543   0.5219   0.6729   0.6874   0.6815   0.6910
      nan   0.1856   0.4953   0.3992   0.4008   0.4046   0.4795   0.4461   0.4591   0.4474
      nan   0.4331   0.3978   0.4435   0.4175   0.3836   0.5066   0.5289   0.4969   0.4757
      nan   0.4915   0.5824   0.5845   0.5000   0.4997   0.4597   0.4512   0.4592   0.4751
      nan   0.3850   0.3858   0.3613   0.3276   0.4474   0.4736   0.4718   0.4559   0.4492
      nan   0.2872   0.3583   0.3263   0.4806   0.4588   0.4856   0.5771   0.5374   0.5098
      nan   0.3864   0.4543   1.0212   1.1035   1.2017   1.0984   1.0597   0.9956   0.9264
      nan   0.2953   0.4094   0.5388   0.6705   0.6896   0.6438   0.6010   0.5743   0.6139
      nan   0.5707   0.4549   0.4822   0.5653   0.6423   0.5952   0.5994   0.5637   0.5327
      nan   1.2981   0.8643   0.7449   0.6504   0.6010   0.7797   1.0625   0.9833   0.9615
      nan   1.1600   0.7795   0.6912   0.6093   0.7979   0.7673   0.8535   0.8330   0.8252
      nan   0.8368   1.3961   1.3753   1.2135   1.1160   1.0234   0.9949   0.9609   0.9420
      nan   0.2547   0.2587   0.5449   0.5181   0.5058   0.6819   1.1250   1.1406   1.0514
      nan   0.5864   0.6267   0.6073   0.5469   0.6089   0.5462   0.6548   0.7129   0.7194
      nan   0.2313   0.4817   0.4327   0.5263   0.5302   0.5435   0.5274   0.5593   0.5316
      nan   0.4037   0.6440   0.6498   0.6952   0.6284   0.6783   0.7583   0.8164   0.7645
      nan   0.1467   0.2485   0.3143   0.8984   0.7807   0.8597   0.8478   0.8200   0.8035
        0        0        0        0        0        0        0        0        0        0
        0        0        0        0        0        0        0        0        0        0
        0        0        0        0        0        0        0        0        0        0
        0        0        0        0        0        0        0        0        0        0
        0        0        0        0        0        0        0        0        0        0
        0        0        0        0        0        0        0        0        0        0
        0        0        0        0        0        0        0        0        0        0
        0        0        0        0        0        0        0        0        0        0
        0        0        0        0        0        0        0        0        0        0
        0        0        0        0        0        0        0        0        0        0
        0        0        0        0        0        0        0        0        0        0
        0        0        0        0        0        0        0        0        0        0
        0        0        0        0        0        0        0        0        0        0
        0        0        0        0        0        0        0        0        0        0
        0        0        0        0        0        0        0        0        0        0
        0        0        0        0        0        0        0        0        0        0
        0        0        0        0        0        0        0        0        0        0
        0        0        0        0        0        0        0        0        0        0
        0        0        0        0        0        0        0        0        0        0
        0        0        0        0        0        0        0        0        0        0
        0        0        0        0        0        0        0        0        0        0
        0        0        0        0        0        0        0        0        0        0
        0        0        0        0        0        0        0        0        0        0
        0        0        0        0        0        0        0        0        0        0
        0        0        0        0        0        0        0        0        0        0
        0        0        0        0        0        0        0        0        0        0
        0        0        0        0        0        0        0        0        0        0
        0        0        0        0        0        0        0        0        0        0
        0        0        0        0        0        0        0        0        0        0
        0        0        0        0        0        0        0        0        0        0
        0        0        0        0        0        0        0        0        0        0
        0        0        0        0        0        0        0        0        0        0
        0        0        0        0        0        0        0        0        0        0
        0        0        0        0        0        0        0        0        0        0
        0        0        0        0        0        0        0        0        0        0
        0        0        0        0        0        0        0        0        0        0
        0        0        0        0        0        0        0        0        0        0
        0        0        0        0        0        0        0        0        0        0
        0        0        0        0        0        0        0        0        0        0
        0        0        0        0        0        0        0        0        0        0
        0        0        0        0        0        0        0        0        0        0
        0        0        0        0        0        0        0        0        0        0
        0        0        0        0        0        0        0        0        0        0
        0        0        0        0        0        0        0        0        0        0
        0        0        0        0        0        0        0        0        0        0
        0        0        0        0        0        0        0        0        0        0
        0        0        0        0        0        0        0        0        0        0
        0        0        0        0        0        0        0        0        0        0
        0        0        0        0        0        0        0        0        0        0
        0        0        0        0        0        0        0        0        0        0
        0        0        0        0        0        0        0        0        0        0
        0        0        0        0        0        0        0        0        0        0
        0        0        0        0        0        0        0        0        0        0
        0        0        0        0        0        0        0        0        0        0
        0        0        0        0        0        0        0        0        0        0
        0        0        0        0        0        0        0        0        0        0
        0        0        0        0        0        0        0        0        0        0
        0        0        0        0        0        0        0        0        0        0
        0        0        0        0        0        0        0        0        0        0
        0        0        0        0        0        0        0        0        0        0
        0        0        0        0        0        0        0        0        0        0
        0        0        0        0        0        0        0        0        0        0
        0        0        0        0        0        0        0        0        0        0
        0        0        0        0        0        0        0        0        0        0
        0        0        0        0        0        0        0        0        0        0
        0        0        0        0        0        0        0        0        0        0
        0        0        0        0        0        0        0        0        0        0
        0        0        0        0        0        0        0        0        0        0
        0        0        0        0        0        0        0        0        0        0
        0        0        0        0        0        0        0        0        0        0
        0        0        0        0        0        0        0        0        0        0
        0        0        0        0        0        0        0        0        0        0
        0        0        0        0        0        0        0        0        0        0
        0        0        0        0        0        0        0        0        0        0
        0        0        0        0        0        0        0        0        0        0
        0        0        0        0        0        0        0        0        0        0
        0        0        0        0        0        0        0        0        0        0
        0        0        0        0        0        0        0        0        0        0
        0        0        0        0        0        0        0        0        0        0
        0        0        0        0        0        0        0        0        0        0
        0        0        0        0        0        0        0        0        0        0
        0        0        0        0        0        0        0        0        0        0
        0        0        0        0        0        0        0        0        0        0
        0        0        0        0        0        0        0        0        0        0
        0        0        0        0        0        0        0        0        0        0
        0        0        0        0        0        0        0        0        0        0
        0        0        0        0        0        0        0        0        0        0
        0        0        0        0        0        0        0        0        0        0
        0        0        0        0        0        0        0        0        0        0
        0        0        0        0        0        0        0        0        0        0
        0        0        0        0        0        0        0        0        0        0

      inf   0.1644   0.1215   0.1066   0.0993   0.0953   0.0921   0.0902   0.0879   0.0872
      inf   0.1576   0.1202   0.1063   0.0996   0.0961   0.0932   0.0917   0.0907   0.0892
      inf   0.1528   0.1175   0.1096   0.1026   0.0990   0.0949   0.0928   0.0913   0.0901
      inf   0.1588   0.1229   0.1112   0.1068   0.1020   0.0987   0.0965   0.0940   0.0930
      inf   0.1599   0.1263   0.1147   0.1061   0.1008   0.0979   0.0963   0.0944   0.0927
      inf   0.1619   0.1251   0.1112   0.1029   0.1015   0.0984   0.0964   0.0947   0.0934
      inf   0.1622   0.1256   0.1131   0.1072   0.1036   0.1002   0.0977   0.0965   0.0955
      inf   0.1695   0.1286   0.1143   0.1082   0.1041   0.1015   0.0993   0.0991   0.0976
      inf   0.1725   0.1299   0.1159   0.1104   0.1061   0.1028   0.1011   0.0994   0.0992
      inf   0.1810   0.1360   0.1210   0.1141   0.1080   0.1042   0.1031   0.1015   0.1002
      inf   0.1782   0.1385   0.1231   0.1180   0.1139   0.1100   0.1067   0.1042   0.1035
      inf   0.1776   0.1336   0.1259   0.1184   0.1127   0.1096   0.1059   0.1038   0.1043
      inf   0.2012   0.1491   0.1310   0.1243   0.1189   0.1180   0.1152   0.1121   0.1097
      inf   0.1815   0.1381   0.1219   0.1159   0.1106   0.1095   0.1073   0.1066   0.1051
      inf   0.1856   0.1401   0.1267   0.1186   0.1139   0.1109   0.1101   0.1081   0.1068
      inf   0.1970   0.1469   0.1308   0.1219   0.1171   0.1144   0.1124   0.1106   0.1094
      inf   0.1894   0.1403   0.1253   0.1192   0.1164   0.1148   0.1125   0.1104   0.1088
      inf   0.1962   0.1464   0.1314   0.1270   0.1200   0.1159   0.1144   0.1130   0.1116
      inf   0.1996   0.1542   0.1429   0.1350   0.1267   0.1230   0.1193   0.1170   0.1161
      inf   0.2095   0.1578   0.1402   0.1329   0.1264   0.1239   0.1207   0.1180   0.1165
      inf   0.2142   0.1604   0.1389   0.1314   0.1284   0.1254   0.1213   0.1189   0.1173
      inf   0.2216   0.1665   0.1473   0.1376   0.1315   0.1276   0.1275   0.1255   0.1236
      inf   0.2137   0.1610   0.1399   0.1311   0.1281   0.1261   0.1252   0.1238   0.1219
      inf   0.2309   0.1779   0.1517   0.1411   0.1352   0.1323   0.1278   0.1247   0.1235
      inf   0.2096   0.1568   0.1432   0.1364   0.1302   0.1292   0.1294   0.1260   0.1249
      inf   0.2341   0.1782   0.1578   0.1460   0.1402   0.1363   0.1350   0.1337   0.1318
      inf   0.2291   0.1758   0.1559   0.1451   0.1403   0.1357   0.1321   0.1299   0.1279
      inf   0.2321   0.1695   0.1465   0.1392   0.1344   0.1320   0.1307   0.1295   0.1279
      inf   0.2157   0.1659   0.1497   0.1443   0.1400   0.1390   0.1369   0.1353   0.1326
        0        0        0        0        0        0        0        0        0        0
        0        0        0        0        0        0        0        0        0        0
        0        0        0        0        0        0        0        0        0        0
        0        0        0        0        0        0        0        0        0        0
        0        0        0        0        0        0        0        0        0        0
        0        0        0        0        0        0        0        0        0        0
        0        0        0        0        0        0        0        0        0        0
        0        0        0        0        0        0        0        0        0        0
        0        0        0        0        0        0        0        0        0        0
        0        0        0        0        0        0        0        0        0        0
        0        0        0        0        0        0        0        0        0        0
        0        0        0        0        0        0        0        0        0        0
        0        0        0        0        0        0        0        0        0        0
        0        0        0        0        0        0        0        0        0        0
        0        0        0        0        0        0        0        0        0        0
        0        0        0        0        0        0        0        0        0        0
        0        0        0        0        0        0        0        0        0        0
        0        0        0        0        0        0        0        0        0        0
        0        0        0        0        0        0        0        0        0        0
        0        0        0        0        0        0        0        0        0        0
        0        0        0        0        0        0        0        0        0        0
        0        0        0        0        0        0        0        0        0        0
        0        0        0        0        0        0        0        0        0        0
        0        0        0        0        0        0        0        0        0        0
        0        0        0        0        0        0        0        0        0        0
        0        0        0        0        0        0        0        0        0        0
        0        0        0        0        0        0        0        0        0        0
        0        0        0        0        0        0        0        0        0        0
        0        0        0        0        0        0        0        0        0        0
        0        0        0        0        0        0        0        0        0        0
        0        0        0        0        0        0        0        0        0        0
        0        0        0        0        0        0        0        0        0        0
        0        0        0        0        0        0        0        0        0        0
        0        0        0        0        0        0        0        0        0        0
        0        0        0        0        0        0        0        0        0        0
        0        0        0        0        0        0        0        0        0        0
        0        0        0        0        0        0        0        0        0        0
        0        0        0        0        0        0        0        0        0        0
        0        0        0        0        0        0        0        0        0        0
        0        0        0        0        0        0        0        0        0        0
        0        0        0        0        0        0        0        0        0        0
        0        0        0        0        0        0        0        0        0        0
        0        0        0        0        0        0        0        0        0        0
        0        0        0        0        0        0        0        0        0        0
        0        0        0        0        0        0        0        0        0        0
        0        0        0        0        0        0        0        0        0        0
        0        0        0        0        0        0        0        0        0        0
        0        0        0        0        0        0        0        0        0        0
        0        0        0        0        0        0        0        0        0        0
        0        0        0        0        0        0        0        0        0        0
        0        0        0        0        0        0        0        0        0        0
        0        0        0        0        0        0        0        0        0        0
        0        0        0        0        0        0        0        0        0        0
        0        0        0        0        0        0        0        0        0        0
        0        0        0        0        0        0        0        0        0        0
        0        0        0        0        0        0        0        0        0        0
        0        0        0        0        0        0        0        0        0        0
        0        0        0        0        0        0        0        0        0        0
        0        0        0        0        0        0        0        0        0        0
        0        0        0        0        0        0        0        0        0        0
        0        0        0        0        0        0        0        0        0        0
        0        0        0        0        0        0        0        0        0        0
        0        0        0        0        0        0        0        0        0        0
        0        0        0        0        0        0        0        0        0        0
        0        0        0        0        0        0        0        0        0        0
        0        0        0        0        0        0        0        0        0        0
        0        0        0        0        0        0        0        0        0        0
        0        0        0        0        0        0        0        0        0        0
        0        0        0        0        0        0        0        0        0        0
        0        0        0        0        0        0        0        0        0        0
        0        0        0        0        0        0        0        0        0        0
        0        0        0        0        0        0        0        0        0        0
        0        0        0        0        0        0        0        0        0        0
        0        0        0        0        0        0        0        0        0        0
        0        0        0        0        0        0        0        0        0        0
        0        0        0        0        0        0        0        0        0        0
        0        0        0        0        0        0        0        0        0        0
        0        0        0        0        0        0        0        0        0        0
        0        0        0        0        0        0        0        0        0        0
        0        0        0        0        0        0        0        0        0        0
        0        0        0        0        0        0        0        0        0        0
        0        0        0        0        0        0        0        0        0        0
        0        0        0        0        0        0        0        0        0        0
        0        0        0        0        0        0        0        0        0        0
        0        0        0        0        0        0        0        0        0        0
        0        0        0        0        0        0        0        0        0        0
        0        0        0        0        0        0        0        0        0        0
        0        0        0        0        0        0        0        0        0        0
        0        0        0        0        0        0        0        0        0        0
        0        0        0        0        0        0        0        0        0        0
        0        0        0        0        0        0        0        0        0        0

