   2.0000
   2.0050
   2.0100
   2.0150
   2.0200
   2.0250
   2.0300
   2.0350
   2.0400
   2.0450
   2.0500
   2.0550
   2.0600
   2.0650
   2.0700
   2.0750
   2.0800
   2.0850
   2.0900
   2.0950
   2.1000
   2.1050
   2.1100
   2.1150
   2.1200
   2.1250
   2.1300
   2.1350
   2.1400
   2.1450
   2.1500
   2.1550
   2.1600
   2.1650
   2.1700
   2.1750
   2.1800
   2.1850
   2.1900
   2.1950
   2.2000
   2.2050
   2.2100
   2.2150
   2.2200
   2.2250
   2.2300
   2.2350
   2.2400
   2.2450
   2.2500
   2.2550
   2.2600
   2.2650
   2.2700
   2.2750
   2.2800
   2.2850
   2.2900
   2.2950
   2.3000
   2.3050
   2.3100
   2.3150
   2.3200
   2.3250
   2.3300
   2.3350
   2.3400
   2.3450
   2.3500
   2.3550
   2.3600
   2.3650
   2.3700
   2.3750
   2.3800
   2.3850
   2.3900
   2.3950
   2.4000
   2.4050
   2.4100
   2.4150
   2.4200
   2.4250
   2.4300
   2.4350
   2.4400
   2.4450
   2.4500
   2.4550
   2.4600
   2.4650
   2.4700
   2.4750
   2.4800
   2.4850
   2.4900
   2.4950
   2.5000
   2.5050
   2.5100
   2.5150
   2.5200
   2.5250
   2.5300
   2.5350
   2.5400
   2.5450
   2.5500
   2.5550
   2.5600
   2.5650
   2.5700
   2.5750
   2.5800
   2.5850
   2.5900
   2.5950

        0        0        0        0        0        0        0        0        0        0
        0        0        0        0        0        0        0        0        0        0
        0        0        0        0        0        0        0        0        0        0
        0        0        0        0        0        0        0        0        0        0
        0        0        0        0        0        0        0        0        0        0
        0        0        0        0        0        0        0        0        0        0
        0        0        0        0        0        0        0        0        0        0
        0        0        0        0        0        0        0        0        0        0
        0        0        0        0        0        0        0        0        0        0
        0        0        0        0        0        0        0        0        0        0
        0        0        0        0        0        0        0        0        0        0
        0        0        0        0        0        0        0        0        0        0
        0        0        0        0        0        0        0        0        0        0
        0        0        0        0        0        0        0        0        0        0
        0        0        0        0        0        0        0        0        0        0
        0        0        0        0        0        0        0        0        0        0
        0        0        0        0        0        0        0        0        0        0
        0        0        0        0        0        0        0        0        0        0
        0        0        0        0        0        0        0        0        0        0
        0        0        0        0        0        0        0        0        0        0
        0        0        0        0        0        0        0        0        0        0
        0        0        0        0        0        0        0        0        0        0
        0        0        0        0        0        0        0        0        0        0
        0        0        0        0        0        0        0        0        0        0
        0        0        0        0        0        0        0        0        0        0
        0        0        0        0        0        0        0        0        0        0
        0        0        0        0        0        0        0        0        0        0
        0        0        0        0        0        0        0        0        0        0
        0        0        0        0        0        0        0        0        0        0
        0        0        0        0        0        0        0        0        0        0
     -inf  -2.2000  -2.1000  -2.0660  -2.0489  -2.0387  -2.0319  -2.0267  -2.0228  -2.0198
     -inf  -2.2000  -2.0999  -2.0659  -2.0486  -2.0380  -2.0309  -2.0258  -2.0221  -2.0191
     -inf  -2.1982  -2.0980  -2.0646  -2.0479  -2.0379  -2.0312  -2.0264  -2.0226  -2.0196
     -inf  -2.2000  -2.1000  -2.0667  -2.0500  -2.0400  -2.0333  -2.0286  -2.0249  -2.0219
     -inf  -2.2000  -2.1000  -2.0667  -2.0497  -2.0393  -2.0324  -2.0275  -2.0238  -2.0209
     -inf  -2.1980  -2.0976  -2.0636  -2.0466  -2.0364  -2.0289  -2.0232  -2.0189  -2.0155
     -inf  -2.2000  -2.0993  -2.0647  -2.0474  -2.0367  -2.0295  -2.0242  -2.0201  -2.0169
     -inf  -2.2000  -2.1000  -2.0667  -2.0500  -2.0397  -2.0323  -2.0267  -2.0226  -2.0193
     -inf  -2.2000  -2.0990  -2.0653  -2.0484  -2.0383  -2.0315  -2.0265  -2.0226  -2.0196
     -inf  -2.1989  -2.0983  -2.0648  -2.0479  -2.0374  -2.0304  -2.0255  -2.0217  -2.0188
     -inf  -2.1976  -2.0977  -2.0644  -2.0477  -2.0377  -2.0311  -2.0263  -2.0227  -2.0199
     -inf  -2.1976  -2.0970  -2.0632  -2.0462  -2.0356  -2.0286  -2.0234  -2.0194  -2.0160
     -inf  -2.1991  -2.0984  -2.0645  -2.0473  -2.0368  -2.0296  -2.0241  -2.0196  -2.0159
     -inf  -2.2000  -2.1000  -2.0666  -2.0494  -2.0391  -2.0319  -2.0267  -2.0228  -2.0198
     -inf  -2.2000  -2.1000  -2.0667  -2.0500  -2.0392  -2.0320  -2.0266  -2.0224  -2.0191
     -inf  -2.1993  -2.0986  -2.0650  -2.0482  -2.0378  -2.0307  -2.0257  -2.0219  -2.0190
     -inf  -2.2000  -2.1000  -2.0667  -2.0500  -2.0400  -2.0333  -2.0282  -2.0244  -2.0215
     -inf  -2.2000  -2.1000  -2.0662  -2.0486  -2.0380  -2.0307  -2.0251  -2.0208  -2.0174
     -inf  -2.2000  -2.1000  -2.0667  -2.0500  -2.0400  -2.0331  -2.0280  -2.0242  -2.0213
     -inf  -2.2000  -2.1000  -2.0664  -2.0493  -2.0385  -2.0314  -2.0263  -2.0224  -2.0194
     -inf  -2.2000  -2.1000  -2.0667  -2.0500  -2.0400  -2.0333  -2.0284  -2.0243  -2.0210
     -inf  -2.2000  -2.1000  -2.0660  -2.0489  -2.0387  -2.0319  -2.0263  -2.0222  -2.0190
     -inf  -2.2000  -2.1000  -2.0667  -2.0500  -2.0400  -2.0333  -2.0286  -2.0250  -2.0220
     -inf  -2.2000  -2.1000  -2.0662  -2.0491  -2.0388  -2.0320  -2.0271  -2.0234  -2.0206
     -inf  -2.2000  -2.1000  -2.0667  -2.0500  -2.0400  -2.0333  -2.0284  -2.0246  -2.0214
     -inf  -2.1982  -2.0979  -2.0633  -2.0458  -2.0352  -2.0279  -2.0226  -2.0187  -2.0156
     -inf  -2.1980  -2.0973  -2.0634  -2.0464  -2.0363  -2.0295  -2.0246  -2.0208  -2.0179
     -inf  -2.1976  -2.0958  -2.0609  -2.0434  -2.0330  -2.0260  -2.0210  -2.0173  -2.0144
     -inf  -2.2000  -2.0991  -2.0645  -2.0467  -2.0350  -2.0270  -2.0212  -2.0169  -2.0135
     -inf  -2.1989  -2.0983  -2.0648  -2.0481  -2.0380  -2.0313  -2.0264  -2.0225  -2.0195
        0        0        0        0        0        0        0        0        0        0
        0        0        0        0        0        0        0        0        0        0
        0        0        0        0        0        0        0        0        0        0
        0        0        0        0        0        0        0        0        0        0
        0        0        0        0        0        0        0        0        0        0
        0        0        0        0        0        0        0        0        0        0
        0        0        0        0        0        0        0        0        0        0
        0        0        0        0        0        0        0        0        0        0
        0        0        0        0        0        0        0        0        0        0
        0        0        0        0        0        0        0        0        0        0
        0        0        0        0        0        0        0        0        0        0
        0        0        0        0        0        0        0        0        0        0
        0        0        0        0        0        0        0        0        0        0
        0        0        0        0        0        0        0        0        0        0
        0        0        0        0        0        0        0        0        0        0
        0        0        0        0        0        0        0        0        0        0
        0        0        0        0        0        0        0        0        0        0
        0        0        0        0        0        0        0        0        0        0
        0        0        0        0        0        0        0        0        0        0
        0        0        0        0        0        0        0        0        0        0
        0        0        0        0        0        0        0        0        0        0
        0        0        0        0        0        0        0        0        0        0
        0        0        0        0        0        0        0        0        0        0
        0        0        0        0        0        0        0        0        0        0
        0        0        0        0        0        0        0        0        0        0
        0        0        0        0        0        0        0        0        0        0
        0        0        0        0        0        0        0        0        0        0
        0        0        0        0        0        0        0        0        0        0
        0        0        0        0        0        0        0        0        0        0
        0        0        0        0        0        0        0        0        0        0
        0        0        0        0        0        0        0        0        0        0
        0        0        0        0        0        0        0        0        0        0
        0        0        0        0        0        0        0        0        0        0
        0        0        0        0        0        0        0        0        0        0
        0        0        0        0        0        0        0        0        0        0
        0        0        0        0        0        0        0        0        0        0
        0        0        0        0        0        0        0        0        0        0
        0        0        0        0        0        0        0        0        0        0
        0        0        0        0        0        0        0        0        0        0
        0        0        0        0        0        0        0        0        0        0
        0        0        0        0        0        0        0        0        0        0
        0        0        0        0        0        0        0        0        0        0
        0        0        0        0        0        0        0        0        0        0
        0        0        0        0        0        0        0        0        0        0
        0        0        0        0        0        0        0        0        0        0
        0        0        0        0        0        0        0        0        0        0
        0        0        0        0        0        0        0        0        0        0
        0        0        0        0        0        0        0        0        0        0
        0        0        0        0        0        0        0        0        0        0
        0        0        0        0        0        0        0        0        0        0
        0        0        0        0        0        0        0        0        0        0
        0        0        0        0        0        0        0        0        0        0
        0        0        0        0        0        0        0        0        0        0
        0        0        0        0        0        0        0        0        0        0
        0        0        0        0        0        0        0        0        0        0
        0        0        0        0        0        0        0        0        0        0
        0        0        0        0        0        0        0        0        0        0
        0        0        0        0        0        0        0        0        0        0
        0        0        0        0        0        0        0        0        0        0
        0        0        0        0        0        0        0        0        0        0

        0        0        0        0        0        0        0        0        0        0
        0        0        0        0        0        0        0        0        0        0
        0        0        0        0        0        0        0        0        0        0
        0        0        0        0        0        0        0        0        0        0
        0        0        0        0        0        0        0        0        0        0
        0        0        0        0        0        0        0        0        0        0
        0        0        0        0        0        0        0        0        0        0
        0        0        0        0        0        0        0        0        0        0
        0        0        0        0        0        0        0        0        0        0
        0        0        0        0        0        0        0        0        0        0
        0        0        0        0        0        0        0        0        0        0
        0        0        0        0        0        0        0        0        0        0
        0        0        0        0        0        0        0        0        0        0
        0        0        0        0        0        0        0        0        0        0
        0        0        0        0        0        0        0        0        0        0
        0        0        0        0        0        0        0        0        0        0
        0        0        0        0        0        0        0        0        0        0
        0        0        0        0        0        0        0        0        0        0
        0        0        0        0        0        0        0        0        0        0
        0        0        0        0        0        0        0        0        0        0
        0        0        0        0        0        0        0        0        0        0
        0        0        0        0        0        0        0        0        0        0
        0        0        0        0        0        0        0        0        0        0
        0        0        0        0        0        0        0        0        0        0
        0        0        0        0        0        0        0        0        0        0
        0        0        0        0        0        0        0        0        0        0
        0        0        0        0        0        0        0        0        0        0
        0        0        0        0        0        0        0        0        0        0
        0        0        0        0        0        0        0        0        0        0
        0        0        0        0        0        0        0        0        0        0
      inf   1.1000   1.0500   1.0332   1.0247   1.0197   1.0163   1.0138   1.0120   1.0105
      inf   1.1000   1.0500   1.0331   1.0246   1.0195   1.0161   1.0136   1.0118   1.0103
      inf   1.0996   1.0495   1.0328   1.0245   1.0195   1.0161   1.0137   1.0119   1.0105
      inf   1.1000   1.0500   1.0333   1.0250   1.0200   1.0167   1.0143   1.0125   1.0110
      inf   1.1000   1.0500   1.0333   1.0249   1.0198   1.0164   1.0140   1.0122   1.0108
      inf   1.0995   1.0494   1.0326   1.0241   1.0191   1.0156   1.0129   1.0110   1.0094
      inf   1.1000   1.0498   1.0329   1.0244   1.0192   1.0157   1.0132   1.0113   1.0098
      inf   1.1000   1.0500   1.0333   1.0250   1.0199   1.0164   1.0138   1.0119   1.0104
      inf   1.1000   1.0497   1.0330   1.0246   1.0196   1.0162   1.0138   1.0119   1.0105
      inf   1.0997   1.0496   1.0329   1.0245   1.0194   1.0159   1.0135   1.0117   1.0103
      inf   1.0994   1.0494   1.0328   1.0244   1.0194   1.0161   1.0137   1.0119   1.0105
      inf   1.0994   1.0493   1.0325   1.0240   1.0189   1.0155   1.0130   1.0111   1.0096
      inf   1.0998   1.0496   1.0328   1.0243   1.0192   1.0157   1.0132   1.0111   1.0095
      inf   1.1000   1.0500   1.0333   1.0248   1.0198   1.0163   1.0138   1.0120   1.0105
      inf   1.1000   1.0500   1.0333   1.0250   1.0198   1.0163   1.0138   1.0119   1.0103
      inf   1.0998   1.0496   1.0329   1.0245   1.0194   1.0160   1.0136   1.0117   1.0103
      inf   1.1000   1.0500   1.0333   1.0250   1.0200   1.0167   1.0142   1.0124   1.0109
      inf   1.1000   1.0500   1.0332   1.0247   1.0195   1.0160   1.0134   1.0115   1.0099
      inf   1.1000   1.0500   1.0333   1.0250   1.0200   1.0166   1.0142   1.0123   1.0109
      inf   1.1000   1.0500   1.0333   1.0248   1.0196   1.0162   1.0137   1.0119   1.0104
      inf   1.1000   1.0500   1.0333   1.0250   1.0200   1.0167   1.0142   1.0123   1.0107
      inf   1.1000   1.0500   1.0332   1.0247   1.0197   1.0163   1.0137   1.0118   1.0103
      inf   1.1000   1.0500   1.0333   1.0250   1.0200   1.0167   1.0143   1.0125   1.0111
      inf   1.1000   1.0500   1.0332   1.0248   1.0197   1.0163   1.0139   1.0121   1.0107
      inf   1.1000   1.0500   1.0333   1.0250   1.0200   1.0167   1.0143   1.0124   1.0109
      inf   1.0996   1.0495   1.0325   1.0240   1.0188   1.0153   1.0128   1.0109   1.0094
      inf   1.0995   1.0493   1.0325   1.0241   1.0191   1.0157   1.0133   1.0114   1.0100
      inf   1.0994   1.0489   1.0319   1.0234   1.0182   1.0148   1.0124   1.0106   1.0091
      inf   1.1000   1.0498   1.0328   1.0242   1.0188   1.0151   1.0124   1.0105   1.0089
      inf   1.0997   1.0496   1.0329   1.0245   1.0195   1.0162   1.0137   1.0119   1.0104
        0        0        0        0        0        0        0        0        0        0
        0        0        0        0        0        0        0        0        0        0
        0        0        0        0        0        0        0        0        0        0
        0        0        0        0        0        0        0        0        0        0
        0        0        0        0        0        0        0        0        0        0
        0        0        0        0        0        0        0        0        0        0
        0        0        0        0        0        0        0        0        0        0
        0        0        0        0        0        0        0        0        0        0
        0        0        0        0        0        0        0        0        0        0
        0        0        0        0        0        0        0        0        0        0
        0        0        0        0        0        0        0        0        0        0
        0        0        0        0        0        0        0        0        0        0
        0        0        0        0        0        0        0        0        0        0
        0        0        0        0        0        0        0        0        0        0
        0        0        0        0        0        0        0        0        0        0
        0        0        0        0        0        0        0        0        0        0
        0        0        0        0        0        0        0        0        0        0
        0        0        0        0        0        0        0        0        0        0
        0        0        0        0        0        0        0        0        0        0
        0        0        0        0        0        0        0        0        0        0
        0        0        0        0        0        0        0        0        0        0
        0        0        0        0        0        0        0        0        0        0
        0        0        0        0        0        0        0        0        0        0
        0        0        0        0        0        0        0        0        0        0
        0        0        0        0        0        0        0        0        0        0
        0        0        0        0        0        0        0        0        0        0
        0        0        0        0        0        0        0        0        0        0
        0        0        0        0        0        0        0        0        0        0
        0        0        0        0        0        0        0        0        0        0
        0        0        0        0        0        0        0        0        0        0
        0        0        0        0        0        0        0        0        0        0
        0        0        0        0        0        0        0        0        0        0
        0        0        0        0        0        0        0        0        0        0
        0        0        0        0        0        0        0        0        0        0
        0        0        0        0        0        0        0        0        0        0
        0        0        0        0        0        0        0        0        0        0
        0        0        0        0        0        0        0        0        0        0
        0        0        0        0        0        0        0        0        0        0
        0        0        0        0        0        0        0        0        0        0
        0        0        0        0        0        0        0        0        0        0
        0        0        0        0        0        0        0        0        0        0
        0        0        0        0        0        0        0        0        0        0
        0        0        0        0        0        0        0        0        0        0
        0        0        0        0        0        0        0        0        0        0
        0        0        0        0        0        0        0        0        0        0
        0        0        0        0        0        0        0        0        0        0
        0        0        0        0        0        0        0        0        0        0
        0        0        0        0        0        0        0        0        0        0
        0        0        0        0        0        0        0        0        0        0
        0        0        0        0        0        0        0        0        0        0
        0        0        0        0        0        0        0        0        0        0
        0        0        0        0        0        0        0        0        0        0
        0        0        0        0        0        0        0        0        0        0
        0        0        0        0        0        0        0        0        0        0
        0        0        0        0        0        0        0        0        0        0
        0        0        0        0        0        0        0        0        0        0
        0        0        0        0        0        0        0        0        0        0
        0        0        0        0        0        0        0        0        0        0
        0        0        0        0        0        0        0        0        0        0
        0        0        0        0        0        0        0        0        0        0

        0        0        0        0        0        0        0        0        0        0
        0        0        0        0        0        0        0        0        0        0
        0        0        0        0        0        0        0        0        0        0
        0        0        0        0        0        0        0        0        0        0
        0        0        0        0        0        0        0        0        0        0
        0        0        0        0        0        0        0        0        0        0
        0        0        0        0        0        0        0        0        0        0
        0        0        0        0        0        0        0        0        0        0
        0        0        0        0        0        0        0        0        0        0
        0        0        0        0        0        0        0        0        0        0
        0        0        0        0        0        0        0        0        0        0
        0        0        0        0        0        0        0        0        0        0
        0        0        0        0        0        0        0        0        0        0
        0        0        0        0        0        0        0        0        0        0
        0        0        0        0        0        0        0        0        0        0
        0        0        0        0        0        0        0        0        0        0
        0        0        0        0        0        0        0        0        0        0
        0        0        0        0        0        0        0        0        0        0
        0        0        0        0        0        0        0        0        0        0
        0        0        0        0        0        0        0        0        0        0
        0        0        0        0        0        0        0        0        0        0
        0        0        0        0        0        0        0        0        0        0
        0        0        0        0        0        0        0        0        0        0
        0        0        0        0        0        0        0        0        0        0
        0        0        0        0        0        0        0        0        0        0
        0        0        0        0        0        0        0        0        0        0
        0        0        0        0        0        0        0        0        0        0
        0        0        0        0        0        0        0        0        0        0
        0        0        0        0        0        0        0        0        0        0
        0        0        0        0        0        0        0        0        0        0
      inf   1.1000   1.0500   1.0332   1.0247   1.0197   1.0163   1.0138   1.0120   1.0105
      inf   1.1000   1.0500   1.0331   1.0246   1.0195   1.0161   1.0136   1.0118   1.0103
      inf   1.0996   1.0495   1.0328   1.0245   1.0195   1.0161   1.0137   1.0119   1.0105
      inf   1.1000   1.0500   1.0333   1.0250   1.0200   1.0167   1.0143   1.0125   1.0110
      inf   1.1000   1.0500   1.0333   1.0249   1.0198   1.0164   1.0140   1.0122   1.0108
      inf   1.0995   1.0494   1.0326   1.0241   1.0191   1.0156   1.0129   1.0110   1.0094
      inf   1.1000   1.0498   1.0329   1.0244   1.0192   1.0157   1.0132   1.0113   1.0098
      inf   1.1000   1.0500   1.0333   1.0250   1.0199   1.0164   1.0138   1.0119   1.0104
      inf   1.1000   1.0497   1.0330   1.0246   1.0196   1.0162   1.0138   1.0119   1.0105
      inf   1.0997   1.0496   1.0329   1.0245   1.0194   1.0159   1.0135   1.0117   1.0103
      inf   1.0994   1.0494   1.0328   1.0244   1.0194   1.0161   1.0137   1.0119   1.0105
      inf   1.0994   1.0493   1.0325   1.0240   1.0189   1.0155   1.0130   1.0111   1.0096
      inf   1.0998   1.0496   1.0328   1.0243   1.0192   1.0157   1.0132   1.0111   1.0095
      inf   1.1000   1.0500   1.0333   1.0248   1.0198   1.0163   1.0138   1.0120   1.0105
      inf   1.1000   1.0500   1.0333   1.0250   1.0198   1.0163   1.0138   1.0119   1.0103
      inf   1.0998   1.0496   1.0329   1.0245   1.0194   1.0160   1.0136   1.0117   1.0103
      inf   1.1000   1.0500   1.0333   1.0250   1.0200   1.0167   1.0142   1.0124   1.0109
      inf   1.1000   1.0500   1.0332   1.0247   1.0195   1.0160   1.0134   1.0115   1.0099
      inf   1.1000   1.0500   1.0333   1.0250   1.0200   1.0166   1.0142   1.0123   1.0109
      inf   1.1000   1.0500   1.0333   1.0248   1.0196   1.0162   1.0137   1.0119   1.0104
      inf   1.1000   1.0500   1.0333   1.0250   1.0200   1.0167   1.0142   1.0123   1.0107
      inf   1.1000   1.0500   1.0332   1.0247   1.0197   1.0163   1.0137   1.0118   1.0103
      inf   1.1000   1.0500   1.0333   1.0250   1.0200   1.0167   1.0143   1.0125   1.0111
      inf   1.1000   1.0500   1.0332   1.0248   1.0197   1.0163   1.0139   1.0121   1.0107
      inf   1.1000   1.0500   1.0333   1.0250   1.0200   1.0167   1.0143   1.0124   1.0109
      inf   1.0996   1.0495   1.0325   1.0240   1.0188   1.0153   1.0128   1.0109   1.0094
      inf   1.0995   1.0493   1.0325   1.0241   1.0191   1.0157   1.0133   1.0114   1.0100
      inf   1.0994   1.0489   1.0319   1.0234   1.0182   1.0148   1.0124   1.0106   1.0091
      inf   1.1000   1.0498   1.0328   1.0242   1.0188   1.0151   1.0124   1.0105   1.0089
      inf   1.0997   1.0496   1.0329   1.0245   1.0195   1.0162   1.0137   1.0119   1.0104
        0        0        0        0        0        0        0        0        0        0
        0        0        0        0        0        0        0        0        0        0
        0        0        0        0        0        0        0        0        0        0
        0        0        0        0        0        0        0        0        0        0
        0        0        0        0        0        0        0        0        0        0
        0        0        0        0        0        0        0        0        0        0
        0        0        0        0        0        0        0        0        0        0
        0        0        0        0        0        0        0        0        0        0
        0        0        0        0        0        0        0        0        0        0
        0        0        0        0        0        0        0        0        0        0
        0        0        0        0        0        0        0        0        0        0
        0        0        0        0        0        0        0        0        0        0
        0        0        0        0        0        0        0        0        0        0
        0        0        0        0        0        0        0        0        0        0
        0        0        0        0        0        0        0        0        0        0
        0        0        0        0        0        0        0        0        0        0
        0        0        0        0        0        0        0        0        0        0
        0        0        0        0        0        0        0        0        0        0
        0        0        0        0        0        0        0        0        0        0
        0        0        0        0        0        0        0        0        0        0
        0        0        0        0        0        0        0        0        0        0
        0        0        0        0        0        0        0        0        0        0
        0        0        0        0        0        0        0        0        0        0
        0        0        0        0        0        0        0        0        0        0
        0        0        0        0        0        0        0        0        0        0
        0        0        0        0        0        0        0        0        0        0
        0        0        0        0        0        0        0        0        0        0
        0        0        0        0        0        0        0        0        0        0
        0        0        0        0        0        0        0        0        0        0
        0        0        0        0        0        0        0        0        0        0
        0        0        0        0        0        0        0        0        0        0
        0        0        0        0        0        0        0        0        0        0
        0        0        0        0        0        0        0        0        0        0
        0        0        0        0        0        0        0        0        0        0
        0        0        0        0        0        0        0        0        0        0
        0        0        0        0        0        0        0        0        0        0
        0        0        0        0        0        0        0        0        0        0
        0        0        0        0        0        0        0        0        0        0
        0        0        0        0        0        0        0        0        0        0
        0        0        0        0        0        0        0        0        0        0
        0        0        0        0        0        0        0        0        0        0
        0        0        0        0        0        0        0        0        0        0
        0        0        0        0        0        0        0        0        0        0
        0        0        0        0        0        0        0        0        0        0
        0        0        0        0        0        0        0        0        0        0
        0        0        0        0        0        0        0        0        0        0
        0        0        0        0        0        0        0        0        0        0
        0        0        0        0        0        0        0        0        0        0
        0        0        0        0        0        0        0        0        0        0
        0        0        0        0        0        0        0        0        0        0
        0        0        0        0        0        0        0        0        0        0
        0        0        0        0        0        0        0        0        0        0
        0        0        0        0        0        0        0        0        0        0
        0        0        0        0        0        0        0        0        0        0
        0        0        0        0        0        0        0        0        0        0
        0        0        0        0        0        0        0        0        0        0
        0        0        0        0        0        0        0        0        0        0
        0        0        0        0        0        0        0        0        0        0
        0        0        0        0        0        0        0        0        0        0
        0        0        0        0        0        0        0        0        0        0

            0            0            0            0            0            0            0            0            0            0
            0            0            0            0            0            0            0            0            0            0
            0            0            0            0            0            0            0            0            0            0
            0            0            0            0            0            0            0            0            0            0
            0            0            0            0            0            0            0            0            0            0
            0            0            0            0            0            0            0            0            0            0
            0            0            0            0            0            0            0            0            0            0
            0            0            0            0            0            0            0            0            0            0
            0            0            0            0            0            0            0            0            0            0
            0            0            0            0            0            0            0            0            0            0
            0            0            0            0            0            0            0            0            0            0
            0            0            0            0            0            0            0            0            0            0
            0            0            0            0            0            0            0            0            0            0
            0            0            0            0            0            0            0            0            0            0
            0            0            0            0            0            0            0            0            0            0
            0            0            0            0            0            0            0            0            0            0
            0            0            0            0            0            0            0            0            0            0
            0            0            0            0            0            0            0            0            0            0
            0            0            0            0            0            0            0            0            0            0
            0            0            0            0            0            0            0            0            0            0
            0            0            0            0            0            0            0            0            0            0
            0            0            0            0            0            0            0            0            0            0
            0            0            0            0            0            0            0            0            0            0
            0            0            0            0            0            0            0            0            0            0
            0            0            0            0            0            0            0            0            0            0
            0            0            0            0            0            0            0            0            0            0
            0            0            0            0            0            0            0            0            0            0
            0            0            0            0            0            0            0            0            0            0
            0            0            0            0            0            0            0            0            0            0
            0            0            0            0            0            0            0            0            0            0
          nan  -3.4267e+02  -1.6355e+02  -1.0723e+02  -7.9744e+01  -6.3469e+01  -5.2709e+01  -4.5054e+01  -3.9339e+01  -3.4911e+01
          nan  -3.4108e+02  -1.6277e+02  -1.0672e+02  -7.9343e+01  -6.3126e+01  -5.2412e+01  -4.4806e+01  -3.9127e+01  -3.4726e+01
          nan  -3.3896e+02  -1.6173e+02  -1.0610e+02  -7.8926e+01  -6.2831e+01  -5.2187e+01  -4.4626e+01  -3.8971e+01  -3.4585e+01
          nan  -3.3794e+02  -1.6129e+02  -1.0582e+02  -7.8725e+01  -6.2672e+01  -5.2056e+01  -4.4515e+01  -3.8879e+01  -3.4503e+01
          nan  -3.3638e+02  -1.6055e+02  -1.0533e+02  -7.8341e+01  -6.2342e+01  -5.1769e+01  -4.4261e+01  -3.8655e+01  -3.4309e+01
          nan  -3.3423e+02  -1.5944e+02  -1.0453e+02  -7.7739e+01  -6.1875e+01  -5.1351e+01  -4.3866e+01  -3.8285e+01  -3.3961e+01
          nan  -3.3331e+02  -1.5898e+02  -1.0417e+02  -7.7448e+01  -6.1609e+01  -5.1143e+01  -4.3711e+01  -3.8156e+01  -3.3854e+01
          nan  -3.3178e+02  -1.5835e+02  -1.0389e+02  -7.7290e+01  -6.1511e+01  -5.1053e+01  -4.3620e+01  -3.8075e+01  -3.3781e+01
          nan  -3.3027e+02  -1.5748e+02  -1.0328e+02  -7.6816e+01  -6.1145e+01  -5.0783e+01  -4.3415e+01  -3.7910e+01  -3.3643e+01
          nan  -3.2843e+02  -1.5666e+02  -1.0276e+02  -7.6429e+01  -6.0816e+01  -5.0498e+01  -4.3173e+01  -3.7703e+01  -3.3463e+01
          nan  -3.2655e+02  -1.5585e+02  -1.0225e+02  -7.6070e+01  -6.0559e+01  -5.0301e+01  -4.3014e+01  -3.7571e+01  -3.3348e+01
          nan  -3.2507e+02  -1.5505e+02  -1.0167e+02  -7.5610e+01  -6.0157e+01  -4.9947e+01  -4.2693e+01  -3.7272e+01  -3.3064e+01
          nan  -3.2405e+02  -1.5456e+02  -1.0134e+02  -7.5349e+01  -5.9955e+01  -4.9769e+01  -4.2528e+01  -3.7106e+01  -3.2905e+01
          nan  -3.2286e+02  -1.5409e+02  -1.0109e+02  -7.5165e+01  -5.9819e+01  -4.9662e+01  -4.2449e+01  -3.7065e+01  -3.2892e+01
          nan  -3.2140e+02  -1.5340e+02  -1.0064e+02  -7.4872e+01  -5.9560e+01  -4.9439e+01  -4.2251e+01  -3.6881e+01  -3.2718e+01
          nan  -3.1976e+02  -1.5250e+02  -1.0002e+02  -7.4402e+01  -5.9208e+01  -4.9160e+01  -4.2027e+01  -3.6701e+01  -3.2573e+01
          nan  -3.1853e+02  -1.5202e+02  -9.9741e+01  -7.4202e+01  -5.9072e+01  -4.9064e+01  -4.1943e+01  -3.6627e+01  -3.2506e+01
          nan  -3.1710e+02  -1.5134e+02  -9.9252e+01  -7.3768e+01  -5.8690e+01  -4.8718e+01  -4.1620e+01  -3.6326e+01  -3.2220e+01
          nan  -3.1569e+02  -1.5067e+02  -9.8852e+01  -7.3541e+01  -5.8546e+01  -4.8616e+01  -4.1561e+01  -3.6294e+01  -3.2212e+01
          nan  -3.1428e+02  -1.5000e+02  -9.8391e+01  -7.3162e+01  -5.8199e+01  -4.8316e+01  -4.1302e+01  -3.6065e+01  -3.2007e+01
          nan  -3.1289e+02  -1.4933e+02  -9.7975e+01  -7.2889e+01  -5.8027e+01  -4.8198e+01  -4.1209e+01  -3.5972e+01  -3.1912e+01
          nan  -3.1150e+02  -1.4867e+02  -9.7478e+01  -7.2490e+01  -5.7696e+01  -4.7913e+01  -4.0940e+01  -3.5738e+01  -3.1709e+01
          nan  -3.1013e+02  -1.4801e+02  -9.7110e+01  -7.2245e+01  -5.7514e+01  -4.7772e+01  -4.0851e+01  -3.5682e+01  -3.1667e+01
          nan  -3.0876e+02  -1.4736e+02  -9.6640e+01  -7.1863e+01  -5.7195e+01  -4.7498e+01  -4.0612e+01  -3.5469e+01  -3.1483e+01
          nan  -3.0740e+02  -1.4671e+02  -9.6256e+01  -7.1610e+01  -5.7009e+01  -4.7352e+01  -4.0487e+01  -3.5354e+01  -3.1369e+01
          nan  -3.0555e+02  -1.4578e+02  -9.5522e+01  -7.1002e+01  -5.6487e+01  -4.6885e+01  -4.0072e+01  -3.4988e+01  -3.1046e+01
          nan  -3.0415e+02  -1.4506e+02  -9.5112e+01  -7.0736e+01  -5.6302e+01  -4.6759e+01  -3.9979e+01  -3.4913e+01  -3.0986e+01
          nan  -3.0270e+02  -1.4421e+02  -9.4460e+01  -7.0216e+01  -5.5871e+01  -4.6391e+01  -3.9661e+01  -3.4636e+01  -3.0741e+01
          nan  -3.0205e+02  -1.4404e+02  -9.4383e+01  -7.0135e+01  -5.5731e+01  -4.6220e+01  -3.9481e+01  -3.4456e+01  -3.0566e+01
          nan  -3.0043e+02  -1.4331e+02  -9.4002e+01  -6.9925e+01  -5.5664e+01  -4.6233e+01  -3.9529e+01  -3.4517e+01  -3.0633e+01
            0            0            0            0            0            0            0            0            0            0
            0            0            0            0            0            0            0            0            0            0
            0            0            0            0            0            0            0            0            0            0
            0            0            0            0            0            0            0            0            0            0
            0            0            0            0            0            0            0            0            0            0
            0            0            0            0            0            0            0            0            0            0
            0            0            0            0            0            0            0            0            0            0
            0            0            0            0            0            0            0            0            0            0
            0            0            0            0            0            0            0            0            0            0
            0            0            0            0            0            0            0            0            0            0
            0            0            0            0            0            0            0            0            0            0
            0            0            0            0            0            0            0            0            0            0
            0            0            0            0            0            0            0            0            0            0
            0            0            0            0            0            0            0            0            0            0
            0            0            0            0            0            0            0            0            0            0
            0            0            0            0            0            0            0            0            0            0
            0            0            0            0            0            0            0            0            0            0
            0            0            0            0            0            0            0            0            0            0
            0            0            0            0            0            0            0            0            0            0
            0            0            0            0            0            0            0            0            0            0
            0            0            0            0            0            0            0            0            0            0
            0            0            0            0            0            0            0            0            0            0
            0            0            0            0            0            0            0            0            0            0
            0            0            0            0            0            0            0            0            0            0
            0            0            0            0            0            0            0            0            0            0
            0            0            0            0            0            0            0            0            0            0
            0            0            0            0            0            0            0            0            0            0
            0            0            0            0            0            0            0            0            0            0
            0            0            0            0            0            0            0            0            0            0
            0            0            0            0            0            0            0            0            0            0
            0            0            0            0            0            0            0            0            0            0
            0            0            0            0            0            0            0            0            0            0
            0            0            0            0            0            0            0            0            0            0
            0            0            0            0            0            0            0            0            0            0
            0            0            0            0            0            0            0            0            0            0
            0            0            0            0            0            0            0            0            0            0
            0            0            0            0            0            0            0            0            0            0
            0            0            0            0            0            0            0            0            0            0
            0            0            0            0            0            0            0            0            0            0
            0            0            0            0            0            0            0            0            0            0
            0            0            0            0            0            0            0            0            0            0
            0            0            0            0            0            0            0            0            0            0
            0            0            0            0            0            0            0            0            0            0
            0            0            0            0            0            0            0            0            0            0
            0            0            0            0            0            0            0            0            0            0
            0            0            0            0            0            0            0            0            0            0
            0            0            0            0            0            0            0            0            0            0
            0            0            0            0            0            0            0            0            0            0
            0            0            0            0            0            0            0            0            0            0
            0            0            0            0            0            0            0            0            0            0
            0            0            0            0            0            0            0            0            0            0
            0            0            0            0            0            0            0            0            0            0
            0            0            0            0            0            0            0            0            0            0
            0            0            0            0            0            0            0            0            0            0
            0            0            0            0            0            0            0            0            0            0
            0            0            0            0            0            0            0            0            0            0
            0            0            0            0            0            0            0            0            0            0
            0            0            0            0            0            0            0            0            0            0
            0            0            0            0            0            0            0            0            0            0
            0            0            0            0            0            0            0            0            0            0

            0            0            0            0            0            0            0            0            0            0
            0            0            0            0            0            0            0            0            0            0
            0            0            0            0            0            0            0            0            0            0
            0            0            0            0            0            0            0            0            0            0
            0            0            0            0            0            0            0            0            0            0
            0            0            0            0            0            0            0            0            0            0
            0            0            0            0            0            0            0            0            0            0
            0            0            0            0            0            0            0            0            0            0
            0            0            0            0            0            0            0            0            0            0
            0            0            0            0            0            0            0            0            0            0
            0            0            0            0            0            0            0            0            0            0
            0            0            0            0            0            0            0            0            0            0
            0            0            0            0            0            0            0            0            0            0
            0            0            0            0            0            0            0            0            0            0
            0            0            0            0            0            0            0            0            0            0
            0            0            0            0            0            0            0            0            0            0
            0            0            0            0            0            0            0            0            0            0
            0            0            0            0            0            0            0            0            0            0
            0            0            0            0            0            0            0            0            0            0
            0            0            0            0            0            0            0            0            0            0
            0            0            0            0            0            0            0            0            0            0
            0            0            0            0            0            0            0            0            0            0
            0            0            0            0            0            0            0            0            0            0
            0            0            0            0            0            0            0            0            0            0
            0            0            0            0            0            0            0            0            0            0
            0            0            0            0            0            0            0            0            0            0
            0            0            0            0            0            0            0            0            0            0
            0            0            0            0            0            0            0            0            0            0
            0            0            0            0            0            0            0            0            0            0
            0            0            0            0            0            0            0            0            0            0
          nan  -1.8419e+02  -8.7907e+01  -5.7656e+01  -4.2885e+01  -3.4136e+01  -2.8352e+01  -2.4239e+01  -2.1169e+01  -1.8788e+01
          nan  -1.8376e+02  -8.7698e+01  -5.7518e+01  -4.2777e+01  -3.4044e+01  -2.8272e+01  -2.4173e+01  -2.1112e+01  -1.8739e+01
          nan  -1.8319e+02  -8.7417e+01  -5.7350e+01  -4.2664e+01  -3.3964e+01  -2.8211e+01  -2.4124e+01  -2.1069e+01  -1.8700e+01
          nan  -1.8291e+02  -8.7298e+01  -5.7275e+01  -4.2610e+01  -3.3921e+01  -2.8176e+01  -2.4094e+01  -2.1044e+01  -1.8678e+01
          nan  -1.8249e+02  -8.7097e+01  -5.7143e+01  -4.2506e+01  -3.3832e+01  -2.8098e+01  -2.4025e+01  -2.0983e+01  -1.8625e+01
          nan  -1.8190e+02  -8.6795e+01  -5.6926e+01  -4.2342e+01  -3.3705e+01  -2.7985e+01  -2.3919e+01  -2.0884e+01  -1.8532e+01
          nan  -1.8165e+02  -8.6670e+01  -5.6827e+01  -4.2263e+01  -3.3633e+01  -2.7928e+01  -2.3876e+01  -2.0849e+01  -1.8502e+01
          nan  -1.8124e+02  -8.6499e+01  -5.6751e+01  -4.2220e+01  -3.3606e+01  -2.7903e+01  -2.3851e+01  -2.0826e+01  -1.8482e+01
          nan  -1.8082e+02  -8.6260e+01  -5.6582e+01  -4.2090e+01  -3.3506e+01  -2.7829e+01  -2.3794e+01  -2.0780e+01  -1.8444e+01
          nan  -1.8032e+02  -8.6036e+01  -5.6441e+01  -4.1984e+01  -3.3415e+01  -2.7751e+01  -2.3728e+01  -2.0724e+01  -1.8394e+01
          nan  -1.7980e+02  -8.5814e+01  -5.6301e+01  -4.1885e+01  -3.3345e+01  -2.7696e+01  -2.3684e+01  -2.0687e+01  -1.8362e+01
          nan  -1.7939e+02  -8.5592e+01  -5.6141e+01  -4.1758e+01  -3.3234e+01  -2.7599e+01  -2.3596e+01  -2.0605e+01  -1.8285e+01
          nan  -1.7911e+02  -8.5457e+01  -5.6050e+01  -4.1686e+01  -3.3178e+01  -2.7550e+01  -2.3551e+01  -2.0560e+01  -1.8242e+01
          nan  -1.7878e+02  -8.5327e+01  -5.5980e+01  -4.1635e+01  -3.3140e+01  -2.7520e+01  -2.3528e+01  -2.0548e+01  -1.8237e+01
          nan  -1.7838e+02  -8.5135e+01  -5.5856e+01  -4.1554e+01  -3.3069e+01  -2.7459e+01  -2.3474e+01  -2.0497e+01  -1.8189e+01
          nan  -1.7792e+02  -8.4885e+01  -5.5684e+01  -4.1424e+01  -3.2971e+01  -2.7381e+01  -2.3411e+01  -2.0446e+01  -1.8148e+01
          nan  -1.7758e+02  -8.4753e+01  -5.5605e+01  -4.1368e+01  -3.2933e+01  -2.7354e+01  -2.3388e+01  -2.0426e+01  -1.8130e+01
          nan  -1.7718e+02  -8.4564e+01  -5.5469e+01  -4.1247e+01  -3.2826e+01  -2.7258e+01  -2.3298e+01  -2.0343e+01  -1.8051e+01
          nan  -1.7679e+02  -8.4375e+01  -5.5357e+01  -4.1183e+01  -3.2786e+01  -2.7229e+01  -2.3281e+01  -2.0333e+01  -1.8047e+01
          nan  -1.7639e+02  -8.4187e+01  -5.5228e+01  -4.1077e+01  -3.2689e+01  -2.7145e+01  -2.3208e+01  -2.0269e+01  -1.7990e+01
          nan  -1.7600e+02  -8.4000e+01  -5.5111e+01  -4.1000e+01  -3.2640e+01  -2.7111e+01  -2.3182e+01  -2.0241e+01  -1.7961e+01
          nan  -1.7561e+02  -8.3814e+01  -5.4971e+01  -4.0888e+01  -3.2547e+01  -2.7031e+01  -2.3106e+01  -2.0177e+01  -1.7906e+01
          nan  -1.7522e+02  -8.3628e+01  -5.4867e+01  -4.0819e+01  -3.2496e+01  -2.6991e+01  -2.3081e+01  -2.0160e+01  -1.7894e+01
          nan  -1.7483e+02  -8.3444e+01  -5.4734e+01  -4.0711e+01  -3.2405e+01  -2.6914e+01  -2.3013e+01  -2.0100e+01  -1.7842e+01
          nan  -1.7445e+02  -8.3260e+01  -5.4626e+01  -4.0639e+01  -3.2352e+01  -2.6872e+01  -2.2978e+01  -2.0068e+01  -1.7809e+01
          nan  -1.7393e+02  -8.2993e+01  -5.4417e+01  -4.0467e+01  -3.2205e+01  -2.6740e+01  -2.2861e+01  -1.9964e+01  -1.7718e+01
          nan  -1.7353e+02  -8.2789e+01  -5.4300e+01  -4.0390e+01  -3.2151e+01  -2.6704e+01  -2.2833e+01  -1.9940e+01  -1.7698e+01
          nan  -1.7311e+02  -8.2547e+01  -5.4114e+01  -4.0242e+01  -3.2029e+01  -2.6599e+01  -2.2743e+01  -1.9863e+01  -1.7631e+01
          nan  -1.7293e+02  -8.2498e+01  -5.4092e+01  -4.0219e+01  -3.1990e+01  -2.6552e+01  -2.2693e+01  -1.9814e+01  -1.7583e+01
          nan  -1.7246e+02  -8.2287e+01  -5.3982e+01  -4.0158e+01  -3.1969e+01  -2.6553e+01  -2.2704e+01  -1.9829e+01  -1.7599e+01
            0            0            0            0            0            0            0            0            0            0
            0            0            0            0            0            0            0            0            0            0
            0            0            0            0            0            0            0            0            0            0
            0            0            0            0            0            0            0            0            0            0
            0            0            0            0            0            0            0            0            0            0
            0            0            0            0            0            0            0            0            0            0
            0            0            0            0            0            0            0            0            0            0
            0            0            0            0            0            0            0            0            0            0
            0            0            0            0            0            0            0            0            0            0
            0            0            0            0            0            0            0            0            0            0
            0            0            0            0            0            0            0            0            0            0
            0            0            0            0            0            0            0            0            0            0
            0            0            0            0            0            0            0            0            0            0
            0            0            0            0            0            0            0            0            0            0
            0            0            0            0            0            0            0            0            0            0
            0            0            0            0            0            0            0            0            0            0
            0            0            0            0            0            0            0            0            0            0
            0            0            0            0            0            0            0            0            0            0
            0            0            0            0            0            0            0            0            0            0
            0            0            0            0            0            0            0            0            0            0
            0            0            0            0            0            0            0            0            0            0
            0            0            0            0            0            0            0            0            0            0
            0            0            0            0            0            0            0            0            0            0
            0            0            0            0            0            0            0            0            0            0
            0            0            0            0            0            0            0            0            0            0
            0            0            0            0            0            0            0            0            0            0
            0            0            0            0            0            0            0            0            0            0
            0            0            0            0            0            0            0            0            0            0
            0            0            0            0            0            0            0            0            0            0
            0            0            0            0            0            0            0            0            0            0
            0            0            0            0            0            0            0            0            0            0
            0            0            0            0            0            0            0            0            0            0
            0            0            0            0            0            0            0            0            0            0
            0            0            0            0            0            0            0            0            0            0
            0            0            0            0            0            0            0            0            0            0
            0            0            0            0            0            0            0            0            0            0
            0            0            0            0            0            0            0            0            0            0
            0            0            0            0            0            0            0            0            0            0
            0            0            0            0            0            0            0            0            0            0
            0            0            0            0            0            0            0            0            0            0
            0            0            0            0            0            0            0            0            0            0
            0            0            0            0            0            0            0            0            0            0
            0            0            0            0            0            0            0            0            0            0
            0            0            0            0            0            0            0            0            0            0
            0            0            0            0            0            0            0            0            0            0
            0            0            0            0            0            0            0            0            0            0
            0            0            0            0            0            0            0            0            0            0
            0            0            0            0            0            0            0            0            0            0
            0            0            0            0            0            0            0            0            0            0
            0            0            0            0            0            0            0            0            0            0
            0            0            0            0            0            0            0            0            0            0
            0            0            0            0            0            0            0            0            0            0
            0            0            0            0            0            0            0            0            0            0
            0            0            0            0            0            0            0            0            0            0
            0            0            0            0            0            0            0            0            0            0
            0            0            0            0            0            0            0            0            0            0
            0            0            0            0            0            0            0            0            0            0
            0            0            0            0            0            0            0            0            0            0
            0            0            0            0            0            0            0            0            0            0
            0            0            0            0            0            0            0            0            0            0

            0            0            0            0            0            0            0            0            0            0
            0            0            0            0            0            0            0            0            0            0
            0            0            0            0            0            0            0            0            0            0
            0            0            0            0            0            0            0            0            0            0
            0            0            0            0            0            0            0            0            0            0
            0            0            0            0            0            0            0            0            0            0
            0            0            0            0            0            0            0            0            0            0
            0            0            0            0            0            0            0            0            0            0
            0            0            0            0            0            0            0            0            0            0
            0            0            0            0            0            0            0            0            0            0
            0            0            0            0            0            0            0            0            0            0
            0            0            0            0            0            0            0            0            0            0
            0            0            0            0            0            0            0            0            0            0
            0            0            0            0            0            0            0            0            0            0
            0            0            0            0            0            0            0            0            0            0
            0            0            0            0            0            0            0            0            0            0
            0            0            0            0            0            0            0            0            0            0
            0            0            0            0            0            0            0            0            0            0
            0            0            0            0            0            0            0            0            0            0
            0            0            0            0            0            0            0            0            0            0
            0            0            0            0            0            0            0            0            0            0
            0            0            0            0            0            0            0            0            0            0
            0            0            0            0            0            0            0            0            0            0
            0            0            0            0            0            0            0            0            0            0
            0            0            0            0            0            0            0            0            0            0
            0            0            0            0            0            0            0            0            0            0
            0            0            0            0            0            0            0            0            0            0
            0            0            0            0            0            0            0            0            0            0
            0            0            0            0            0            0            0            0            0            0
            0            0            0            0            0            0            0            0            0            0
          nan  -1.8419e+02  -8.7907e+01  -5.7656e+01  -4.2885e+01  -3.4136e+01  -2.8352e+01  -2.4239e+01  -2.1169e+01  -1.8788e+01
          nan  -1.8376e+02  -8.7698e+01  -5.7518e+01  -4.2777e+01  -3.4044e+01  -2.8272e+01  -2.4173e+01  -2.1112e+01  -1.8739e+01
          nan  -1.8319e+02  -8.7417e+01  -5.7350e+01  -4.2664e+01  -3.3964e+01  -2.8211e+01  -2.4124e+01  -2.1069e+01  -1.8700e+01
          nan  -1.8291e+02  -8.7298e+01  -5.7275e+01  -4.2610e+01  -3.3921e+01  -2.8176e+01  -2.4094e+01  -2.1044e+01  -1.8678e+01
          nan  -1.8249e+02  -8.7097e+01  -5.7143e+01  -4.2506e+01  -3.3832e+01  -2.8098e+01  -2.4025e+01  -2.0983e+01  -1.8625e+01
          nan  -1.8190e+02  -8.6795e+01  -5.6926e+01  -4.2342e+01  -3.3705e+01  -2.7985e+01  -2.3919e+01  -2.0884e+01  -1.8532e+01
          nan  -1.8165e+02  -8.6670e+01  -5.6827e+01  -4.2263e+01  -3.3633e+01  -2.7928e+01  -2.3876e+01  -2.0849e+01  -1.8502e+01
          nan  -1.8124e+02  -8.6499e+01  -5.6751e+01  -4.2220e+01  -3.3606e+01  -2.7903e+01  -2.3851e+01  -2.0826e+01  -1.8482e+01
          nan  -1.8082e+02  -8.6260e+01  -5.6582e+01  -4.2090e+01  -3.3506e+01  -2.7829e+01  -2.3794e+01  -2.0780e+01  -1.8444e+01
          nan  -1.8032e+02  -8.6036e+01  -5.6441e+01  -4.1984e+01  -3.3415e+01  -2.7751e+01  -2.3728e+01  -2.0724e+01  -1.8394e+01
          nan  -1.7980e+02  -8.5814e+01  -5.6301e+01  -4.1885e+01  -3.3345e+01  -2.7696e+01  -2.3684e+01  -2.0687e+01  -1.8362e+01
          nan  -1.7939e+02  -8.5592e+01  -5.6141e+01  -4.1758e+01  -3.3234e+01  -2.7599e+01  -2.3596e+01  -2.0605e+01  -1.8285e+01
          nan  -1.7911e+02  -8.5457e+01  -5.6050e+01  -4.1686e+01  -3.3178e+01  -2.7550e+01  -2.3551e+01  -2.0560e+01  -1.8242e+01
          nan  -1.7878e+02  -8.5327e+01  -5.5980e+01  -4.1635e+01  -3.3140e+01  -2.7520e+01  -2.3528e+01  -2.0548e+01  -1.8237e+01
          nan  -1.7838e+02  -8.5135e+01  -5.5856e+01  -4.1554e+01  -3.3069e+01  -2.7459e+01  -2.3474e+01  -2.0497e+01  -1.8189e+01
          nan  -1.7792e+02  -8.4885e+01  -5.5684e+01  -4.1424e+01  -3.2971e+01  -2.7381e+01  -2.3411e+01  -2.0446e+01  -1.8148e+01
          nan  -1.7758e+02  -8.4753e+01  -5.5605e+01  -4.1368e+01  -3.2933e+01  -2.7354e+01  -2.3388e+01  -2.0426e+01  -1.8130e+01
          nan  -1.7718e+02  -8.4564e+01  -5.5469e+01  -4.1247e+01  -3.2826e+01  -2.7258e+01  -2.3298e+01  -2.0343e+01  -1.8051e+01
          nan  -1.7679e+02  -8.4375e+01  -5.5357e+01  -4.1183e+01  -3.2786e+01  -2.7229e+01  -2.3281e+01  -2.0333e+01  -1.8047e+01
          nan  -1.7639e+02  -8.4187e+01  -5.5228e+01  -4.1077e+01  -3.2689e+01  -2.7145e+01  -2.3208e+01  -2.0269e+01  -1.7990e+01
          nan  -1.7600e+02  -8.4000e+01  -5.5111e+01  -4.1000e+01  -3.2640e+01  -2.7111e+01  -2.3182e+01  -2.0241e+01  -1.7961e+01
          nan  -1.7561e+02  -8.3814e+01  -5.4971e+01  -4.0888e+01  -3.2547e+01  -2.7031e+01  -2.3106e+01  -2.0177e+01  -1.7906e+01
          nan  -1.7522e+02  -8.3628e+01  -5.4867e+01  -4.0819e+01  -3.2496e+01  -2.6991e+01  -2.3081e+01  -2.0160e+01  -1.7894e+01
          nan  -1.7483e+02  -8.3444e+01  -5.4734e+01  -4.0711e+01  -3.2405e+01  -2.6914e+01  -2.3013e+01  -2.0100e+01  -1.7842e+01
          nan  -1.7445e+02  -8.3260e+01  -5.4626e+01  -4.0639e+01  -3.2352e+01  -2.6872e+01  -2.2978e+01  -2.0068e+01  -1.7809e+01
          nan  -1.7393e+02  -8.2993e+01  -5.4417e+01  -4.0467e+01  -3.2205e+01  -2.6740e+01  -2.2861e+01  -1.9964e+01  -1.7718e+01
          nan  -1.7353e+02  -8.2789e+01  -5.4300e+01  -4.0390e+01  -3.2151e+01  -2.6704e+01  -2.2833e+01  -1.9940e+01  -1.7698e+01
          nan  -1.7311e+02  -8.2547e+01  -5.4114e+01  -4.0242e+01  -3.2029e+01  -2.6599e+01  -2.2743e+01  -1.9863e+01  -1.7631e+01
          nan  -1.7293e+02  -8.2498e+01  -5.4092e+01  -4.0219e+01  -3.1990e+01  -2.6552e+01  -2.2693e+01  -1.9814e+01  -1.7583e+01
          nan  -1.7246e+02  -8.2287e+01  -5.3982e+01  -4.0158e+01  -3.1969e+01  -2.6553e+01  -2.2704e+01  -1.9829e+01  -1.7599e+01
            0            0            0            0            0            0            0            0            0            0
            0            0            0            0            0            0            0            0            0            0
            0            0            0            0            0            0            0            0            0            0
            0            0            0            0            0            0            0            0            0            0
            0            0            0            0            0            0            0            0            0            0
            0            0            0            0            0            0            0            0            0            0
            0            0            0            0            0            0            0            0            0            0
            0            0            0            0            0            0            0            0            0            0
            0            0            0            0            0            0            0            0            0            0
            0            0            0            0            0            0            0            0            0            0
            0            0            0            0            0            0            0            0            0            0
            0            0            0            0            0            0            0            0            0            0
            0            0            0            0            0            0            0            0            0            0
            0            0            0            0            0            0            0            0            0            0
            0            0            0            0            0            0            0            0            0            0
            0            0            0            0            0            0            0            0            0            0
            0            0            0            0            0            0            0            0            0            0
            0            0            0            0            0            0            0            0            0            0
            0            0            0            0            0            0            0            0            0            0
            0            0            0            0            0            0            0            0            0            0
            0            0            0            0            0            0            0            0            0            0
            0            0            0            0            0            0            0            0            0            0
            0            0            0            0            0            0            0            0            0            0
            0            0            0            0            0            0            0            0            0            0
            0            0            0            0            0            0            0            0            0            0
            0            0            0            0            0            0            0            0            0            0
            0            0            0            0            0            0            0            0            0            0
            0            0            0            0            0            0            0            0            0            0
            0            0            0            0            0            0            0            0            0            0
            0            0            0            0            0            0            0            0            0            0
            0            0            0            0            0            0            0            0            0            0
            0            0            0            0            0            0            0            0            0            0
            0            0            0            0            0            0            0            0            0            0
            0            0            0            0            0            0            0            0            0            0
            0            0            0            0            0            0            0            0            0            0
            0            0            0            0            0            0            0            0            0            0
            0            0            0            0            0            0            0            0            0            0
            0            0            0            0            0            0            0            0            0            0
            0            0            0            0            0            0            0            0            0            0
            0            0            0            0            0            0            0            0            0            0
            0            0            0            0            0            0            0            0            0            0
            0            0            0            0            0            0            0            0            0            0
            0            0            0            0            0            0            0            0            0            0
            0            0            0            0            0            0            0            0            0            0
            0            0            0            0            0            0            0            0            0            0
            0            0            0            0            0            0            0            0            0            0
            0            0            0            0            0            0            0            0            0            0
            0            0            0            0            0            0            0            0            0            0
            0            0            0            0            0            0            0            0            0            0
            0            0            0            0            0            0            0            0            0            0
            0            0            0            0            0            0            0            0            0            0
            0            0            0            0            0            0            0            0            0            0
            0            0            0            0            0            0            0            0            0            0
            0            0            0            0            0            0            0            0            0            0
            0            0            0            0            0            0            0            0            0            0
            0            0            0            0            0            0            0            0            0            0
            0            0            0            0            0            0            0            0            0            0
            0            0            0            0            0            0            0            0            0            0
            0            0            0            0            0            0            0            0            0            0
            0            0            0            0            0            0            0            0            0            0

        0        0        0        0        0        0        0        0        0        0
        0        0        0        0        0        0        0        0        0        0
        0        0        0        0        0        0        0        0        0        0
        0        0        0        0        0        0        0        0        0        0
        0        0        0        0        0        0        0        0        0        0
        0        0        0        0        0        0        0        0        0        0
        0        0        0        0        0        0        0        0        0        0
        0        0        0        0        0        0        0        0        0        0
        0        0        0        0        0        0        0        0        0        0
        0        0        0        0        0        0        0        0        0        0
        0        0        0        0        0        0        0        0        0        0
        0        0        0        0        0        0        0        0        0        0
        0        0        0        0        0        0        0        0        0        0
        0        0        0        0        0        0        0        0        0        0
        0        0        0        0        0        0        0        0        0        0
        0        0        0        0        0        0        0        0        0        0
        0        0        0        0        0        0        0        0        0        0
        0        0        0        0        0        0        0        0        0        0
        0        0        0        0        0        0        0        0        0        0
        0        0        0        0        0        0        0        0        0        0
        0        0        0        0        0        0        0        0        0        0
        0        0        0        0        0        0        0        0        0        0
        0        0        0        0        0        0        0        0        0        0
        0        0        0        0        0        0        0        0        0        0
        0        0        0        0        0        0        0        0        0        0
        0        0        0        0        0        0        0        0        0        0
        0        0        0        0        0        0        0        0        0        0
        0        0        0        0        0        0        0        0        0        0
        0        0        0        0        0        0        0        0        0        0
        0        0        0        0        0        0        0        0        0        0
      nan        0        0   0.0333   0.0250   0.0200   0.0167   0.0286   0.0250   0.0222
      nan        0   0.0500   0.0333   0.0500   0.0400   0.0333   0.0286   0.0250   0.0222
      nan   0.1000   0.0500   0.0333   0.0250   0.0200   0.0167   0.0143   0.0250   0.0222
      nan        0        0        0        0        0        0        0   0.0125   0.0111
      nan        0        0        0   0.0250   0.0200   0.0167   0.0143   0.0125   0.0111
      nan   0.1000   0.1000   0.0667   0.0500   0.0400   0.0833   0.0714   0.0625   0.0667
      nan        0   0.1000   0.0667   0.0500   0.0600   0.0500   0.0571   0.0500   0.0444
      nan        0        0        0        0   0.0200   0.0500   0.0429   0.0375   0.0333
      nan        0   0.0500   0.0333   0.0250   0.0200   0.0167   0.0286   0.0250   0.0222
      nan   0.1000   0.0500   0.0333   0.0500   0.0400   0.0333   0.0286   0.0250   0.0222
      inf   0.1000   0.0500   0.0333   0.0250   0.0200   0.0167   0.0143   0.0125   0.0222
      inf   0.1000   0.1000   0.0667   0.0750   0.0600   0.0500   0.0571   0.0500   0.0556
      nan   0.1000   0.0500   0.0667   0.0500   0.0600   0.0500   0.0571   0.0750   0.0667
      nan        0        0   0.0333   0.0250   0.0200   0.0333   0.0286   0.0250   0.0222
      nan        0        0        0        0   0.0400   0.0333   0.0429   0.0375   0.0444
      nan   0.1000   0.0500   0.0333   0.0250   0.0400   0.0333   0.0286   0.0250   0.0222
      nan        0        0        0        0        0   0.0167   0.0143   0.0125   0.0111
      nan        0        0   0.0333   0.0500   0.0400   0.0500   0.0571   0.0500   0.0556
      nan        0        0        0        0        0   0.0167   0.0143   0.0125   0.0111
      nan        0        0   0.0333   0.0250   0.0400   0.0333   0.0286   0.0250   0.0222
      nan        0        0        0        0        0        0   0.0286   0.0375   0.0333
      nan        0        0   0.0333   0.0250   0.0200   0.0333   0.0429   0.0375   0.0333
      nan        0        0        0        0        0        0        0        0   0.0111
      nan        0        0   0.0333   0.0250   0.0200   0.0167   0.0143   0.0125   0.0111
      nan        0        0        0        0        0        0   0.0143   0.0125   0.0333
      nan   0.1000   0.1000   0.1000   0.0750   0.0800   0.0667   0.0571   0.0500   0.0556
      nan   0.1000   0.1000   0.0667   0.0500   0.0400   0.0333   0.0429   0.0375   0.0333
      inf   0.1000   0.2000   0.1333   0.1000   0.0800   0.0667   0.0571   0.0500   0.0444
      nan        0   0.1000   0.1000   0.0750   0.1200   0.1000   0.0857   0.0750   0.0667
      nan   0.1000   0.0500   0.0333   0.0250   0.0200   0.0167   0.0286   0.0250   0.0222
        0        0        0        0        0        0        0        0        0        0
        0        0        0        0        0        0        0        0        0        0
        0        0        0        0        0        0        0        0        0        0
        0        0        0        0        0        0        0        0        0        0
        0        0        0        0        0        0        0        0        0        0
        0        0        0        0        0        0        0        0        0        0
        0        0        0        0        0        0        0        0        0        0
        0        0        0        0        0        0        0        0        0        0
        0        0        0        0        0        0        0        0        0        0
        0        0        0        0        0        0        0        0        0        0
        0        0        0        0        0        0        0        0        0        0
        0        0        0        0        0        0        0        0        0        0
        0        0        0        0        0        0        0        0        0        0
        0        0        0        0        0        0        0        0        0        0
        0        0        0        0        0        0        0        0        0        0
        0        0        0        0        0        0        0        0        0        0
        0        0        0        0        0        0        0        0        0        0
        0        0        0        0        0        0        0        0        0        0
        0        0        0        0        0        0        0        0        0        0
        0        0        0        0        0        0        0        0        0        0
        0        0        0        0        0        0        0        0        0        0
        0        0        0        0        0        0        0        0        0        0
        0        0        0        0        0        0        0        0        0        0
        0        0        0        0        0        0        0        0        0        0
        0        0        0        0        0        0        0        0        0        0
        0        0        0        0        0        0        0        0        0        0
        0        0        0        0        0        0        0        0        0        0
        0        0        0        0        0        0        0        0        0        0
        0        0        0        0        0        0        0        0        0        0
        0        0        0        0        0        0        0        0        0        0
        0        0        0        0        0        0        0        0        0        0
        0        0        0        0        0        0        0        0        0        0
        0        0        0        0        0        0        0        0        0        0
        0        0        0        0        0        0        0        0        0        0
        0        0        0        0        0        0        0        0        0        0
        0        0        0        0        0        0        0        0        0        0
        0        0        0        0        0        0        0        0        0        0
        0        0        0        0        0        0        0        0        0        0
        0        0        0        0        0        0        0        0        0        0
        0        0        0        0        0        0        0        0        0        0
        0        0        0        0        0        0        0        0        0        0
        0        0        0        0        0        0        0        0        0        0
        0        0        0        0        0        0        0        0        0        0
        0        0        0        0        0        0        0        0        0        0
        0        0        0        0        0        0        0        0        0        0
        0        0        0        0        0        0        0        0        0        0
        0        0        0        0        0        0        0        0        0        0
        0        0        0        0        0        0        0        0        0        0
        0        0        0        0        0        0        0        0        0        0
        0        0        0        0        0        0        0        0        0        0
        0        0        0        0        0        0        0        0        0        0
        0        0        0        0        0        0        0        0        0        0
        0        0        0        0        0        0        0        0        0        0
        0        0        0        0        0        0        0        0        0        0
        0        0        0        0        0        0        0        0        0        0
        0        0        0        0        0        0        0        0        0        0
        0        0        0        0        0        0        0        0        0        0
        0        0        0        0        0        0        0        0        0        0
        0        0        0        0        0        0        0        0        0        0
        0        0        0        0        0        0        0        0        0        0

