   1.4000
   1.5000
   1.6000
   1.7000
   1.8000
   1.9000
   2.0000
   2.1000
   2.2000
   2.3000
   2.4000
   2.5000
   2.6000
   2.7000
   2.8000
   2.9000

  -1.9674  -1.9676  -1.9674  -1.9673  -1.9677  -1.9678  -1.9678  -1.9677  -1.9677  -1.9676
  -1.9513  -1.9519  -1.9517  -1.9513  -1.9513  -1.9511  -1.9509  -1.9509  -1.9509  -1.9508
  -1.9281  -1.9279  -1.9277  -1.9280  -1.9280  -1.9279  -1.9277  -1.9283  -1.9286  -1.9286
  -1.8960  -1.8962  -1.8971  -1.8975  -1.8977  -1.8975  -1.8975  -1.8973  -1.8973  -1.8975
  -1.8560  -1.8581  -1.8586  -1.8596  -1.8602  -1.8600  -1.8600  -1.8596  -1.8592  -1.8594
  -1.8116  -1.8123  -1.8109  -1.8104  -1.8106  -1.8109  -1.8106  -1.8098  -1.8104  -1.8108
  -1.7408  -1.7427  -1.7435  -1.7444  -1.7447  -1.7450  -1.7443  -1.7441  -1.7443  -1.7441
  -1.6650  -1.6676  -1.6662  -1.6652  -1.6657  -1.6664  -1.6656  -1.6659  -1.6657  -1.6648
  -1.5445  -1.5542  -1.5573  -1.5558  -1.5571  -1.5569  -1.5525  -1.5483  -1.5475  -1.5480
  -1.3762  -1.3584  -1.3607  -1.3532  -1.3415  -1.3307  -1.3393  -1.3484  -1.3532  -1.3570
  -1.2159  -1.2018  -1.2010  -1.2049  -1.2045  -1.2045  -1.2039  -1.2049  -1.2037  -1.2038
  -1.1593  -1.1364  -1.1304  -1.1251  -1.1184  -1.1197  -1.1175  -1.1139  -1.1107  -1.1088
  -1.0550  -1.0439  -1.0438  -1.0370  -1.0340  -1.0336  -1.0318  -1.0330  -1.0328  -1.0326
  -0.9722  -0.9710  -0.9685  -0.9688  -0.9681  -0.9681  -0.9682  -0.9675  -0.9670  -0.9666
  -0.9172  -0.9093  -0.9097  -0.9112  -0.9101  -0.9085  -0.9105  -0.9100  -0.9090  -0.9094
  -0.8636  -0.8618  -0.8625  -0.8619  -0.8606  -0.8608  -0.8599  -0.8600  -0.8600  -0.8595

   0.9912   0.9913   0.9912   0.9912   0.9913   0.9913   0.9913   0.9913   0.9913   0.9913
   0.9867   0.9868   0.9867   0.9866   0.9866   0.9866   0.9865   0.9865   0.9865   0.9864
   0.9794   0.9795   0.9794   0.9796   0.9796   0.9795   0.9795   0.9797   0.9798   0.9798
   0.9692   0.9693   0.9696   0.9698   0.9699   0.9698   0.9698   0.9697   0.9697   0.9697
   0.9548   0.9558   0.9564   0.9569   0.9571   0.9571   0.9570   0.9568   0.9566   0.9567
   0.9401   0.9402   0.9394   0.9391   0.9391   0.9391   0.9390   0.9387   0.9390   0.9392
   0.9096   0.9110   0.9109   0.9116   0.9116   0.9117   0.9113   0.9109   0.9110   0.9107
   0.8722   0.8730   0.8725   0.8716   0.8721   0.8728   0.8721   0.8722   0.8721   0.8715
   0.7979   0.8041   0.8077   0.8047   0.8058   0.8061   0.8016   0.7951   0.7940   0.7955
   0.5638   0.5209   0.5354   0.4772   0.4361   0.3409   0.2013   0.0907   0.0144  -0.0501
   0.3159   0.0461  -0.0047  -0.0772  -0.0722  -0.0688  -0.0434  -0.0025  -0.0126  -0.0262
   0.3582   0.2030   0.1259   0.1193   0.1215   0.1191   0.1184   0.1005   0.0897   0.0902
   0.0415   0.0564  -0.0116  -0.0182  -0.0158   0.0148   0.0157   0.0286   0.0383   0.0342
   0.0439   0.0667   0.0480   0.0422   0.0354   0.0205   0.0240   0.0135   0.0148   0.0115
   0.0679   0.0322   0.0214   0.0096   0.0064   0.0017  -0.0023   0.0011  -0.0026  -0.0039
   0.0072   0.0016   0.0093   0.0099   0.0108   0.0117   0.0079   0.0031   0.0041   0.0072

   0.9912   0.9913   0.9912   0.9912   0.9913   0.9913   0.9913   0.9913   0.9913   0.9913
   0.9867   0.9868   0.9867   0.9866   0.9866   0.9866   0.9865   0.9865   0.9865   0.9864
   0.9794   0.9795   0.9794   0.9796   0.9796   0.9795   0.9795   0.9797   0.9798   0.9798
   0.9692   0.9693   0.9696   0.9698   0.9699   0.9698   0.9698   0.9697   0.9697   0.9697
   0.9548   0.9558   0.9564   0.9569   0.9571   0.9571   0.9570   0.9568   0.9566   0.9567
   0.9401   0.9402   0.9394   0.9391   0.9391   0.9391   0.9390   0.9387   0.9390   0.9392
   0.9096   0.9110   0.9109   0.9116   0.9116   0.9117   0.9113   0.9109   0.9110   0.9107
   0.8722   0.8730   0.8725   0.8716   0.8721   0.8728   0.8721   0.8722   0.8721   0.8715
   0.7979   0.8041   0.8077   0.8047   0.8058   0.8061   0.8016   0.7951   0.7940   0.7955
   0.5638   0.5209   0.5354   0.4776   0.4377   0.3992   0.4331   0.4645   0.4791   0.4942
   0.3478   0.2896   0.2812   0.2846   0.2494   0.2335   0.2299   0.2383   0.2279   0.2262
   0.3582   0.2223   0.2044   0.1907   0.1806   0.1723   0.1711   0.1594   0.1578   0.1536
   0.1245   0.1122   0.1352   0.1305   0.1248   0.1324   0.1289   0.1364   0.1359   0.1289
   0.1522   0.1375   0.1177   0.1183   0.1159   0.1119   0.1108   0.1097   0.1069   0.1046
   0.1109   0.1032   0.0908   0.0870   0.0820   0.0802   0.0791   0.0796   0.0789   0.0795
   0.0993   0.0872   0.0840   0.0808   0.0799   0.0774   0.0764   0.0770   0.0765   0.0772

   0.1372   0.1360   0.1373   0.1446   0.1424   0.1418   0.1418   0.1416   0.1432   0.1448
   0.1841   0.1787   0.1838   0.1916   0.1938   0.1937   0.1946   0.1939   0.1936   0.1964
   0.2945   0.2812   0.2778   0.2803   0.2717   0.2687   0.2705   0.2698   0.2674   0.2636
   0.3331   0.3239   0.3146   0.3155   0.3296   0.3328   0.3337   0.3409   0.3380   0.3426
   0.5067   0.4731   0.4721   0.4534   0.4408   0.4418   0.4513   0.4478   0.4523   0.4531
   0.5644   0.5492   0.5655   0.5620   0.5467   0.5571   0.5576   0.5630   0.5659   0.5602
   0.7641   0.7205   0.7731   0.7512   0.7426   0.7466   0.7601   0.7561   0.7542   0.7446
   0.8999   0.8292   0.8307   0.8936   0.9112   0.8983   0.9199   0.9480   0.9338   0.9535
   1.3480   1.2751   1.1732   1.1549   1.1342   1.1075   1.2053   1.2943   1.2741   1.2564
   1.6058   1.5312   1.5423   1.6679   1.7585   1.8663   1.9390   2.0293   2.0894   2.0436
   1.8350   1.5082   1.3362   1.3532   1.2859   1.2561   1.2365   1.2125   1.1831   1.1380
   1.7518   1.5427   1.2870   1.2242   1.2054   1.1667   1.1276   1.1104   1.0948   1.0750
   1.5163   1.1111   0.9945   0.9402   0.9053   0.8640   0.8423   0.8290   0.8044   0.7877
   1.0321   0.8084   0.7386   0.6940   0.6724   0.6530   0.6404   0.6278   0.6236   0.6167
   1.1788   0.8500   0.7325   0.6723   0.6368   0.6156   0.6009   0.5935   0.5844   0.5776
   1.1532   0.8152   0.6960   0.6274   0.5896   0.5672   0.5463   0.5419   0.5344   0.5239

   1.5161e-02   1.5525e-02   1.5948e-02   1.6860e-02   1.6483e-02   1.6384e-02   1.6379e-02   1.6439e-02   1.6684e-02   1.6823e-02
   2.4583e-02   2.4175e-02   2.4862e-02   2.6031e-02   2.5997e-02   2.6044e-02   2.6093e-02   2.6003e-02   2.5980e-02   2.6588e-02
   5.0695e-02   4.6935e-02   4.6770e-02   4.6020e-02   4.4525e-02   4.4105e-02   4.4360e-02   4.3943e-02   4.3725e-02   4.3028e-02
   6.7387e-02   6.6260e-02   6.4817e-02   6.3942e-02   6.7141e-02   6.7382e-02   6.7978e-02   7.0176e-02   6.9266e-02   6.9925e-02
   1.3229e-01   1.2493e-01   1.2216e-01   1.1506e-01   1.1097e-01   1.1172e-01   1.1570e-01   1.1404e-01   1.1738e-01   1.1740e-01
   1.7716e-01   1.7161e-01   1.7845e-01   1.8117e-01   1.7570e-01   1.8288e-01   1.8683e-01   1.8892e-01   1.8788e-01   1.8416e-01
   3.4856e-01   3.2516e-01   3.6974e-01   3.5452e-01   3.5877e-01   3.5404e-01   3.6387e-01   3.7135e-01   3.7895e-01   3.7746e-01
   6.0190e-01   5.7519e-01   5.8728e-01   6.8865e-01   7.1142e-01   7.0771e-01   7.2779e-01   7.6965e-01   7.5259e-01   7.7131e-01
   1.7600e+00   1.7365e+00   1.5310e+00   1.7210e+00   1.6432e+00   1.5553e+00   1.8000e+00   2.4517e+00   2.3458e+00   2.2444e+00
   7.5969e+00   1.0164e+01   1.2670e+01   2.7826e+01   3.0912e+01   6.4109e+01   1.3711e+02   1.7998e+02   1.9371e+02   2.0095e+02
   3.5442e+01   7.3481e+01   7.1826e+01   6.6707e+01   5.5719e+01   4.9610e+01   4.9545e+01   5.5170e+01   5.1130e+01   4.9912e+01
   1.3082e+01   2.5692e+01   3.3454e+01   2.8841e+01   2.4780e+01   2.2780e+01   2.2054e+01   2.1464e+01   2.2020e+01   2.0595e+01
   2.2914e+01   1.4522e+01   2.1855e+01   1.9565e+01   1.7476e+01   1.8482e+01   1.7415e+01   1.8409e+01   1.7722e+01   1.6466e+01
   2.0004e+01   1.4868e+01   1.2130e+01   1.2245e+01   1.1874e+01   1.1631e+01   1.1246e+01   1.1155e+01   1.0572e+01   1.0192e+01
   1.1691e+01   1.0104e+01   8.1960e+00   7.6758e+00   6.8257e+00   6.6352e+00   6.3886e+00   6.3561e+00   6.2000e+00   6.1944e+00
   1.1336e+01   8.1071e+00   7.0980e+00   6.4718e+00   6.0845e+00   5.7026e+00   5.5410e+00   5.5382e+00   5.4231e+00   5.4370e+00

   8.6430e+03   1.7131e+04   2.5849e+04   3.4498e+04   4.2843e+04   5.1404e+04   6.0097e+04   6.8676e+04   7.7575e+04   8.6411e+04
   1.3283e+04   2.6393e+04   3.9750e+04   5.3376e+04   6.6850e+04   8.0442e+04   9.4194e+04   1.0755e+05   1.2072e+05   1.3453e+05
   1.9734e+04   3.9877e+04   6.0432e+04   8.0123e+04   1.0035e+05   1.2067e+05   1.4072e+05   1.5976e+05   1.7897e+05   1.9886e+05
   2.9995e+04   5.9429e+04   8.8393e+04   1.1738e+05   1.4661e+05   1.7612e+05   2.0561e+05   2.3539e+05   2.6464e+05   2.9379e+05
   4.2848e+04   8.3699e+04   1.2499e+05   1.6541e+05   2.0597e+05   2.4746e+05   2.8853e+05   3.3037e+05   3.7270e+05   4.1404e+05
   5.6374e+04   1.1258e+05   1.7071e+05   2.2877e+05   2.8628e+05   3.4343e+05   4.0120e+05   4.5993e+05   5.1609e+05   5.7177e+05
   8.1161e+04   1.6030e+05   2.3957e+05   3.1785e+05   3.9678e+05   4.7536e+05   5.5603e+05   6.3580e+05   7.1461e+05   7.9499e+05
   1.0764e+05   2.1341e+05   3.2132e+05   4.2993e+05   5.3658e+05   6.4186e+05   7.5077e+05   8.5708e+05   9.6434e+05   1.0753e+06
   1.5052e+05   2.9519e+05   4.4004e+05   5.8850e+05   7.3259e+05   8.7992e+05   1.0376e+06   1.1982e+06   1.3510e+06   1.4988e+06
   2.1442e+05   4.4194e+05   6.6086e+05   8.9226e+05   1.1370e+06   1.3878e+06   1.5967e+06   1.7978e+06   2.0070e+06   2.2159e+06
   2.7669e+05   5.6409e+05   8.4712e+05   1.1236e+06   1.4064e+06   1.6875e+06   1.9708e+06   2.2486e+06   2.5342e+06   2.8167e+06
   3.0251e+05   6.2340e+05   9.4268e+05   1.2649e+06   1.5926e+06   1.9081e+06   2.2325e+06   2.5618e+06   2.8919e+06   3.2206e+06
   3.4745e+05   7.0446e+05   1.0564e+06   1.4193e+06   1.7795e+06   2.1351e+06   2.4958e+06   2.8488e+06   3.2061e+06   3.5628e+06
   3.8396e+05   7.7103e+05   1.1593e+06   1.5449e+06   1.9326e+06   2.3194e+06   2.7066e+06   3.0955e+06   3.4852e+06   3.8722e+06
   4.1218e+05   8.2929e+05   1.2425e+06   1.6549e+06   2.0710e+06   2.4887e+06   2.8982e+06   3.3138e+06   3.7318e+06   4.1448e+06
   4.3806e+05   8.7724e+05   1.3145e+06   1.7537e+06   2.1947e+06   2.6329e+06   3.0734e+06   3.5133e+06   3.9523e+06   4.3929e+06

