   2.0000
   2.0050
   2.0100
   2.0150
   2.0200
   2.0250
   2.0300
   2.0350
   2.0400
   2.0450
   2.0500
   2.0550
   2.0600
   2.0650
   2.0700
   2.0750
   2.0800
   2.0850
   2.0900
   2.0950
   2.1000
   2.1050
   2.1100
   2.1150
   2.1200
   2.1250
   2.1300
   2.1350
   2.1400
   2.1450
   2.1500
   2.1550
   2.1600
   2.1650
   2.1700
   2.1750
   2.1800
   2.1850
   2.1900
   2.1950
   2.2000
   2.2050
   2.2100
   2.2150
   2.2200
   2.2250
   2.2300
   2.2350
   2.2400
   2.2450
   2.2500
   2.2550
   2.2600
   2.2650
   2.2700
   2.2750
   2.2800
   2.2850
   2.2900
   2.2950
   2.3000
   2.3050
   2.3100
   2.3150
   2.3200
   2.3250
   2.3300
   2.3350
   2.3400
   2.3450
   2.3500
   2.3550
   2.3600
   2.3650
   2.3700
   2.3750
   2.3800
   2.3850
   2.3900
   2.3950
   2.4000
   2.4050
   2.4100
   2.4150
   2.4200
   2.4250
   2.4300
   2.4350
   2.4400
   2.4450
   2.4500
   2.4550
   2.4600
   2.4650
   2.4700
   2.4750
   2.4800
   2.4850
   2.4900
   2.4950
   2.5000
   2.5050
   2.5100
   2.5150
   2.5200
   2.5250
   2.5300
   2.5350
   2.5400
   2.5450
   2.5500
   2.5550
   2.5600
   2.5650
   2.5700
   2.5750
   2.5800
   2.5850
   2.5900
   2.5950

     -inf  -2.1945  -2.0947  -2.0615  -2.0436  -2.0329  -2.0257  -2.0206  -2.0164  -2.0125
     -inf  -2.2000  -2.1000  -2.0660  -2.0482  -2.0376  -2.0305  -2.0248  -2.0204  -2.0171
     -inf  -2.2000  -2.1000  -2.0667  -2.0500  -2.0400  -2.0333  -2.0286  -2.0250  -2.0222
     -inf  -2.1945  -2.0947  -2.0612  -2.0434  -2.0327  -2.0256  -2.0205  -2.0167  -2.0137
     -inf  -2.2000  -2.1000  -2.0667  -2.0500  -2.0400  -2.0333  -2.0285  -2.0242  -2.0204
     -inf  -2.2000  -2.1000  -2.0667  -2.0497  -2.0381  -2.0301  -2.0244  -2.0201  -2.0165
     -inf  -2.2000  -2.0997  -2.0648  -2.0464  -2.0351  -2.0276  -2.0220  -2.0180  -2.0149
     -inf  -2.1860  -2.0855  -2.0520  -2.0353  -2.0252  -2.0185  -2.0137  -2.0101  -2.0073
     -inf  -2.1975  -2.0957  -2.0612  -2.0434  -2.0317  -2.0239  -2.0179  -2.0131  -2.0093
     -inf  -2.2000  -2.1000  -2.0667  -2.0500  -2.0391  -2.0312  -2.0253  -2.0209  -2.0174
     -inf  -2.1940  -2.0895  -2.0530  -2.0339  -2.0211  -2.0118  -2.0036  -1.9969  -1.9914
     -inf  -2.2000  -2.1000  -2.0667  -2.0495  -2.0386  -2.0313  -2.0261  -2.0223  -2.0192
     -inf  -2.2000  -2.1000  -2.0667  -2.0500  -2.0400  -2.0333  -2.0286  -2.0250  -2.0222
     -inf  -2.2000  -2.0995  -2.0647  -2.0473  -2.0368  -2.0291  -2.0235  -2.0193  -2.0161
     -inf  -2.2000  -2.1000  -2.0667  -2.0500  -2.0400  -2.0333  -2.0286  -2.0250  -2.0222
     -inf  -2.2000  -2.1000  -2.0665  -2.0480  -2.0364  -2.0287  -2.0231  -2.0190  -2.0158
     -inf  -2.2000  -2.1000  -2.0667  -2.0500  -2.0398  -2.0315  -2.0253  -2.0202  -2.0163
     -inf  -2.2000  -2.0965  -2.0610  -2.0433  -2.0326  -2.0255  -2.0204  -2.0166  -2.0134
     -inf  -2.2000  -2.0990  -2.0643  -2.0470  -2.0366  -2.0291  -2.0235  -2.0193  -2.0161
     -inf  -2.1945  -2.0947  -2.0615  -2.0449  -2.0349  -2.0281  -2.0226  -2.0186  -2.0154
     -inf  -2.2000  -2.1000  -2.0667  -2.0500  -2.0394  -2.0320  -2.0267  -2.0228  -2.0197
     -inf  -2.2000  -2.1000  -2.0667  -2.0500  -2.0395  -2.0321  -2.0268  -2.0228  -2.0197
     -inf  -2.1975  -2.0962  -2.0625  -2.0456  -2.0346  -2.0263  -2.0201  -2.0151  -2.0110
     -inf  -2.1960  -2.0930  -2.0587  -2.0415  -2.0312  -2.0243  -2.0188  -2.0146  -2.0113
     -inf  -2.1895  -2.0897  -2.0565  -2.0397  -2.0288  -2.0210  -2.0151  -2.0107  -2.0073
     -inf  -2.2000  -2.1000  -2.0667  -2.0500  -2.0400  -2.0333  -2.0286  -2.0250  -2.0215
     -inf  -2.1918  -2.0921  -2.0574  -2.0396  -2.0282  -2.0201  -2.0140  -2.0088  -2.0042
     -inf  -2.1960  -2.0955  -2.0620  -2.0453  -2.0352  -2.0285  -2.0235  -2.0193  -2.0156
     -inf  -2.2000  -2.0985  -2.0640  -2.0468  -2.0364  -2.0295  -2.0246  -2.0209  -2.0180
     -inf  -2.2000  -2.1000  -2.0667  -2.0500  -2.0400  -2.0333  -2.0282  -2.0241  -2.0203
        0        0        0        0        0        0        0        0        0        0
        0        0        0        0        0        0        0        0        0        0
        0        0        0        0        0        0        0        0        0        0
        0        0        0        0        0        0        0        0        0        0
        0        0        0        0        0        0        0        0        0        0
        0        0        0        0        0        0        0        0        0        0
        0        0        0        0        0        0        0        0        0        0
        0        0        0        0        0        0        0        0        0        0
        0        0        0        0        0        0        0        0        0        0
        0        0        0        0        0        0        0        0        0        0
        0        0        0        0        0        0        0        0        0        0
        0        0        0        0        0        0        0        0        0        0
        0        0        0        0        0        0        0        0        0        0
        0        0        0        0        0        0        0        0        0        0
        0        0        0        0        0        0        0        0        0        0
        0        0        0        0        0        0        0        0        0        0
        0        0        0        0        0        0        0        0        0        0
        0        0        0        0        0        0        0        0        0        0
        0        0        0        0        0        0        0        0        0        0
        0        0        0        0        0        0        0        0        0        0
        0        0        0        0        0        0        0        0        0        0
        0        0        0        0        0        0        0        0        0        0
        0        0        0        0        0        0        0        0        0        0
        0        0        0        0        0        0        0        0        0        0
        0        0        0        0        0        0        0        0        0        0
        0        0        0        0        0        0        0        0        0        0
        0        0        0        0        0        0        0        0        0        0
        0        0        0        0        0        0        0        0        0        0
        0        0        0        0        0        0        0        0        0        0
        0        0        0        0        0        0        0        0        0        0
        0        0        0        0        0        0        0        0        0        0
        0        0        0        0        0        0        0        0        0        0
        0        0        0        0        0        0        0        0        0        0
        0        0        0        0        0        0        0        0        0        0
        0        0        0        0        0        0        0        0        0        0
        0        0        0        0        0        0        0        0        0        0
        0        0        0        0        0        0        0        0        0        0
        0        0        0        0        0        0        0        0        0        0
        0        0        0        0        0        0        0        0        0        0
        0        0        0        0        0        0        0        0        0        0
        0        0        0        0        0        0        0        0        0        0
        0        0        0        0        0        0        0        0        0        0
        0        0        0        0        0        0        0        0        0        0
        0        0        0        0        0        0        0        0        0        0
        0        0        0        0        0        0        0        0        0        0
        0        0        0        0        0        0        0        0        0        0
        0        0        0        0        0        0        0        0        0        0
        0        0        0        0        0        0        0        0        0        0
        0        0        0        0        0        0        0        0        0        0
        0        0        0        0        0        0        0        0        0        0
        0        0        0        0        0        0        0        0        0        0
        0        0        0        0        0        0        0        0        0        0
        0        0        0        0        0        0        0        0        0        0
        0        0        0        0        0        0        0        0        0        0
        0        0        0        0        0        0        0        0        0        0
        0        0        0        0        0        0        0        0        0        0
        0        0        0        0        0        0        0        0        0        0
        0        0        0        0        0        0        0        0        0        0
        0        0        0        0        0        0        0        0        0        0
        0        0        0        0        0        0        0        0        0        0
        0        0        0        0        0        0        0        0        0        0
        0        0        0        0        0        0        0        0        0        0
        0        0        0        0        0        0        0        0        0        0
        0        0        0        0        0        0        0        0        0        0
        0        0        0        0        0        0        0        0        0        0
        0        0        0        0        0        0        0        0        0        0
        0        0        0        0        0        0        0        0        0        0
        0        0        0        0        0        0        0        0        0        0
        0        0        0        0        0        0        0        0        0        0
        0        0        0        0        0        0        0        0        0        0
        0        0        0        0        0        0        0        0        0        0
        0        0        0        0        0        0        0        0        0        0
        0        0        0        0        0        0        0        0        0        0
        0        0        0        0        0        0        0        0        0        0
        0        0        0        0        0        0        0        0        0        0
        0        0        0        0        0        0        0        0        0        0
        0        0        0        0        0        0        0        0        0        0
        0        0        0        0        0        0        0        0        0        0
        0        0        0        0        0        0        0        0        0        0
        0        0        0        0        0        0        0        0        0        0
        0        0        0        0        0        0        0        0        0        0
        0        0        0        0        0        0        0        0        0        0
        0        0        0        0        0        0        0        0        0        0
        0        0        0        0        0        0        0        0        0        0
        0        0        0        0        0        0        0        0        0        0
        0        0        0        0        0        0        0        0        0        0
        0        0        0        0        0        0        0        0        0        0
        0        0        0        0        0        0        0        0        0        0
        0        0        0        0        0        0        0        0        0        0
        0        0        0        0        0        0        0        0        0        0

      inf   1.0986   1.0487   1.0320   1.0234   1.0182   1.0148   1.0123   1.0103   1.0087
      inf   1.1000   1.0500   1.0332   1.0246   1.0194   1.0160   1.0133   1.0114   1.0098
      inf   1.1000   1.0500   1.0333   1.0250   1.0200   1.0167   1.0143   1.0125   1.0111
      inf   1.0986   1.0487   1.0320   1.0233   1.0182   1.0147   1.0123   1.0104   1.0090
      inf   1.1000   1.0500   1.0333   1.0250   1.0200   1.0167   1.0143   1.0123   1.0107
      inf   1.1000   1.0500   1.0333   1.0249   1.0195   1.0159   1.0132   1.0113   1.0097
      inf   1.1000   1.0499   1.0329   1.0241   1.0188   1.0152   1.0126   1.0108   1.0093
      inf   1.0965   1.0464   1.0297   1.0213   1.0163   1.0130   1.0106   1.0088   1.0074
      inf   1.0994   1.0489   1.0320   1.0233   1.0179   1.0143   1.0116   1.0095   1.0079
      inf   1.1000   1.0500   1.0333   1.0250   1.0198   1.0161   1.0135   1.0115   1.0099
      inf   1.0985   1.0474   1.0299   1.0210   1.0153   1.0113   1.0080   1.0055   1.0034
      inf   1.1000   1.0500   1.0333   1.0249   1.0196   1.0162   1.0137   1.0118   1.0104
      inf   1.1000   1.0500   1.0333   1.0250   1.0200   1.0167   1.0143   1.0125   1.0111
      inf   1.1000   1.0499   1.0328   1.0243   1.0192   1.0156   1.0130   1.0111   1.0096
      inf   1.1000   1.0500   1.0333   1.0250   1.0200   1.0167   1.0143   1.0125   1.0111
      inf   1.1000   1.0500   1.0333   1.0245   1.0191   1.0155   1.0129   1.0110   1.0095
      inf   1.1000   1.0500   1.0333   1.0250   1.0200   1.0162   1.0135   1.0113   1.0096
      inf   1.1000   1.0491   1.0319   1.0233   1.0181   1.0147   1.0122   1.0104   1.0089
      inf   1.1000   1.0497   1.0328   1.0242   1.0192   1.0156   1.0130   1.0111   1.0096
      inf   1.0986   1.0487   1.0320   1.0237   1.0187   1.0154   1.0128   1.0109   1.0094
      inf   1.1000   1.0500   1.0333   1.0250   1.0198   1.0163   1.0138   1.0119   1.0105
      inf   1.1000   1.0500   1.0333   1.0250   1.0199   1.0164   1.0138   1.0120   1.0105
      inf   1.0994   1.0491   1.0323   1.0239   1.0187   1.0149   1.0122   1.0100   1.0083
      inf   1.0990   1.0483   1.0313   1.0229   1.0178   1.0144   1.0118   1.0099   1.0084
      inf   1.0974   1.0474   1.0308   1.0224   1.0172   1.0136   1.0109   1.0089   1.0074
      inf   1.1000   1.0500   1.0333   1.0250   1.0200   1.0167   1.0143   1.0125   1.0109
      inf   1.0972   1.0474   1.0304   1.0217   1.0164   1.0127   1.0100   1.0078   1.0060
      inf   1.0990   1.0489   1.0322   1.0238   1.0188   1.0155   1.0130   1.0111   1.0094
      inf   1.1000   1.0496   1.0327   1.0242   1.0191   1.0157   1.0133   1.0115   1.0101
      inf   1.1000   1.0500   1.0333   1.0250   1.0200   1.0167   1.0142   1.0123   1.0106
        0        0        0        0        0        0        0        0        0        0
        0        0        0        0        0        0        0        0        0        0
        0        0        0        0        0        0        0        0        0        0
        0        0        0        0        0        0        0        0        0        0
        0        0        0        0        0        0        0        0        0        0
        0        0        0        0        0        0        0        0        0        0
        0        0        0        0        0        0        0        0        0        0
        0        0        0        0        0        0        0        0        0        0
        0        0        0        0        0        0        0        0        0        0
        0        0        0        0        0        0        0        0        0        0
        0        0        0        0        0        0        0        0        0        0
        0        0        0        0        0        0        0        0        0        0
        0        0        0        0        0        0        0        0        0        0
        0        0        0        0        0        0        0        0        0        0
        0        0        0        0        0        0        0        0        0        0
        0        0        0        0        0        0        0        0        0        0
        0        0        0        0        0        0        0        0        0        0
        0        0        0        0        0        0        0        0        0        0
        0        0        0        0        0        0        0        0        0        0
        0        0        0        0        0        0        0        0        0        0
        0        0        0        0        0        0        0        0        0        0
        0        0        0        0        0        0        0        0        0        0
        0        0        0        0        0        0        0        0        0        0
        0        0        0        0        0        0        0        0        0        0
        0        0        0        0        0        0        0        0        0        0
        0        0        0        0        0        0        0        0        0        0
        0        0        0        0        0        0        0        0        0        0
        0        0        0        0        0        0        0        0        0        0
        0        0        0        0        0        0        0        0        0        0
        0        0        0        0        0        0        0        0        0        0
        0        0        0        0        0        0        0        0        0        0
        0        0        0        0        0        0        0        0        0        0
        0        0        0        0        0        0        0        0        0        0
        0        0        0        0        0        0        0        0        0        0
        0        0        0        0        0        0        0        0        0        0
        0        0        0        0        0        0        0        0        0        0
        0        0        0        0        0        0        0        0        0        0
        0        0        0        0        0        0        0        0        0        0
        0        0        0        0        0        0        0        0        0        0
        0        0        0        0        0        0        0        0        0        0
        0        0        0        0        0        0        0        0        0        0
        0        0        0        0        0        0        0        0        0        0
        0        0        0        0        0        0        0        0        0        0
        0        0        0        0        0        0        0        0        0        0
        0        0        0        0        0        0        0        0        0        0
        0        0        0        0        0        0        0        0        0        0
        0        0        0        0        0        0        0        0        0        0
        0        0        0        0        0        0        0        0        0        0
        0        0        0        0        0        0        0        0        0        0
        0        0        0        0        0        0        0        0        0        0
        0        0        0        0        0        0        0        0        0        0
        0        0        0        0        0        0        0        0        0        0
        0        0        0        0        0        0        0        0        0        0
        0        0        0        0        0        0        0        0        0        0
        0        0        0        0        0        0        0        0        0        0
        0        0        0        0        0        0        0        0        0        0
        0        0        0        0        0        0        0        0        0        0
        0        0        0        0        0        0        0        0        0        0
        0        0        0        0        0        0        0        0        0        0
        0        0        0        0        0        0        0        0        0        0
        0        0        0        0        0        0        0        0        0        0
        0        0        0        0        0        0        0        0        0        0
        0        0        0        0        0        0        0        0        0        0
        0        0        0        0        0        0        0        0        0        0
        0        0        0        0        0        0        0        0        0        0
        0        0        0        0        0        0        0        0        0        0
        0        0        0        0        0        0        0        0        0        0
        0        0        0        0        0        0        0        0        0        0
        0        0        0        0        0        0        0        0        0        0
        0        0        0        0        0        0        0        0        0        0
        0        0        0        0        0        0        0        0        0        0
        0        0        0        0        0        0        0        0        0        0
        0        0        0        0        0        0        0        0        0        0
        0        0        0        0        0        0        0        0        0        0
        0        0        0        0        0        0        0        0        0        0
        0        0        0        0        0        0        0        0        0        0
        0        0        0        0        0        0        0        0        0        0
        0        0        0        0        0        0        0        0        0        0
        0        0        0        0        0        0        0        0        0        0
        0        0        0        0        0        0        0        0        0        0
        0        0        0        0        0        0        0        0        0        0
        0        0        0        0        0        0        0        0        0        0
        0        0        0        0        0        0        0        0        0        0
        0        0        0        0        0        0        0        0        0        0
        0        0        0        0        0        0        0        0        0        0
        0        0        0        0        0        0        0        0        0        0
        0        0        0        0        0        0        0        0        0        0
        0        0        0        0        0        0        0        0        0        0
        0        0        0        0        0        0        0        0        0        0
        0        0        0        0        0        0        0        0        0        0

      inf   1.0986   1.0487   1.0320   1.0234   1.0182   1.0148   1.0123   1.0103   1.0087
      inf   1.1000   1.0500   1.0332   1.0246   1.0194   1.0160   1.0133   1.0114   1.0098
      inf   1.1000   1.0500   1.0333   1.0250   1.0200   1.0167   1.0143   1.0125   1.0111
      inf   1.0986   1.0487   1.0320   1.0233   1.0182   1.0147   1.0123   1.0104   1.0090
      inf   1.1000   1.0500   1.0333   1.0250   1.0200   1.0167   1.0143   1.0123   1.0107
      inf   1.1000   1.0500   1.0333   1.0249   1.0195   1.0159   1.0132   1.0113   1.0097
      inf   1.1000   1.0499   1.0329   1.0241   1.0188   1.0152   1.0126   1.0108   1.0093
      inf   1.0965   1.0464   1.0297   1.0213   1.0163   1.0130   1.0106   1.0088   1.0074
      inf   1.0994   1.0489   1.0320   1.0233   1.0179   1.0143   1.0116   1.0095   1.0079
      inf   1.1000   1.0500   1.0333   1.0250   1.0198   1.0161   1.0135   1.0115   1.0099
      inf   1.0985   1.0474   1.0299   1.0210   1.0153   1.0113   1.0080   1.0055   1.0034
      inf   1.1000   1.0500   1.0333   1.0249   1.0196   1.0162   1.0137   1.0118   1.0104
      inf   1.1000   1.0500   1.0333   1.0250   1.0200   1.0167   1.0143   1.0125   1.0111
      inf   1.1000   1.0499   1.0328   1.0243   1.0192   1.0156   1.0130   1.0111   1.0096
      inf   1.1000   1.0500   1.0333   1.0250   1.0200   1.0167   1.0143   1.0125   1.0111
      inf   1.1000   1.0500   1.0333   1.0245   1.0191   1.0155   1.0129   1.0110   1.0095
      inf   1.1000   1.0500   1.0333   1.0250   1.0200   1.0162   1.0135   1.0113   1.0096
      inf   1.1000   1.0491   1.0319   1.0233   1.0181   1.0147   1.0122   1.0104   1.0089
      inf   1.1000   1.0497   1.0328   1.0242   1.0192   1.0156   1.0130   1.0111   1.0096
      inf   1.0986   1.0487   1.0320   1.0237   1.0187   1.0154   1.0128   1.0109   1.0094
      inf   1.1000   1.0500   1.0333   1.0250   1.0198   1.0163   1.0138   1.0119   1.0105
      inf   1.1000   1.0500   1.0333   1.0250   1.0199   1.0164   1.0138   1.0120   1.0105
      inf   1.0994   1.0491   1.0323   1.0239   1.0187   1.0149   1.0122   1.0100   1.0083
      inf   1.0990   1.0483   1.0313   1.0229   1.0178   1.0144   1.0118   1.0099   1.0084
      inf   1.0974   1.0474   1.0308   1.0224   1.0172   1.0136   1.0109   1.0089   1.0074
      inf   1.1000   1.0500   1.0333   1.0250   1.0200   1.0167   1.0143   1.0125   1.0109
      inf   1.0972   1.0474   1.0304   1.0217   1.0164   1.0127   1.0100   1.0078   1.0060
      inf   1.0990   1.0489   1.0322   1.0238   1.0188   1.0155   1.0130   1.0111   1.0094
      inf   1.1000   1.0496   1.0327   1.0242   1.0191   1.0157   1.0133   1.0115   1.0101
      inf   1.1000   1.0500   1.0333   1.0250   1.0200   1.0167   1.0142   1.0123   1.0106
        0        0        0        0        0        0        0        0        0        0
        0        0        0        0        0        0        0        0        0        0
        0        0        0        0        0        0        0        0        0        0
        0        0        0        0        0        0        0        0        0        0
        0        0        0        0        0        0        0        0        0        0
        0        0        0        0        0        0        0        0        0        0
        0        0        0        0        0        0        0        0        0        0
        0        0        0        0        0        0        0        0        0        0
        0        0        0        0        0        0        0        0        0        0
        0        0        0        0        0        0        0        0        0        0
        0        0        0        0        0        0        0        0        0        0
        0        0        0        0        0        0        0        0        0        0
        0        0        0        0        0        0        0        0        0        0
        0        0        0        0        0        0        0        0        0        0
        0        0        0        0        0        0        0        0        0        0
        0        0        0        0        0        0        0        0        0        0
        0        0        0        0        0        0        0        0        0        0
        0        0        0        0        0        0        0        0        0        0
        0        0        0        0        0        0        0        0        0        0
        0        0        0        0        0        0        0        0        0        0
        0        0        0        0        0        0        0        0        0        0
        0        0        0        0        0        0        0        0        0        0
        0        0        0        0        0        0        0        0        0        0
        0        0        0        0        0        0        0        0        0        0
        0        0        0        0        0        0        0        0        0        0
        0        0        0        0        0        0        0        0        0        0
        0        0        0        0        0        0        0        0        0        0
        0        0        0        0        0        0        0        0        0        0
        0        0        0        0        0        0        0        0        0        0
        0        0        0        0        0        0        0        0        0        0
        0        0        0        0        0        0        0        0        0        0
        0        0        0        0        0        0        0        0        0        0
        0        0        0        0        0        0        0        0        0        0
        0        0        0        0        0        0        0        0        0        0
        0        0        0        0        0        0        0        0        0        0
        0        0        0        0        0        0        0        0        0        0
        0        0        0        0        0        0        0        0        0        0
        0        0        0        0        0        0        0        0        0        0
        0        0        0        0        0        0        0        0        0        0
        0        0        0        0        0        0        0        0        0        0
        0        0        0        0        0        0        0        0        0        0
        0        0        0        0        0        0        0        0        0        0
        0        0        0        0        0        0        0        0        0        0
        0        0        0        0        0        0        0        0        0        0
        0        0        0        0        0        0        0        0        0        0
        0        0        0        0        0        0        0        0        0        0
        0        0        0        0        0        0        0        0        0        0
        0        0        0        0        0        0        0        0        0        0
        0        0        0        0        0        0        0        0        0        0
        0        0        0        0        0        0        0        0        0        0
        0        0        0        0        0        0        0        0        0        0
        0        0        0        0        0        0        0        0        0        0
        0        0        0        0        0        0        0        0        0        0
        0        0        0        0        0        0        0        0        0        0
        0        0        0        0        0        0        0        0        0        0
        0        0        0        0        0        0        0        0        0        0
        0        0        0        0        0        0        0        0        0        0
        0        0        0        0        0        0        0        0        0        0
        0        0        0        0        0        0        0        0        0        0
        0        0        0        0        0        0        0        0        0        0
        0        0        0        0        0        0        0        0        0        0
        0        0        0        0        0        0        0        0        0        0
        0        0        0        0        0        0        0        0        0        0
        0        0        0        0        0        0        0        0        0        0
        0        0        0        0        0        0        0        0        0        0
        0        0        0        0        0        0        0        0        0        0
        0        0        0        0        0        0        0        0        0        0
        0        0        0        0        0        0        0        0        0        0
        0        0        0        0        0        0        0        0        0        0
        0        0        0        0        0        0        0        0        0        0
        0        0        0        0        0        0        0        0        0        0
        0        0        0        0        0        0        0        0        0        0
        0        0        0        0        0        0        0        0        0        0
        0        0        0        0        0        0        0        0        0        0
        0        0        0        0        0        0        0        0        0        0
        0        0        0        0        0        0        0        0        0        0
        0        0        0        0        0        0        0        0        0        0
        0        0        0        0        0        0        0        0        0        0
        0        0        0        0        0        0        0        0        0        0
        0        0        0        0        0        0        0        0        0        0
        0        0        0        0        0        0        0        0        0        0
        0        0        0        0        0        0        0        0        0        0
        0        0        0        0        0        0        0        0        0        0
        0        0        0        0        0        0        0        0        0        0
        0        0        0        0        0        0        0        0        0        0
        0        0        0        0        0        0        0        0        0        0
        0        0        0        0        0        0        0        0        0        0
        0        0        0        0        0        0        0        0        0        0
        0        0        0        0        0        0        0        0        0        0
        0        0        0        0        0        0        0        0        0        0

          nan  -1.7512e+02  -8.3581e+01  -5.4836e+01  -4.0744e+01  -3.2411e+01  -2.6907e+01  -2.3000e+01  -2.0074e+01  -1.7795e+01
          nan  -1.7512e+02  -8.3582e+01  -5.4800e+01  -4.0724e+01  -3.2399e+01  -2.6898e+01  -2.2978e+01  -2.0053e+01  -1.7788e+01
          nan  -1.7425e+02  -8.3166e+01  -5.4564e+01  -4.0593e+01  -3.2316e+01  -2.6842e+01  -2.2954e+01  -2.0049e+01  -1.7797e+01
          nan  -1.7252e+02  -8.2341e+01  -5.4004e+01  -4.0129e+01  -3.1924e+01  -2.6503e+01  -2.2656e+01  -1.9784e+01  -1.7558e+01
          nan  -1.7253e+02  -8.2345e+01  -5.4025e+01  -4.0192e+01  -3.1997e+01  -2.6577e+01  -2.2725e+01  -1.9833e+01  -1.7584e+01
          nan  -1.7168e+02  -8.1939e+01  -5.3759e+01  -3.9984e+01  -3.1775e+01  -2.6354e+01  -2.2512e+01  -1.9648e+01  -1.7425e+01
          nan  -1.7084e+02  -8.1516e+01  -5.3397e+01  -3.9651e+01  -3.1523e+01  -2.6159e+01  -2.2350e+01  -1.9512e+01  -1.7314e+01
          nan  -1.6784e+02  -8.0017e+01  -5.2477e+01  -3.9033e+01  -3.1070e+01  -2.5805e+01  -2.2066e+01  -1.9273e+01  -1.7107e+01
          nan  -1.6878e+02  -8.0408e+01  -5.2685e+01  -3.9149e+01  -3.1109e+01  -2.5808e+01  -2.2036e+01  -1.9221e+01  -1.7040e+01
          nan  -1.6834e+02  -8.0344e+01  -5.2712e+01  -3.9215e+01  -3.1190e+01  -2.5871e+01  -2.2096e+01  -1.9282e+01  -1.7103e+01
          nan  -1.6661e+02  -7.9144e+01  -5.1748e+01  -3.8392e+01  -3.0465e+01  -2.5221e+01  -2.1463e+01  -1.8661e+01  -1.6497e+01
          nan  -1.6671e+02  -7.9564e+01  -5.2201e+01  -3.8815e+01  -3.0872e+01  -2.5627e+01  -2.1904e+01  -1.9126e+01  -1.6973e+01
          nan  -1.6590e+02  -7.9178e+01  -5.1948e+01  -3.8646e+01  -3.0766e+01  -2.5555e+01  -2.1853e+01  -1.9088e+01  -1.6943e+01
          nan  -1.6509e+02  -7.8757e+01  -5.1594e+01  -3.8354e+01  -3.0519e+01  -2.5321e+01  -2.1633e+01  -1.8883e+01  -1.6753e+01
          nan  -1.6430e+02  -7.8415e+01  -5.1447e+01  -3.8274e+01  -3.0470e+01  -2.5309e+01  -2.1642e+01  -1.8904e+01  -1.6780e+01
          nan  -1.6351e+02  -7.8037e+01  -5.1191e+01  -3.8011e+01  -3.0209e+01  -2.5063e+01  -2.1414e+01  -1.8693e+01  -1.6585e+01
          nan  -1.6272e+02  -7.7663e+01  -5.0953e+01  -3.7907e+01  -3.0171e+01  -2.5015e+01  -2.1356e+01  -1.8621e+01  -1.6506e+01
          nan  -1.6194e+02  -7.7027e+01  -5.0423e+01  -3.7470e+01  -2.9809e+01  -2.4748e+01  -2.1156e+01  -1.8474e+01  -1.6391e+01
          nan  -1.6117e+02  -7.6847e+01  -5.0351e+01  -3.7433e+01  -2.9788e+01  -2.4719e+01  -2.1120e+01  -1.8435e+01  -1.6355e+01
          nan  -1.5960e+02  -7.6172e+01  -4.9975e+01  -3.7179e+01  -2.9598e+01  -2.4580e+01  -2.1004e+01  -1.8336e+01  -1.6269e+01
          nan  -1.5964e+02  -7.6190e+01  -4.9987e+01  -3.7188e+01  -2.9587e+01  -2.4557e+01  -2.0988e+01  -1.8324e+01  -1.6261e+01
          nan  -1.5888e+02  -7.5829e+01  -4.9750e+01  -3.7012e+01  -2.9450e+01  -2.4442e+01  -2.0890e+01  -1.8238e+01  -1.6184e+01
          nan  -1.5777e+02  -7.5199e+01  -4.9314e+01  -3.6678e+01  -2.9167e+01  -2.4183e+01  -2.0645e+01  -1.8001e+01  -1.5952e+01
          nan  -1.5681e+02  -7.4609e+01  -4.8896e+01  -3.6356e+01  -2.8933e+01  -2.4026e+01  -2.0528e+01  -1.7917e+01  -1.5896e+01
          nan  -1.5515e+02  -7.4031e+01  -4.8567e+01  -3.6125e+01  -2.8730e+01  -2.3833e+01  -2.0355e+01  -1.7762e+01  -1.5755e+01
          nan  -1.5590e+02  -7.4408e+01  -4.8818e+01  -3.6318e+01  -2.8913e+01  -2.4015e+01  -2.0536e+01  -1.7938e+01  -1.5909e+01
          nan  -1.5401e+02  -7.3505e+01  -4.8153e+01  -3.5777e+01  -2.8438e+01  -2.3585e+01  -2.0137e+01  -1.7551e+01  -1.5541e+01
          nan  -1.5388e+02  -7.3396e+01  -4.8143e+01  -3.5812e+01  -2.8508e+01  -2.3678e+01  -2.0242e+01  -1.7669e+01  -1.5666e+01
          nan  -1.5373e+02  -7.3262e+01  -4.8010e+01  -3.5695e+01  -2.8407e+01  -2.3589e+01  -2.0168e+01  -1.7614e+01  -1.5634e+01
          nan  -1.5301e+02  -7.3027e+01  -4.7912e+01  -3.5644e+01  -2.8376e+01  -2.3570e+01  -2.0148e+01  -1.7587e+01  -1.5593e+01
            0            0            0            0            0            0            0            0            0            0
            0            0            0            0            0            0            0            0            0            0
            0            0            0            0            0            0            0            0            0            0
            0            0            0            0            0            0            0            0            0            0
            0            0            0            0            0            0            0            0            0            0
            0            0            0            0            0            0            0            0            0            0
            0            0            0            0            0            0            0            0            0            0
            0            0            0            0            0            0            0            0            0            0
            0            0            0            0            0            0            0            0            0            0
            0            0            0            0            0            0            0            0            0            0
            0            0            0            0            0            0            0            0            0            0
            0            0            0            0            0            0            0            0            0            0
            0            0            0            0            0            0            0            0            0            0
            0            0            0            0            0            0            0            0            0            0
            0            0            0            0            0            0            0            0            0            0
            0            0            0            0            0            0            0            0            0            0
            0            0            0            0            0            0            0            0            0            0
            0            0            0            0            0            0            0            0            0            0
            0            0            0            0            0            0            0            0            0            0
            0            0            0            0            0            0            0            0            0            0
            0            0            0            0            0            0            0            0            0            0
            0            0            0            0            0            0            0            0            0            0
            0            0            0            0            0            0            0            0            0            0
            0            0            0            0            0            0            0            0            0            0
            0            0            0            0            0            0            0            0            0            0
            0            0            0            0            0            0            0            0            0            0
            0            0            0            0            0            0            0            0            0            0
            0            0            0            0            0            0            0            0            0            0
            0            0            0            0            0            0            0            0            0            0
            0            0            0            0            0            0            0            0            0            0
            0            0            0            0            0            0            0            0            0            0
            0            0            0            0            0            0            0            0            0            0
            0            0            0            0            0            0            0            0            0            0
            0            0            0            0            0            0            0            0            0            0
            0            0            0            0            0            0            0            0            0            0
            0            0            0            0            0            0            0            0            0            0
            0            0            0            0            0            0            0            0            0            0
            0            0            0            0            0            0            0            0            0            0
            0            0            0            0            0            0            0            0            0            0
            0            0            0            0            0            0            0            0            0            0
            0            0            0            0            0            0            0            0            0            0
            0            0            0            0            0            0            0            0            0            0
            0            0            0            0            0            0            0            0            0            0
            0            0            0            0            0            0            0            0            0            0
            0            0            0            0            0            0            0            0            0            0
            0            0            0            0            0            0            0            0            0            0
            0            0            0            0            0            0            0            0            0            0
            0            0            0            0            0            0            0            0            0            0
            0            0            0            0            0            0            0            0            0            0
            0            0            0            0            0            0            0            0            0            0
            0            0            0            0            0            0            0            0            0            0
            0            0            0            0            0            0            0            0            0            0
            0            0            0            0            0            0            0            0            0            0
            0            0            0            0            0            0            0            0            0            0
            0            0            0            0            0            0            0            0            0            0
            0            0            0            0            0            0            0            0            0            0
            0            0            0            0            0            0            0            0            0            0
            0            0            0            0            0            0            0            0            0            0
            0            0            0            0            0            0            0            0            0            0
            0            0            0            0            0            0            0            0            0            0
            0            0            0            0            0            0            0            0            0            0
            0            0            0            0            0            0            0            0            0            0
            0            0            0            0            0            0            0            0            0            0
            0            0            0            0            0            0            0            0            0            0
            0            0            0            0            0            0            0            0            0            0
            0            0            0            0            0            0            0            0            0            0
            0            0            0            0            0            0            0            0            0            0
            0            0            0            0            0            0            0            0            0            0
            0            0            0            0            0            0            0            0            0            0
            0            0            0            0            0            0            0            0            0            0
            0            0            0            0            0            0            0            0            0            0
            0            0            0            0            0            0            0            0            0            0
            0            0            0            0            0            0            0            0            0            0
            0            0            0            0            0            0            0            0            0            0
            0            0            0            0            0            0            0            0            0            0
            0            0            0            0            0            0            0            0            0            0
            0            0            0            0            0            0            0            0            0            0
            0            0            0            0            0            0            0            0            0            0
            0            0            0            0            0            0            0            0            0            0
            0            0            0            0            0            0            0            0            0            0
            0            0            0            0            0            0            0            0            0            0
            0            0            0            0            0            0            0            0            0            0
            0            0            0            0            0            0            0            0            0            0
            0            0            0            0            0            0            0            0            0            0
            0            0            0            0            0            0            0            0            0            0
            0            0            0            0            0            0            0            0            0            0
            0            0            0            0            0            0            0            0            0            0
            0            0            0            0            0            0            0            0            0            0
            0            0            0            0            0            0            0            0            0            0
            0            0            0            0            0            0            0            0            0            0

       nan  -87.7801  -41.8951  -27.4867  -20.4361  -16.2629  -13.5047  -11.5463  -10.0814   -8.9435
       nan  -87.7805  -41.8953  -27.4778  -20.4311  -16.2598  -13.5026  -11.5408  -10.0763   -8.9416
       nan  -87.5622  -41.7910  -27.4185  -20.3980  -16.2388  -13.4881  -11.5342  -10.0746   -8.9429
       nan  -87.1267  -41.5832  -27.2776  -20.2814  -16.1403  -13.4031  -11.4595  -10.0081   -8.8830
       nan  -87.1287  -41.5842  -27.2827  -20.2970  -16.1584  -13.4213  -11.4766  -10.0205   -8.8900
       nan  -86.9136  -41.4815  -27.2154  -20.2444  -16.1029  -13.3658  -11.4238   -9.9745   -8.8503
       nan  -86.6995  -41.3743  -27.1240  -20.1606  -16.0393  -13.3165  -11.3825   -9.9399   -8.8218
       nan  -85.9367  -40.9929  -26.8896  -20.0026  -15.9230  -13.2253  -11.3091   -9.8778   -8.7681
       nan  -86.1762  -41.0927  -26.9428  -20.0325  -15.9339  -13.2271  -11.3030   -9.8665   -8.7530
       nan  -86.0636  -41.0758  -26.9492  -20.0489  -15.9537  -13.2426  -11.3175   -9.8810   -8.7681
       nan  -85.6196  -40.7696  -26.7040  -19.8403  -15.7710  -13.0799  -11.1621   -9.7308   -8.6233
       nan  -85.6448  -40.8759  -26.8181  -19.9464  -15.8721  -13.1795  -11.2678   -9.8403   -8.7338
       nan  -85.4369  -40.7767  -26.7530  -19.9029  -15.8447  -13.1607  -11.2542   -9.8301   -8.7259
       nan  -85.2300  -40.6682  -26.6621  -19.8278  -15.7812  -13.1009  -11.1983   -9.7781   -8.6775
       nan  -85.0242  -40.5797  -26.6237  -19.8068  -15.7681  -13.0972  -11.1998   -9.7826   -8.6837
       nan  -84.8193  -40.4819  -26.5574  -19.7392  -15.7014  -13.0345  -11.1419   -9.7291   -8.6342
       nan  -84.6154  -40.3846  -26.4957  -19.7115  -15.6907  -13.0218  -11.1267   -9.7109   -8.6147
       nan  -84.4125  -40.2198  -26.3587  -19.5986  -15.5971  -12.9521  -11.0740   -9.6715   -8.5832
       nan  -84.2105  -40.1721  -26.3389  -19.5882  -15.5909  -12.9443  -11.0644   -9.6612   -8.5738
       nan  -83.7997  -39.9953  -26.2403  -19.5215  -15.5410  -12.9074  -11.0337   -9.6349   -8.5509
       nan  -83.8095  -40.0000  -26.2434  -19.5238  -15.5382  -12.9014  -11.0295   -9.6318   -8.5486
       nan  -83.6105  -39.9050  -26.1811  -19.4774  -15.5020  -12.8712  -11.0037   -9.6093   -8.5285
       nan  -83.3172  -39.7391  -26.0662  -19.3897  -15.4278  -12.8037  -10.9404   -9.5484   -8.4694
       nan  -83.0636  -39.5834  -25.9560  -19.3046  -15.3657  -12.7615  -10.9082   -9.5246   -8.4524
       nan  -82.6230  -39.4294  -25.8680  -19.2430  -15.3116  -12.7102  -10.8626   -9.4838   -8.4156
       nan  -82.8235  -39.5294  -25.9346  -19.2941  -15.3600  -12.7582  -10.9100   -9.5294   -8.4556
       nan  -82.2165  -39.2397  -25.7256  -19.1265  -15.2152  -12.6287  -10.7914   -9.4168   -8.3501
       nan  -82.2855  -39.2598  -25.7548  -19.1592  -15.2520  -12.6682  -10.8316   -9.4579   -8.3910
       nan  -82.2430  -39.2241  -25.7193  -19.1282  -15.2252  -12.6447  -10.8119   -9.4432   -8.3820
       nan  -82.0513  -39.1608  -25.6928  -19.1142  -15.2168  -12.6392  -10.8063   -9.4360   -8.3715
         0         0         0         0         0         0         0         0         0         0
         0         0         0         0         0         0         0         0         0         0
         0         0         0         0         0         0         0         0         0         0
         0         0         0         0         0         0         0         0         0         0
         0         0         0         0         0         0         0         0         0         0
         0         0         0         0         0         0         0         0         0         0
         0         0         0         0         0         0         0         0         0         0
         0         0         0         0         0         0         0         0         0         0
         0         0         0         0         0         0         0         0         0         0
         0         0         0         0         0         0         0         0         0         0
         0         0         0         0         0         0         0         0         0         0
         0         0         0         0         0         0         0         0         0         0
         0         0         0         0         0         0         0         0         0         0
         0         0         0         0         0         0         0         0         0         0
         0         0         0         0         0         0         0         0         0         0
         0         0         0         0         0         0         0         0         0         0
         0         0         0         0         0         0         0         0         0         0
         0         0         0         0         0         0         0         0         0         0
         0         0         0         0         0         0         0         0         0         0
         0         0         0         0         0         0         0         0         0         0
         0         0         0         0         0         0         0         0         0         0
         0         0         0         0         0         0         0         0         0         0
         0         0         0         0         0         0         0         0         0         0
         0         0         0         0         0         0         0         0         0         0
         0         0         0         0         0         0         0         0         0         0
         0         0         0         0         0         0         0         0         0         0
         0         0         0         0         0         0         0         0         0         0
         0         0         0         0         0         0         0         0         0         0
         0         0         0         0         0         0         0         0         0         0
         0         0         0         0         0         0         0         0         0         0
         0         0         0         0         0         0         0         0         0         0
         0         0         0         0         0         0         0         0         0         0
         0         0         0         0         0         0         0         0         0         0
         0         0         0         0         0         0         0         0         0         0
         0         0         0         0         0         0         0         0         0         0
         0         0         0         0         0         0         0         0         0         0
         0         0         0         0         0         0         0         0         0         0
         0         0         0         0         0         0         0         0         0         0
         0         0         0         0         0         0         0         0         0         0
         0         0         0         0         0         0         0         0         0         0
         0         0         0         0         0         0         0         0         0         0
         0         0         0         0         0         0         0         0         0         0
         0         0         0         0         0         0         0         0         0         0
         0         0         0         0         0         0         0         0         0         0
         0         0         0         0         0         0         0         0         0         0
         0         0         0         0         0         0         0         0         0         0
         0         0         0         0         0         0         0         0         0         0
         0         0         0         0         0         0         0         0         0         0
         0         0         0         0         0         0         0         0         0         0
         0         0         0         0         0         0         0         0         0         0
         0         0         0         0         0         0         0         0         0         0
         0         0         0         0         0         0         0         0         0         0
         0         0         0         0         0         0         0         0         0         0
         0         0         0         0         0         0         0         0         0         0
         0         0         0         0         0         0         0         0         0         0
         0         0         0         0         0         0         0         0         0         0
         0         0         0         0         0         0         0         0         0         0
         0         0         0         0         0         0         0         0         0         0
         0         0         0         0         0         0         0         0         0         0
         0         0         0         0         0         0         0         0         0         0
         0         0         0         0         0         0         0         0         0         0
         0         0         0         0         0         0         0         0         0         0
         0         0         0         0         0         0         0         0         0         0
         0         0         0         0         0         0         0         0         0         0
         0         0         0         0         0         0         0         0         0         0
         0         0         0         0         0         0         0         0         0         0
         0         0         0         0         0         0         0         0         0         0
         0         0         0         0         0         0         0         0         0         0
         0         0         0         0         0         0         0         0         0         0
         0         0         0         0         0         0         0         0         0         0
         0         0         0         0         0         0         0         0         0         0
         0         0         0         0         0         0         0         0         0         0
         0         0         0         0         0         0         0         0         0         0
         0         0         0         0         0         0         0         0         0         0
         0         0         0         0         0         0         0         0         0         0
         0         0         0         0         0         0         0         0         0         0
         0         0         0         0         0         0         0         0         0         0
         0         0         0         0         0         0         0         0         0         0
         0         0         0         0         0         0         0         0         0         0
         0         0         0         0         0         0         0         0         0         0
         0         0         0         0         0         0         0         0         0         0
         0         0         0         0         0         0         0         0         0         0
         0         0         0         0         0         0         0         0         0         0
         0         0         0         0         0         0         0         0         0         0
         0         0         0         0         0         0         0         0         0         0
         0         0         0         0         0         0         0         0         0         0
         0         0         0         0         0         0         0         0         0         0
         0         0         0         0         0         0         0         0         0         0
         0         0         0         0         0         0         0         0         0         0
         0         0         0         0         0         0         0         0         0         0

       nan  -87.7801  -41.8951  -27.4867  -20.4361  -16.2629  -13.5047  -11.5463  -10.0814   -8.9435
       nan  -87.7805  -41.8953  -27.4778  -20.4311  -16.2598  -13.5026  -11.5408  -10.0763   -8.9416
       nan  -87.5622  -41.7910  -27.4185  -20.3980  -16.2388  -13.4881  -11.5342  -10.0746   -8.9429
       nan  -87.1267  -41.5832  -27.2776  -20.2814  -16.1403  -13.4031  -11.4595  -10.0081   -8.8830
       nan  -87.1287  -41.5842  -27.2827  -20.2970  -16.1584  -13.4213  -11.4766  -10.0205   -8.8900
       nan  -86.9136  -41.4815  -27.2154  -20.2444  -16.1029  -13.3658  -11.4238   -9.9745   -8.8503
       nan  -86.6995  -41.3743  -27.1240  -20.1606  -16.0393  -13.3165  -11.3825   -9.9399   -8.8218
       nan  -85.9367  -40.9929  -26.8896  -20.0026  -15.9230  -13.2253  -11.3091   -9.8778   -8.7681
       nan  -86.1762  -41.0927  -26.9428  -20.0325  -15.9339  -13.2271  -11.3030   -9.8665   -8.7530
       nan  -86.0636  -41.0758  -26.9492  -20.0489  -15.9537  -13.2426  -11.3175   -9.8810   -8.7681
       nan  -85.6196  -40.7696  -26.7040  -19.8403  -15.7710  -13.0799  -11.1621   -9.7308   -8.6233
       nan  -85.6448  -40.8759  -26.8181  -19.9464  -15.8721  -13.1795  -11.2678   -9.8403   -8.7338
       nan  -85.4369  -40.7767  -26.7530  -19.9029  -15.8447  -13.1607  -11.2542   -9.8301   -8.7259
       nan  -85.2300  -40.6682  -26.6621  -19.8278  -15.7812  -13.1009  -11.1983   -9.7781   -8.6775
       nan  -85.0242  -40.5797  -26.6237  -19.8068  -15.7681  -13.0972  -11.1998   -9.7826   -8.6837
       nan  -84.8193  -40.4819  -26.5574  -19.7392  -15.7014  -13.0345  -11.1419   -9.7291   -8.6342
       nan  -84.6154  -40.3846  -26.4957  -19.7115  -15.6907  -13.0218  -11.1267   -9.7109   -8.6147
       nan  -84.4125  -40.2198  -26.3587  -19.5986  -15.5971  -12.9521  -11.0740   -9.6715   -8.5832
       nan  -84.2105  -40.1721  -26.3389  -19.5882  -15.5909  -12.9443  -11.0644   -9.6612   -8.5738
       nan  -83.7997  -39.9953  -26.2403  -19.5215  -15.5410  -12.9074  -11.0337   -9.6349   -8.5509
       nan  -83.8095  -40.0000  -26.2434  -19.5238  -15.5382  -12.9014  -11.0295   -9.6318   -8.5486
       nan  -83.6105  -39.9050  -26.1811  -19.4774  -15.5020  -12.8712  -11.0037   -9.6093   -8.5285
       nan  -83.3172  -39.7391  -26.0662  -19.3897  -15.4278  -12.8037  -10.9404   -9.5484   -8.4694
       nan  -83.0636  -39.5834  -25.9560  -19.3046  -15.3657  -12.7615  -10.9082   -9.5246   -8.4524
       nan  -82.6230  -39.4294  -25.8680  -19.2430  -15.3116  -12.7102  -10.8626   -9.4838   -8.4156
       nan  -82.8235  -39.5294  -25.9346  -19.2941  -15.3600  -12.7582  -10.9100   -9.5294   -8.4556
       nan  -82.2165  -39.2397  -25.7256  -19.1265  -15.2152  -12.6287  -10.7914   -9.4168   -8.3501
       nan  -82.2855  -39.2598  -25.7548  -19.1592  -15.2520  -12.6682  -10.8316   -9.4579   -8.3910
       nan  -82.2430  -39.2241  -25.7193  -19.1282  -15.2252  -12.6447  -10.8119   -9.4432   -8.3820
       nan  -82.0513  -39.1608  -25.6928  -19.1142  -15.2168  -12.6392  -10.8063   -9.4360   -8.3715
         0         0         0         0         0         0         0         0         0         0
         0         0         0         0         0         0         0         0         0         0
         0         0         0         0         0         0         0         0         0         0
         0         0         0         0         0         0         0         0         0         0
         0         0         0         0         0         0         0         0         0         0
         0         0         0         0         0         0         0         0         0         0
         0         0         0         0         0         0         0         0         0         0
         0         0         0         0         0         0         0         0         0         0
         0         0         0         0         0         0         0         0         0         0
         0         0         0         0         0         0         0         0         0         0
         0         0         0         0         0         0         0         0         0         0
         0         0         0         0         0         0         0         0         0         0
         0         0         0         0         0         0         0         0         0         0
         0         0         0         0         0         0         0         0         0         0
         0         0         0         0         0         0         0         0         0         0
         0         0         0         0         0         0         0         0         0         0
         0         0         0         0         0         0         0         0         0         0
         0         0         0         0         0         0         0         0         0         0
         0         0         0         0         0         0         0         0         0         0
         0         0         0         0         0         0         0         0         0         0
         0         0         0         0         0         0         0         0         0         0
         0         0         0         0         0         0         0         0         0         0
         0         0         0         0         0         0         0         0         0         0
         0         0         0         0         0         0         0         0         0         0
         0         0         0         0         0         0         0         0         0         0
         0         0         0         0         0         0         0         0         0         0
         0         0         0         0         0         0         0         0         0         0
         0         0         0         0         0         0         0         0         0         0
         0         0         0         0         0         0         0         0         0         0
         0         0         0         0         0         0         0         0         0         0
         0         0         0         0         0         0         0         0         0         0
         0         0         0         0         0         0         0         0         0         0
         0         0         0         0         0         0         0         0         0         0
         0         0         0         0         0         0         0         0         0         0
         0         0         0         0         0         0         0         0         0         0
         0         0         0         0         0         0         0         0         0         0
         0         0         0         0         0         0         0         0         0         0
         0         0         0         0         0         0         0         0         0         0
         0         0         0         0         0         0         0         0         0         0
         0         0         0         0         0         0         0         0         0         0
         0         0         0         0         0         0         0         0         0         0
         0         0         0         0         0         0         0         0         0         0
         0         0         0         0         0         0         0         0         0         0
         0         0         0         0         0         0         0         0         0         0
         0         0         0         0         0         0         0         0         0         0
         0         0         0         0         0         0         0         0         0         0
         0         0         0         0         0         0         0         0         0         0
         0         0         0         0         0         0         0         0         0         0
         0         0         0         0         0         0         0         0         0         0
         0         0         0         0         0         0         0         0         0         0
         0         0         0         0         0         0         0         0         0         0
         0         0         0         0         0         0         0         0         0         0
         0         0         0         0         0         0         0         0         0         0
         0         0         0         0         0         0         0         0         0         0
         0         0         0         0         0         0         0         0         0         0
         0         0         0         0         0         0         0         0         0         0
         0         0         0         0         0         0         0         0         0         0
         0         0         0         0         0         0         0         0         0         0
         0         0         0         0         0         0         0         0         0         0
         0         0         0         0         0         0         0         0         0         0
         0         0         0         0         0         0         0         0         0         0
         0         0         0         0         0         0         0         0         0         0
         0         0         0         0         0         0         0         0         0         0
         0         0         0         0         0         0         0         0         0         0
         0         0         0         0         0         0         0         0         0         0
         0         0         0         0         0         0         0         0         0         0
         0         0         0         0         0         0         0         0         0         0
         0         0         0         0         0         0         0         0         0         0
         0         0         0         0         0         0         0         0         0         0
         0         0         0         0         0         0         0         0         0         0
         0         0         0         0         0         0         0         0         0         0
         0         0         0         0         0         0         0         0         0         0
         0         0         0         0         0         0         0         0         0         0
         0         0         0         0         0         0         0         0         0         0
         0         0         0         0         0         0         0         0         0         0
         0         0         0         0         0         0         0         0         0         0
         0         0         0         0         0         0         0         0         0         0
         0         0         0         0         0         0         0         0         0         0
         0         0         0         0         0         0         0         0         0         0
         0         0         0         0         0         0         0         0         0         0
         0         0         0         0         0         0         0         0         0         0
         0         0         0         0         0         0         0         0         0         0
         0         0         0         0         0         0         0         0         0         0
         0         0         0         0         0         0         0         0         0         0
         0         0         0         0         0         0         0         0         0         0
         0         0         0         0         0         0         0         0         0         0
         0         0         0         0         0         0         0         0         0         0
         0         0         0         0         0         0         0         0         0         0
         0         0         0         0         0         0         0         0         0         0
         0         0         0         0         0         0         0         0         0         0

      inf   0.1000   0.0500   0.0333   0.0500   0.0400   0.0333   0.0286   0.0375   0.0444
      nan        0        0   0.0333   0.0250   0.0200   0.0167   0.0286   0.0250   0.0222
      nan        0        0        0        0        0        0        0        0        0
      inf   0.1000   0.0500   0.0667   0.0500   0.0400   0.0333   0.0286   0.0250   0.0222
      nan        0        0        0        0        0        0   0.0143   0.0250   0.0222
      nan        0        0        0   0.0250   0.0400   0.0333   0.0286   0.0250   0.0333
      nan        0   0.0500   0.0333   0.0500   0.0400   0.0333   0.0571   0.0500   0.0444
      inf   0.3000   0.1500   0.1000   0.0750   0.0600   0.0500   0.0429   0.0375   0.0333
      nan   0.1000   0.1000   0.1333   0.1000   0.1000   0.0833   0.0857   0.0750   0.0778
      nan        0        0        0        0   0.0200   0.0333   0.0286   0.0250   0.0222
      inf   0.2000   0.2000   0.1333   0.1500   0.1200   0.1167   0.1429   0.1250   0.1222
      nan        0        0        0   0.0250   0.0200   0.0167   0.0143   0.0125   0.0111
      nan        0        0        0        0        0        0        0        0        0
      nan        0   0.0500   0.0333   0.0250   0.0200   0.0333   0.0286   0.0250   0.0222
      nan        0        0        0        0        0        0        0        0        0
      nan        0        0   0.0333   0.0500   0.0400   0.0333   0.0286   0.0250   0.0222
      nan        0        0        0        0   0.0200   0.0333   0.0429   0.0375   0.0333
      nan        0   0.1000   0.0667   0.0500   0.0400   0.0333   0.0286   0.0250   0.0333
      nan        0   0.0500   0.0333   0.0250   0.0200   0.0333   0.0286   0.0250   0.0222
      inf   0.1000   0.0500   0.0333   0.0250   0.0200   0.0333   0.0286   0.0250   0.0222
      nan        0        0        0        0   0.0200   0.0167   0.0143   0.0125   0.0111
      nan        0        0        0        0   0.0200   0.0167   0.0143   0.0125   0.0111
      nan   0.1000   0.0500   0.0333   0.0250   0.0600   0.0500   0.0571   0.0500   0.0556
      nan   0.1000   0.1000   0.0667   0.0500   0.0400   0.0333   0.0429   0.0375   0.0333
      inf   0.2000   0.1000   0.0667   0.0750   0.0600   0.0667   0.0571   0.0500   0.0444
      nan        0        0        0        0        0        0        0        0   0.0222
      inf   0.2000   0.1000   0.1000   0.1000   0.0800   0.0833   0.0714   0.0875   0.0778
      nan   0.1000   0.0500   0.0333   0.0250   0.0200   0.0167   0.0286   0.0250   0.0333
      nan        0   0.0500   0.0333   0.0250   0.0200   0.0167   0.0143   0.0125   0.0111
      nan        0        0        0        0        0        0   0.0143   0.0125   0.0222
        0        0        0        0        0        0        0        0        0        0
        0        0        0        0        0        0        0        0        0        0
        0        0        0        0        0        0        0        0        0        0
        0        0        0        0        0        0        0        0        0        0
        0        0        0        0        0        0        0        0        0        0
        0        0        0        0        0        0        0        0        0        0
        0        0        0        0        0        0        0        0        0        0
        0        0        0        0        0        0        0        0        0        0
        0        0        0        0        0        0        0        0        0        0
        0        0        0        0        0        0        0        0        0        0
        0        0        0        0        0        0        0        0        0        0
        0        0        0        0        0        0        0        0        0        0
        0        0        0        0        0        0        0        0        0        0
        0        0        0        0        0        0        0        0        0        0
        0        0        0        0        0        0        0        0        0        0
        0        0        0        0        0        0        0        0        0        0
        0        0        0        0        0        0        0        0        0        0
        0        0        0        0        0        0        0        0        0        0
        0        0        0        0        0        0        0        0        0        0
        0        0        0        0        0        0        0        0        0        0
        0        0        0        0        0        0        0        0        0        0
        0        0        0        0        0        0        0        0        0        0
        0        0        0        0        0        0        0        0        0        0
        0        0        0        0        0        0        0        0        0        0
        0        0        0        0        0        0        0        0        0        0
        0        0        0        0        0        0        0        0        0        0
        0        0        0        0        0        0        0        0        0        0
        0        0        0        0        0        0        0        0        0        0
        0        0        0        0        0        0        0        0        0        0
        0        0        0        0        0        0        0        0        0        0
        0        0        0        0        0        0        0        0        0        0
        0        0        0        0        0        0        0        0        0        0
        0        0        0        0        0        0        0        0        0        0
        0        0        0        0        0        0        0        0        0        0
        0        0        0        0        0        0        0        0        0        0
        0        0        0        0        0        0        0        0        0        0
        0        0        0        0        0        0        0        0        0        0
        0        0        0        0        0        0        0        0        0        0
        0        0        0        0        0        0        0        0        0        0
        0        0        0        0        0        0        0        0        0        0
        0        0        0        0        0        0        0        0        0        0
        0        0        0        0        0        0        0        0        0        0
        0        0        0        0        0        0        0        0        0        0
        0        0        0        0        0        0        0        0        0        0
        0        0        0        0        0        0        0        0        0        0
        0        0        0        0        0        0        0        0        0        0
        0        0        0        0        0        0        0        0        0        0
        0        0        0        0        0        0        0        0        0        0
        0        0        0        0        0        0        0        0        0        0
        0        0        0        0        0        0        0        0        0        0
        0        0        0        0        0        0        0        0        0        0
        0        0        0        0        0        0        0        0        0        0
        0        0        0        0        0        0        0        0        0        0
        0        0        0        0        0        0        0        0        0        0
        0        0        0        0        0        0        0        0        0        0
        0        0        0        0        0        0        0        0        0        0
        0        0        0        0        0        0        0        0        0        0
        0        0        0        0        0        0        0        0        0        0
        0        0        0        0        0        0        0        0        0        0
        0        0        0        0        0        0        0        0        0        0
        0        0        0        0        0        0        0        0        0        0
        0        0        0        0        0        0        0        0        0        0
        0        0        0        0        0        0        0        0        0        0
        0        0        0        0        0        0        0        0        0        0
        0        0        0        0        0        0        0        0        0        0
        0        0        0        0        0        0        0        0        0        0
        0        0        0        0        0        0        0        0        0        0
        0        0        0        0        0        0        0        0        0        0
        0        0        0        0        0        0        0        0        0        0
        0        0        0        0        0        0        0        0        0        0
        0        0        0        0        0        0        0        0        0        0
        0        0        0        0        0        0        0        0        0        0
        0        0        0        0        0        0        0        0        0        0
        0        0        0        0        0        0        0        0        0        0
        0        0        0        0        0        0        0        0        0        0
        0        0        0        0        0        0        0        0        0        0
        0        0        0        0        0        0        0        0        0        0
        0        0        0        0        0        0        0        0        0        0
        0        0        0        0        0        0        0        0        0        0
        0        0        0        0        0        0        0        0        0        0
        0        0        0        0        0        0        0        0        0        0
        0        0        0        0        0        0        0        0        0        0
        0        0        0        0        0        0        0        0        0        0
        0        0        0        0        0        0        0        0        0        0
        0        0        0        0        0        0        0        0        0        0
        0        0        0        0        0        0        0        0        0        0
        0        0        0        0        0        0        0        0        0        0
        0        0        0        0        0        0        0        0        0        0
        0        0        0        0        0        0        0        0        0        0
        0        0        0        0        0        0        0        0        0        0

