   1.4000
   1.5000
   1.6000
   1.7000
   1.8000
   1.9000
   2.0000
   2.1000
   2.2000
   2.3000
   2.4000
   2.5000
   2.6000
   2.7000
   2.8000
   2.9000

  -1.9686  -1.9684  -1.9681  -1.9681  -1.9682  -1.9684  -1.9681  -1.9681  -1.9680  -1.9681
  -1.9525  -1.9531  -1.9528  -1.9528  -1.9523  -1.9522  -1.9521  -1.9518  -1.9518  -1.9518
  -1.9289  -1.9289  -1.9288  -1.9294  -1.9292  -1.9287  -1.9284  -1.9280  -1.9282  -1.9284
  -1.8966  -1.8976  -1.8982  -1.8983  -1.8983  -1.8983  -1.8986  -1.8986  -1.8984  -1.8986
  -1.8615  -1.8590  -1.8579  -1.8573  -1.8579  -1.8581  -1.8582  -1.8589  -1.8593  -1.8595
  -1.8145  -1.8167  -1.8152  -1.8142  -1.8137  -1.8128  -1.8121  -1.8111  -1.8108  -1.8103
  -1.7466  -1.7430  -1.7444  -1.7452  -1.7456  -1.7463  -1.7454  -1.7451  -1.7446  -1.7442
  -1.6719  -1.6640  -1.6628  -1.6612  -1.6599  -1.6604  -1.6629  -1.6630  -1.6625  -1.6610
  -1.5707  -1.5648  -1.5528  -1.5498  -1.5501  -1.5523  -1.5514  -1.5501  -1.5478  -1.5464
  -1.4596  -1.4227  -1.4074  -1.4040  -1.4012  -1.3962  -1.3891  -1.3842  -1.3827  -1.3816
  -1.3523  -1.2905  -1.2676  -1.2533  -1.2430  -1.2366  -1.2314  -1.2253  -1.2219  -1.2210
  -1.1923  -1.1517  -1.1323  -1.1261  -1.1218  -1.1200  -1.1183  -1.1182  -1.1150  -1.1146
  -1.1101  -1.0701  -1.0539  -1.0476  -1.0470  -1.0432  -1.0409  -1.0391  -1.0391  -1.0383
  -1.0228  -0.9904  -0.9817  -0.9778  -0.9738  -0.9739  -0.9732  -0.9716  -0.9704  -0.9695
  -0.9695  -0.9396  -0.9291  -0.9223  -0.9190  -0.9174  -0.9153  -0.9147  -0.9152  -0.9141
  -0.9098  -0.8827  -0.8741  -0.8705  -0.8684  -0.8671  -0.8658  -0.8654  -0.8654  -0.8652

   0.9916   0.9915   0.9914   0.9914   0.9914   0.9915   0.9914   0.9914   0.9914   0.9914
   0.9870   0.9872   0.9870   0.9871   0.9869   0.9869   0.9868   0.9868   0.9867   0.9867
   0.9798   0.9799   0.9799   0.9801   0.9800   0.9798   0.9796   0.9795   0.9796   0.9797
   0.9691   0.9697   0.9699   0.9701   0.9701   0.9701   0.9702   0.9702   0.9702   0.9702
   0.9576   0.9566   0.9562   0.9558   0.9561   0.9562   0.9563   0.9566   0.9568   0.9568
   0.9406   0.9415   0.9411   0.9407   0.9408   0.9400   0.9397   0.9392   0.9389   0.9385
   0.9105   0.9094   0.9103   0.9111   0.9114   0.9118   0.9111   0.9111   0.9107   0.9105
   0.8756   0.8703   0.8676   0.8669   0.8663   0.8673   0.8691   0.8695   0.8695   0.8683
   0.8147   0.8125   0.7986   0.7925   0.7936   0.7958   0.7935   0.7925   0.7893   0.7842
   0.7400   0.6755   0.6406   0.6388   0.6287   0.6113   0.5913   0.5700   0.5527   0.5307
   0.6480   0.5224   0.4491   0.3971   0.3495   0.3054   0.2738   0.2437   0.2221   0.2103
   0.4327   0.2895   0.1984   0.1572   0.1547   0.1613   0.1556   0.1454   0.1206   0.0973
   0.3773   0.1819   0.1034   0.0845   0.0781   0.0535   0.0290   0.0261   0.0172   0.0077
   0.2707   0.1714   0.1357   0.1080   0.0875   0.0784   0.0721   0.0624   0.0590   0.0505
   0.1844   0.0813   0.0494   0.0428   0.0315   0.0329   0.0286   0.0281   0.0239   0.0220
   0.1524   0.0848   0.0581   0.0421   0.0248   0.0176   0.0152   0.0117   0.0121   0.0117

   0.9916   0.9915   0.9914   0.9914   0.9914   0.9915   0.9914   0.9914   0.9914   0.9914
   0.9870   0.9872   0.9870   0.9871   0.9869   0.9869   0.9868   0.9868   0.9867   0.9867
   0.9798   0.9799   0.9799   0.9801   0.9800   0.9798   0.9796   0.9795   0.9796   0.9797
   0.9691   0.9697   0.9699   0.9701   0.9701   0.9701   0.9702   0.9702   0.9702   0.9702
   0.9576   0.9566   0.9562   0.9558   0.9561   0.9562   0.9563   0.9566   0.9568   0.9568
   0.9406   0.9415   0.9411   0.9407   0.9408   0.9400   0.9397   0.9392   0.9389   0.9385
   0.9105   0.9094   0.9103   0.9111   0.9114   0.9118   0.9111   0.9111   0.9107   0.9105
   0.8756   0.8703   0.8676   0.8669   0.8663   0.8673   0.8691   0.8695   0.8695   0.8683
   0.8147   0.8125   0.7986   0.7925   0.7936   0.7958   0.7935   0.7925   0.7893   0.7842
   0.7400   0.6755   0.6406   0.6388   0.6287   0.6113   0.5913   0.5700   0.5527   0.5307
   0.6480   0.5224   0.4491   0.3971   0.3495   0.3054   0.2738   0.2444   0.2239   0.2119
   0.4327   0.2895   0.2034   0.1628   0.1593   0.1650   0.1588   0.1486   0.1408   0.1380
   0.3773   0.2309   0.1717   0.1408   0.1231   0.1158   0.1161   0.1059   0.1003   0.0981
   0.2707   0.1714   0.1357   0.1095   0.0925   0.0835   0.0767   0.0706   0.0684   0.0643
   0.1866   0.1061   0.0778   0.0663   0.0576   0.0552   0.0511   0.0482   0.0450   0.0424
   0.1526   0.0880   0.0648   0.0536   0.0521   0.0476   0.0438   0.0417   0.0400   0.0394

    0.1597    0.1786    0.1634    0.1551    0.1474    0.1471    0.1446    0.1442    0.1445    0.1455
    0.2130    0.1970    0.2125    0.2064    0.2191    0.2296    0.2329    0.2294    0.2206    0.2108
    0.3726    0.3193    0.3002    0.3039    0.3049    0.2941    0.2975    0.2921    0.2855    0.2893
    0.6930    0.5131    0.4591    0.3892    0.3659    0.3622    0.3793    0.3658    0.3543    0.3564
    1.0360    0.7408    0.6188    0.5969    0.5890    0.5504    0.5314    0.5246    0.5102    0.4983
    1.4974    1.1320    0.9270    0.8221    0.7507    0.7054    0.6868    0.6954    0.6656    0.6868
    2.2565    1.4477    1.1852    1.0253    0.9331    0.8763    0.8305    0.7971    0.8236    0.7929
    3.3434    2.1947    1.7668    1.5457    1.3935    1.3406    1.3133    1.2506    1.1808    1.1753
    6.5927    3.8102    3.3998    2.7649    2.6408    2.3774    2.1331    2.0024    1.9479    1.8798
   10.2559    8.3324    6.7999    5.3799    4.5284    4.1290    4.2821    4.1791    3.8365    3.5340
   19.0294   16.6708   13.1977   11.1628    9.9122    8.7739    7.9007    7.4578    6.8761    6.2939
   25.9403   15.8324   11.9745    9.3495    7.7524    6.5778    5.7700    5.1347    4.8406    4.4636
   26.4739   15.8504   11.5370    8.9658    7.2662    6.2306    5.4841    4.9072    4.4414    4.0779
   25.9259   14.6079   10.1911    7.8344    6.4301    5.4455    4.7404    4.2655    3.9170    3.5738
   25.5371   14.1246    9.8176    7.6262    6.2487    5.2812    4.6151    4.1045    3.7071    3.3840
   24.0985   13.1165    9.0502    6.9297    5.6416    4.7932    4.1715    3.6979    3.3134    3.0131

   1.7620e-02   2.0198e-02   1.8437e-02   1.7535e-02   1.6861e-02   1.6909e-02   1.6756e-02   1.6610e-02   1.6673e-02   1.6786e-02
   2.6726e-02   2.4332e-02   2.7416e-02   2.6389e-02   2.8474e-02   3.0574e-02   3.1174e-02   3.0698e-02   2.9693e-02   2.8366e-02
   5.8643e-02   5.0224e-02   4.6505e-02   4.6674e-02   4.6600e-02   4.5174e-02   4.6533e-02   4.6111e-02   4.5680e-02   4.6234e-02
   1.3823e-01   1.0186e-01   9.2501e-02   7.7156e-02   7.3242e-02   7.2051e-02   7.5003e-02   7.3215e-02   7.0982e-02   7.1522e-02
   2.4265e-01   1.8887e-01   1.5434e-01   1.5889e-01   1.5507e-01   1.4424e-01   1.3697e-01   1.3565e-01   1.3129e-01   1.2843e-01
   4.0441e-01   3.2847e-01   2.6289e-01   2.4090e-01   2.1781e-01   2.1319e-01   2.0991e-01   2.2606e-01   2.1792e-01   2.2994e-01
   8.8386e-01   5.9070e-01   5.0915e-01   4.4216e-01   4.1886e-01   3.9831e-01   3.9162e-01   3.7151e-01   4.1406e-01   3.9285e-01
   1.6813e+00   1.2054e+00   1.1006e+00   9.5743e-01   8.9288e-01   9.0553e-01   9.1887e-01   8.8005e-01   8.3620e-01   8.6142e-01
   5.4969e+00   3.2533e+00   4.2121e+00   3.9387e+00   4.2162e+00   3.8307e+00   3.5008e+00   3.2393e+00   3.3852e+00   4.2134e+00
   1.2886e+01   2.7891e+01   3.2304e+01   2.5246e+01   2.2588e+01   2.5671e+01   3.2873e+01   4.3068e+01   4.8929e+01   6.3237e+01
   4.0365e+01   9.2637e+01   1.0893e+02   1.1692e+02   1.3428e+02   1.5269e+02   1.5653e+02   1.6399e+02   1.6267e+02   1.5211e+02
   1.0844e+02   1.3874e+02   1.6078e+02   1.4196e+02   1.1508e+02   9.7304e+01   8.4444e+01   7.8312e+01   9.0361e+01   1.0130e+02
   1.2498e+02   2.2753e+02   1.9973e+02   1.5634e+02   1.2637e+02   1.1865e+02   1.1671e+02   1.0332e+02   9.5040e+01   8.9031e+01
   1.4230e+02   1.0892e+02   8.3878e+01   7.2341e+01   6.4830e+01   5.6107e+01   4.9212e+01   4.5949e+01   4.2057e+01   4.0431e+01
   1.7609e+02   1.2697e+02   9.2481e+01   7.0896e+01   5.8983e+01   4.9899e+01   4.3732e+01   3.8554e+01   3.4965e+01   3.1769e+01
   1.5316e+02   9.3410e+01   6.7789e+01   5.3954e+01   4.7794e+01   4.1001e+01   3.5645e+01   3.1849e+01   2.8590e+01   2.6221e+01

   8.5080e+03   1.6999e+04   2.5781e+04   3.4361e+04   4.2806e+04   5.1147e+04   6.0106e+04   6.8579e+04   7.7595e+04   8.5920e+04
   1.3025e+04   2.5881e+04   3.8974e+04   5.1835e+04   6.5321e+04   7.8649e+04   9.2030e+04   1.0552e+05   1.1888e+05   1.3200e+05
   1.9799e+04   3.9506e+04   5.9450e+04   7.8873e+04   9.9147e+04   1.1969e+05   1.4028e+05   1.6119e+05   1.8113e+05   2.0082e+05
   2.9607e+04   5.8808e+04   8.7938e+04   1.1703e+05   1.4595e+05   1.7488e+05   2.0345e+05   2.3285e+05   2.6205e+05   2.9082e+05
   4.0458e+04   8.2745e+04   1.2507e+05   1.6748e+05   2.0861e+05   2.4998e+05   2.9145e+05   3.3153e+05   3.7206e+05   4.1279e+05
   5.6031e+04   1.1100e+05   1.6809e+05   2.2484e+05   2.8060e+05   3.3859e+05   3.9699e+05   4.5600e+05   5.1351e+05   5.7244e+05
   7.9097e+04   1.5995e+05   2.3902e+05   3.1782e+05   3.9643e+05   4.7415e+05   5.5472e+05   6.3404e+05   7.1432e+05   7.9471e+05
   1.0520e+05   2.1591e+05   3.2529e+05   4.3514e+05   5.4580e+05   6.5395e+05   7.5676e+05   8.6451e+05   9.7355e+05   1.0864e+06
   1.4216e+05   2.8808e+05   4.4500e+05   5.9753e+05   7.4636e+05   8.9085e+05   1.0411e+06   1.1938e+06   1.3496e+06   1.5039e+06
   1.8458e+05   3.9506e+05   6.0908e+05   8.1706e+05   1.0271e+06   1.2435e+06   1.4677e+06   1.6913e+06   1.9074e+06   2.1236e+06
   2.2714e+05   4.9925e+05   7.7485e+05   1.0549e+06   1.3370e+06   1.6190e+06   1.9031e+06   2.1929e+06   2.4787e+06   2.7569e+06
   2.9012e+05   6.1079e+05   9.3978e+05   1.2631e+06   1.5864e+06   1.9086e+06   2.2312e+06   2.5507e+06   2.8794e+06   3.2017e+06
   3.2668e+05   6.8324e+05   1.0455e+06   1.4033e+06   1.7549e+06   2.1147e+06   2.4730e+06   2.8314e+06   3.1849e+06   3.5422e+06
   3.6558e+05   7.5507e+05   1.1428e+06   1.5301e+06   1.9199e+06   2.3041e+06   2.6901e+06   3.0797e+06   3.4685e+06   3.8573e+06
   3.9076e+05   8.0452e+05   1.2193e+06   1.6366e+06   2.0516e+06   2.4655e+06   2.8826e+06   3.2965e+06   3.7079e+06   4.1242e+06
   4.2020e+05   8.6117e+05   1.3020e+06   1.7417e+06   2.1811e+06   2.6200e+06   3.0606e+06   3.4995e+06   3.9371e+06   4.3753e+06

