   2.0000
   2.0050
   2.0100
   2.0150
   2.0200
   2.0250
   2.0300
   2.0350
   2.0400
   2.0450
   2.0500
   2.0550
   2.0600
   2.0650
   2.0700
   2.0750
   2.0800
   2.0850
   2.0900
   2.0950
   2.1000
   2.1050
   2.1100
   2.1150
   2.1200
   2.1250
   2.1300
   2.1350
   2.1400
   2.1450
   2.1500
   2.1550
   2.1600
   2.1650
   2.1700
   2.1750
   2.1800
   2.1850
   2.1900
   2.1950
   2.2000
   2.2050
   2.2100
   2.2150
   2.2200
   2.2250
   2.2300
   2.2350
   2.2400
   2.2450
   2.2500
   2.2550
   2.2600
   2.2650
   2.2700
   2.2750
   2.2800
   2.2850
   2.2900
   2.2950
   2.3000
   2.3050
   2.3100
   2.3150
   2.3200
   2.3250
   2.3300
   2.3350
   2.3400
   2.3450
   2.3500
   2.3550
   2.3600
   2.3650
   2.3700
   2.3750
   2.3800
   2.3850
   2.3900
   2.3950
   2.4000
   2.4050
   2.4100
   2.4150
   2.4200
   2.4250
   2.4300
   2.4350
   2.4400
   2.4450
   2.4500
   2.4550
   2.4600
   2.4650
   2.4700
   2.4750
   2.4800
   2.4850
   2.4900
   2.4950
   2.5000
   2.5050
   2.5100
   2.5150
   2.5200
   2.5250
   2.5300
   2.5350
   2.5400
   2.5450
   2.5500
   2.5550
   2.5600
   2.5650
   2.5700
   2.5750
   2.5800
   2.5850
   2.5900
   2.5950

        0        0        0        0        0        0        0        0        0        0
        0        0        0        0        0        0        0        0        0        0
        0        0        0        0        0        0        0        0        0        0
        0        0        0        0        0        0        0        0        0        0
        0        0        0        0        0        0        0        0        0        0
        0        0        0        0        0        0        0        0        0        0
        0        0        0        0        0        0        0        0        0        0
        0        0        0        0        0        0        0        0        0        0
        0        0        0        0        0        0        0        0        0        0
        0        0        0        0        0        0        0        0        0        0
        0        0        0        0        0        0        0        0        0        0
        0        0        0        0        0        0        0        0        0        0
        0        0        0        0        0        0        0        0        0        0
        0        0        0        0        0        0        0        0        0        0
        0        0        0        0        0        0        0        0        0        0
        0        0        0        0        0        0        0        0        0        0
        0        0        0        0        0        0        0        0        0        0
        0        0        0        0        0        0        0        0        0        0
        0        0        0        0        0        0        0        0        0        0
        0        0        0        0        0        0        0        0        0        0
        0        0        0        0        0        0        0        0        0        0
        0        0        0        0        0        0        0        0        0        0
        0        0        0        0        0        0        0        0        0        0
        0        0        0        0        0        0        0        0        0        0
        0        0        0        0        0        0        0        0        0        0
        0        0        0        0        0        0        0        0        0        0
        0        0        0        0        0        0        0        0        0        0
        0        0        0        0        0        0        0        0        0        0
        0        0        0        0        0        0        0        0        0        0
        0        0        0        0        0        0        0        0        0        0
        0        0        0        0        0        0        0        0        0        0
        0        0        0        0        0        0        0        0        0        0
        0        0        0        0        0        0        0        0        0        0
        0        0        0        0        0        0        0        0        0        0
        0        0        0        0        0        0        0        0        0        0
        0        0        0        0        0        0        0        0        0        0
        0        0        0        0        0        0        0        0        0        0
        0        0        0        0        0        0        0        0        0        0
        0        0        0        0        0        0        0        0        0        0
        0        0        0        0        0        0        0        0        0        0
        0        0        0        0        0        0        0        0        0        0
        0        0        0        0        0        0        0        0        0        0
        0        0        0        0        0        0        0        0        0        0
        0        0        0        0        0        0        0        0        0        0
        0        0        0        0        0        0        0        0        0        0
        0        0        0        0        0        0        0        0        0        0
        0        0        0        0        0        0        0        0        0        0
        0        0        0        0        0        0        0        0        0        0
        0        0        0        0        0        0        0        0        0        0
        0        0        0        0        0        0        0        0        0        0
        0        0        0        0        0        0        0        0        0        0
        0        0        0        0        0        0        0        0        0        0
        0        0        0        0        0        0        0        0        0        0
        0        0        0        0        0        0        0        0        0        0
        0        0        0        0        0        0        0        0        0        0
        0        0        0        0        0        0        0        0        0        0
        0        0        0        0        0        0        0        0        0        0
        0        0        0        0        0        0        0        0        0        0
        0        0        0        0        0        0        0        0        0        0
        0        0        0        0        0        0        0        0        0        0
     -inf  -2.1991  -2.0992  -2.0658  -2.0492  -2.0391  -2.0321  -2.0270  -2.0231  -2.0201
     -inf  -2.1985  -2.0984  -2.0651  -2.0484  -2.0384  -2.0317  -2.0269  -2.0232  -2.0204
     -inf  -2.1991  -2.0988  -2.0654  -2.0486  -2.0386  -2.0319  -2.0271  -2.0235  -2.0207
     -inf  -2.2000  -2.0996  -2.0661  -2.0492  -2.0390  -2.0322  -2.0273  -2.0236  -2.0206
     -inf  -2.2000  -2.1000  -2.0667  -2.0500  -2.0400  -2.0333  -2.0285  -2.0248  -2.0220
     -inf  -2.2000  -2.1000  -2.0667  -2.0500  -2.0400  -2.0333  -2.0286  -2.0250  -2.0221
     -inf  -2.1999  -2.0996  -2.0661  -2.0494  -2.0393  -2.0327  -2.0279  -2.0243  -2.0215
     -inf  -2.1991  -2.0988  -2.0653  -2.0484  -2.0381  -2.0312  -2.0260  -2.0220  -2.0188
     -inf  -2.2000  -2.1000  -2.0667  -2.0500  -2.0400  -2.0333  -2.0286  -2.0250  -2.0222
     -inf  -2.1996  -2.0990  -2.0650  -2.0480  -2.0377  -2.0309  -2.0260  -2.0224  -2.0195
     -inf  -2.2000  -2.1000  -2.0667  -2.0500  -2.0400  -2.0333  -2.0284  -2.0248  -2.0219
     -inf  -2.2000  -2.0997  -2.0662  -2.0493  -2.0391  -2.0323  -2.0274  -2.0236  -2.0206
     -inf  -2.2000  -2.1000  -2.0667  -2.0500  -2.0400  -2.0331  -2.0281  -2.0242  -2.0210
     -inf  -2.2000  -2.1000  -2.0667  -2.0500  -2.0400  -2.0333  -2.0286  -2.0249  -2.0220
     -inf  -2.2000  -2.0999  -2.0662  -2.0493  -2.0391  -2.0323  -2.0275  -2.0238  -2.0210
     -inf  -2.1982  -2.0983  -2.0650  -2.0484  -2.0384  -2.0317  -2.0269  -2.0234  -2.0206
     -inf  -2.1991  -2.0992  -2.0658  -2.0492  -2.0390  -2.0322  -2.0274  -2.0237  -2.0207
     -inf  -2.2000  -2.1000  -2.0666  -2.0498  -2.0396  -2.0329  -2.0281  -2.0245  -2.0217
     -inf  -2.1991  -2.0992  -2.0658  -2.0492  -2.0390  -2.0323  -2.0274  -2.0238  -2.0210
     -inf  -2.2000  -2.1000  -2.0667  -2.0500  -2.0398  -2.0331  -2.0282  -2.0246  -2.0218
     -inf  -2.1991  -2.0992  -2.0658  -2.0492  -2.0390  -2.0323  -2.0274  -2.0238  -2.0210
     -inf  -2.2000  -2.1000  -2.0665  -2.0497  -2.0396  -2.0329  -2.0279  -2.0242  -2.0214
     -inf  -2.1991  -2.0992  -2.0658  -2.0492  -2.0392  -2.0325  -2.0278  -2.0242  -2.0214
     -inf  -2.2000  -2.1000  -2.0664  -2.0496  -2.0395  -2.0327  -2.0277  -2.0239  -2.0210
     -inf  -2.2000  -2.1000  -2.0667  -2.0500  -2.0399  -2.0331  -2.0283  -2.0246  -2.0218
     -inf  -2.2000  -2.1000  -2.0667  -2.0500  -2.0400  -2.0333  -2.0286  -2.0250  -2.0222
     -inf  -2.1998  -2.0993  -2.0657  -2.0487  -2.0386  -2.0317  -2.0269  -2.0232  -2.0203
     -inf  -2.1982  -2.0983  -2.0647  -2.0480  -2.0379  -2.0312  -2.0264  -2.0228  -2.0199
     -inf  -2.1990  -2.0987  -2.0653  -2.0485  -2.0384  -2.0314  -2.0263  -2.0222  -2.0189
     -inf  -2.2000  -2.1000  -2.0667  -2.0498  -2.0397  -2.0329  -2.0281  -2.0243  -2.0211
        0        0        0        0        0        0        0        0        0        0
        0        0        0        0        0        0        0        0        0        0
        0        0        0        0        0        0        0        0        0        0
        0        0        0        0        0        0        0        0        0        0
        0        0        0        0        0        0        0        0        0        0
        0        0        0        0        0        0        0        0        0        0
        0        0        0        0        0        0        0        0        0        0
        0        0        0        0        0        0        0        0        0        0
        0        0        0        0        0        0        0        0        0        0
        0        0        0        0        0        0        0        0        0        0
        0        0        0        0        0        0        0        0        0        0
        0        0        0        0        0        0        0        0        0        0
        0        0        0        0        0        0        0        0        0        0
        0        0        0        0        0        0        0        0        0        0
        0        0        0        0        0        0        0        0        0        0
        0        0        0        0        0        0        0        0        0        0
        0        0        0        0        0        0        0        0        0        0
        0        0        0        0        0        0        0        0        0        0
        0        0        0        0        0        0        0        0        0        0
        0        0        0        0        0        0        0        0        0        0
        0        0        0        0        0        0        0        0        0        0
        0        0        0        0        0        0        0        0        0        0
        0        0        0        0        0        0        0        0        0        0
        0        0        0        0        0        0        0        0        0        0
        0        0        0        0        0        0        0        0        0        0
        0        0        0        0        0        0        0        0        0        0
        0        0        0        0        0        0        0        0        0        0
        0        0        0        0        0        0        0        0        0        0
        0        0        0        0        0        0        0        0        0        0
        0        0        0        0        0        0        0        0        0        0

        0        0        0        0        0        0        0        0        0        0
        0        0        0        0        0        0        0        0        0        0
        0        0        0        0        0        0        0        0        0        0
        0        0        0        0        0        0        0        0        0        0
        0        0        0        0        0        0        0        0        0        0
        0        0        0        0        0        0        0        0        0        0
        0        0        0        0        0        0        0        0        0        0
        0        0        0        0        0        0        0        0        0        0
        0        0        0        0        0        0        0        0        0        0
        0        0        0        0        0        0        0        0        0        0
        0        0        0        0        0        0        0        0        0        0
        0        0        0        0        0        0        0        0        0        0
        0        0        0        0        0        0        0        0        0        0
        0        0        0        0        0        0        0        0        0        0
        0        0        0        0        0        0        0        0        0        0
        0        0        0        0        0        0        0        0        0        0
        0        0        0        0        0        0        0        0        0        0
        0        0        0        0        0        0        0        0        0        0
        0        0        0        0        0        0        0        0        0        0
        0        0        0        0        0        0        0        0        0        0
        0        0        0        0        0        0        0        0        0        0
        0        0        0        0        0        0        0        0        0        0
        0        0        0        0        0        0        0        0        0        0
        0        0        0        0        0        0        0        0        0        0
        0        0        0        0        0        0        0        0        0        0
        0        0        0        0        0        0        0        0        0        0
        0        0        0        0        0        0        0        0        0        0
        0        0        0        0        0        0        0        0        0        0
        0        0        0        0        0        0        0        0        0        0
        0        0        0        0        0        0        0        0        0        0
        0        0        0        0        0        0        0        0        0        0
        0        0        0        0        0        0        0        0        0        0
        0        0        0        0        0        0        0        0        0        0
        0        0        0        0        0        0        0        0        0        0
        0        0        0        0        0        0        0        0        0        0
        0        0        0        0        0        0        0        0        0        0
        0        0        0        0        0        0        0        0        0        0
        0        0        0        0        0        0        0        0        0        0
        0        0        0        0        0        0        0        0        0        0
        0        0        0        0        0        0        0        0        0        0
        0        0        0        0        0        0        0        0        0        0
        0        0        0        0        0        0        0        0        0        0
        0        0        0        0        0        0        0        0        0        0
        0        0        0        0        0        0        0        0        0        0
        0        0        0        0        0        0        0        0        0        0
        0        0        0        0        0        0        0        0        0        0
        0        0        0        0        0        0        0        0        0        0
        0        0        0        0        0        0        0        0        0        0
        0        0        0        0        0        0        0        0        0        0
        0        0        0        0        0        0        0        0        0        0
        0        0        0        0        0        0        0        0        0        0
        0        0        0        0        0        0        0        0        0        0
        0        0        0        0        0        0        0        0        0        0
        0        0        0        0        0        0        0        0        0        0
        0        0        0        0        0        0        0        0        0        0
        0        0        0        0        0        0        0        0        0        0
        0        0        0        0        0        0        0        0        0        0
        0        0        0        0        0        0        0        0        0        0
        0        0        0        0        0        0        0        0        0        0
        0        0        0        0        0        0        0        0        0        0
      inf   1.0998   1.0498   1.0331   1.0248   1.0198   1.0164   1.0139   1.0120   1.0106
      inf   1.0996   1.0496   1.0329   1.0246   1.0196   1.0163   1.0139   1.0120   1.0106
      inf   1.0998   1.0497   1.0330   1.0247   1.0196   1.0163   1.0139   1.0121   1.0107
      inf   1.1000   1.0499   1.0332   1.0248   1.0198   1.0164   1.0140   1.0121   1.0107
      inf   1.1000   1.0500   1.0333   1.0250   1.0200   1.0167   1.0143   1.0125   1.0110
      inf   1.1000   1.0500   1.0333   1.0250   1.0200   1.0167   1.0143   1.0125   1.0111
      inf   1.1000   1.0499   1.0332   1.0248   1.0198   1.0165   1.0141   1.0123   1.0109
      inf   1.0998   1.0497   1.0330   1.0246   1.0195   1.0161   1.0136   1.0117   1.0103
      inf   1.1000   1.0500   1.0333   1.0250   1.0200   1.0167   1.0143   1.0125   1.0111
      inf   1.0999   1.0497   1.0329   1.0245   1.0194   1.0161   1.0137   1.0118   1.0104
      inf   1.1000   1.0500   1.0333   1.0250   1.0200   1.0167   1.0143   1.0124   1.0110
      inf   1.1000   1.0499   1.0332   1.0248   1.0198   1.0164   1.0140   1.0122   1.0107
      inf   1.1000   1.0500   1.0333   1.0250   1.0200   1.0166   1.0142   1.0123   1.0108
      inf   1.1000   1.0500   1.0333   1.0250   1.0200   1.0167   1.0143   1.0125   1.0110
      inf   1.1000   1.0500   1.0332   1.0248   1.0198   1.0164   1.0140   1.0122   1.0108
      inf   1.0996   1.0496   1.0329   1.0246   1.0196   1.0163   1.0139   1.0121   1.0107
      inf   1.0998   1.0498   1.0331   1.0248   1.0198   1.0164   1.0140   1.0122   1.0107
      inf   1.1000   1.0500   1.0333   1.0249   1.0199   1.0166   1.0142   1.0124   1.0110
      inf   1.0998   1.0498   1.0331   1.0248   1.0198   1.0164   1.0140   1.0122   1.0108
      inf   1.1000   1.0500   1.0333   1.0250   1.0200   1.0166   1.0142   1.0124   1.0110
      inf   1.0998   1.0498   1.0331   1.0248   1.0198   1.0164   1.0140   1.0122   1.0108
      inf   1.1000   1.0500   1.0333   1.0249   1.0199   1.0165   1.0141   1.0123   1.0109
      inf   1.0998   1.0498   1.0331   1.0248   1.0198   1.0165   1.0141   1.0123   1.0109
      inf   1.1000   1.0500   1.0333   1.0249   1.0199   1.0165   1.0141   1.0122   1.0108
      inf   1.1000   1.0500   1.0333   1.0250   1.0200   1.0166   1.0142   1.0124   1.0110
      inf   1.1000   1.0500   1.0333   1.0250   1.0200   1.0167   1.0143   1.0125   1.0111
      inf   1.0999   1.0498   1.0331   1.0247   1.0196   1.0163   1.0139   1.0120   1.0106
      inf   1.0996   1.0496   1.0329   1.0245   1.0195   1.0161   1.0137   1.0119   1.0105
      inf   1.0997   1.0497   1.0330   1.0246   1.0196   1.0162   1.0137   1.0118   1.0103
      inf   1.1000   1.0500   1.0333   1.0250   1.0199   1.0166   1.0142   1.0123   1.0108
        0        0        0        0        0        0        0        0        0        0
        0        0        0        0        0        0        0        0        0        0
        0        0        0        0        0        0        0        0        0        0
        0        0        0        0        0        0        0        0        0        0
        0        0        0        0        0        0        0        0        0        0
        0        0        0        0        0        0        0        0        0        0
        0        0        0        0        0        0        0        0        0        0
        0        0        0        0        0        0        0        0        0        0
        0        0        0        0        0        0        0        0        0        0
        0        0        0        0        0        0        0        0        0        0
        0        0        0        0        0        0        0        0        0        0
        0        0        0        0        0        0        0        0        0        0
        0        0        0        0        0        0        0        0        0        0
        0        0        0        0        0        0        0        0        0        0
        0        0        0        0        0        0        0        0        0        0
        0        0        0        0        0        0        0        0        0        0
        0        0        0        0        0        0        0        0        0        0
        0        0        0        0        0        0        0        0        0        0
        0        0        0        0        0        0        0        0        0        0
        0        0        0        0        0        0        0        0        0        0
        0        0        0        0        0        0        0        0        0        0
        0        0        0        0        0        0        0        0        0        0
        0        0        0        0        0        0        0        0        0        0
        0        0        0        0        0        0        0        0        0        0
        0        0        0        0        0        0        0        0        0        0
        0        0        0        0        0        0        0        0        0        0
        0        0        0        0        0        0        0        0        0        0
        0        0        0        0        0        0        0        0        0        0
        0        0        0        0        0        0        0        0        0        0
        0        0        0        0        0        0        0        0        0        0

        0        0        0        0        0        0        0        0        0        0
        0        0        0        0        0        0        0        0        0        0
        0        0        0        0        0        0        0        0        0        0
        0        0        0        0        0        0        0        0        0        0
        0        0        0        0        0        0        0        0        0        0
        0        0        0        0        0        0        0        0        0        0
        0        0        0        0        0        0        0        0        0        0
        0        0        0        0        0        0        0        0        0        0
        0        0        0        0        0        0        0        0        0        0
        0        0        0        0        0        0        0        0        0        0
        0        0        0        0        0        0        0        0        0        0
        0        0        0        0        0        0        0        0        0        0
        0        0        0        0        0        0        0        0        0        0
        0        0        0        0        0        0        0        0        0        0
        0        0        0        0        0        0        0        0        0        0
        0        0        0        0        0        0        0        0        0        0
        0        0        0        0        0        0        0        0        0        0
        0        0        0        0        0        0        0        0        0        0
        0        0        0        0        0        0        0        0        0        0
        0        0        0        0        0        0        0        0        0        0
        0        0        0        0        0        0        0        0        0        0
        0        0        0        0        0        0        0        0        0        0
        0        0        0        0        0        0        0        0        0        0
        0        0        0        0        0        0        0        0        0        0
        0        0        0        0        0        0        0        0        0        0
        0        0        0        0        0        0        0        0        0        0
        0        0        0        0        0        0        0        0        0        0
        0        0        0        0        0        0        0        0        0        0
        0        0        0        0        0        0        0        0        0        0
        0        0        0        0        0        0        0        0        0        0
        0        0        0        0        0        0        0        0        0        0
        0        0        0        0        0        0        0        0        0        0
        0        0        0        0        0        0        0        0        0        0
        0        0        0        0        0        0        0        0        0        0
        0        0        0        0        0        0        0        0        0        0
        0        0        0        0        0        0        0        0        0        0
        0        0        0        0        0        0        0        0        0        0
        0        0        0        0        0        0        0        0        0        0
        0        0        0        0        0        0        0        0        0        0
        0        0        0        0        0        0        0        0        0        0
        0        0        0        0        0        0        0        0        0        0
        0        0        0        0        0        0        0        0        0        0
        0        0        0        0        0        0        0        0        0        0
        0        0        0        0        0        0        0        0        0        0
        0        0        0        0        0        0        0        0        0        0
        0        0        0        0        0        0        0        0        0        0
        0        0        0        0        0        0        0        0        0        0
        0        0        0        0        0        0        0        0        0        0
        0        0        0        0        0        0        0        0        0        0
        0        0        0        0        0        0        0        0        0        0
        0        0        0        0        0        0        0        0        0        0
        0        0        0        0        0        0        0        0        0        0
        0        0        0        0        0        0        0        0        0        0
        0        0        0        0        0        0        0        0        0        0
        0        0        0        0        0        0        0        0        0        0
        0        0        0        0        0        0        0        0        0        0
        0        0        0        0        0        0        0        0        0        0
        0        0        0        0        0        0        0        0        0        0
        0        0        0        0        0        0        0        0        0        0
        0        0        0        0        0        0        0        0        0        0
      inf   1.0998   1.0498   1.0331   1.0248   1.0198   1.0164   1.0139   1.0120   1.0106
      inf   1.0996   1.0496   1.0329   1.0246   1.0196   1.0163   1.0139   1.0120   1.0106
      inf   1.0998   1.0497   1.0330   1.0247   1.0196   1.0163   1.0139   1.0121   1.0107
      inf   1.1000   1.0499   1.0332   1.0248   1.0198   1.0164   1.0140   1.0121   1.0107
      inf   1.1000   1.0500   1.0333   1.0250   1.0200   1.0167   1.0143   1.0125   1.0110
      inf   1.1000   1.0500   1.0333   1.0250   1.0200   1.0167   1.0143   1.0125   1.0111
      inf   1.1000   1.0499   1.0332   1.0248   1.0198   1.0165   1.0141   1.0123   1.0109
      inf   1.0998   1.0497   1.0330   1.0246   1.0195   1.0161   1.0136   1.0117   1.0103
      inf   1.1000   1.0500   1.0333   1.0250   1.0200   1.0167   1.0143   1.0125   1.0111
      inf   1.0999   1.0497   1.0329   1.0245   1.0194   1.0161   1.0137   1.0118   1.0104
      inf   1.1000   1.0500   1.0333   1.0250   1.0200   1.0167   1.0143   1.0124   1.0110
      inf   1.1000   1.0499   1.0332   1.0248   1.0198   1.0164   1.0140   1.0122   1.0107
      inf   1.1000   1.0500   1.0333   1.0250   1.0200   1.0166   1.0142   1.0123   1.0108
      inf   1.1000   1.0500   1.0333   1.0250   1.0200   1.0167   1.0143   1.0125   1.0110
      inf   1.1000   1.0500   1.0332   1.0248   1.0198   1.0164   1.0140   1.0122   1.0108
      inf   1.0996   1.0496   1.0329   1.0246   1.0196   1.0163   1.0139   1.0121   1.0107
      inf   1.0998   1.0498   1.0331   1.0248   1.0198   1.0164   1.0140   1.0122   1.0107
      inf   1.1000   1.0500   1.0333   1.0249   1.0199   1.0166   1.0142   1.0124   1.0110
      inf   1.0998   1.0498   1.0331   1.0248   1.0198   1.0164   1.0140   1.0122   1.0108
      inf   1.1000   1.0500   1.0333   1.0250   1.0200   1.0166   1.0142   1.0124   1.0110
      inf   1.0998   1.0498   1.0331   1.0248   1.0198   1.0164   1.0140   1.0122   1.0108
      inf   1.1000   1.0500   1.0333   1.0249   1.0199   1.0165   1.0141   1.0123   1.0109
      inf   1.0998   1.0498   1.0331   1.0248   1.0198   1.0165   1.0141   1.0123   1.0109
      inf   1.1000   1.0500   1.0333   1.0249   1.0199   1.0165   1.0141   1.0122   1.0108
      inf   1.1000   1.0500   1.0333   1.0250   1.0200   1.0166   1.0142   1.0124   1.0110
      inf   1.1000   1.0500   1.0333   1.0250   1.0200   1.0167   1.0143   1.0125   1.0111
      inf   1.0999   1.0498   1.0331   1.0247   1.0196   1.0163   1.0139   1.0120   1.0106
      inf   1.0996   1.0496   1.0329   1.0245   1.0195   1.0161   1.0137   1.0119   1.0105
      inf   1.0997   1.0497   1.0330   1.0246   1.0196   1.0162   1.0137   1.0118   1.0103
      inf   1.1000   1.0500   1.0333   1.0250   1.0199   1.0166   1.0142   1.0123   1.0108
        0        0        0        0        0        0        0        0        0        0
        0        0        0        0        0        0        0        0        0        0
        0        0        0        0        0        0        0        0        0        0
        0        0        0        0        0        0        0        0        0        0
        0        0        0        0        0        0        0        0        0        0
        0        0        0        0        0        0        0        0        0        0
        0        0        0        0        0        0        0        0        0        0
        0        0        0        0        0        0        0        0        0        0
        0        0        0        0        0        0        0        0        0        0
        0        0        0        0        0        0        0        0        0        0
        0        0        0        0        0        0        0        0        0        0
        0        0        0        0        0        0        0        0        0        0
        0        0        0        0        0        0        0        0        0        0
        0        0        0        0        0        0        0        0        0        0
        0        0        0        0        0        0        0        0        0        0
        0        0        0        0        0        0        0        0        0        0
        0        0        0        0        0        0        0        0        0        0
        0        0        0        0        0        0        0        0        0        0
        0        0        0        0        0        0        0        0        0        0
        0        0        0        0        0        0        0        0        0        0
        0        0        0        0        0        0        0        0        0        0
        0        0        0        0        0        0        0        0        0        0
        0        0        0        0        0        0        0        0        0        0
        0        0        0        0        0        0        0        0        0        0
        0        0        0        0        0        0        0        0        0        0
        0        0        0        0        0        0        0        0        0        0
        0        0        0        0        0        0        0        0        0        0
        0        0        0        0        0        0        0        0        0        0
        0        0        0        0        0        0        0        0        0        0
        0        0        0        0        0        0        0        0        0        0

            0            0            0            0            0            0            0            0            0            0
            0            0            0            0            0            0            0            0            0            0
            0            0            0            0            0            0            0            0            0            0
            0            0            0            0            0            0            0            0            0            0
            0            0            0            0            0            0            0            0            0            0
            0            0            0            0            0            0            0            0            0            0
            0            0            0            0            0            0            0            0            0            0
            0            0            0            0            0            0            0            0            0            0
            0            0            0            0            0            0            0            0            0            0
            0            0            0            0            0            0            0            0            0            0
            0            0            0            0            0            0            0            0            0            0
            0            0            0            0            0            0            0            0            0            0
            0            0            0            0            0            0            0            0            0            0
            0            0            0            0            0            0            0            0            0            0
            0            0            0            0            0            0            0            0            0            0
            0            0            0            0            0            0            0            0            0            0
            0            0            0            0            0            0            0            0            0            0
            0            0            0            0            0            0            0            0            0            0
            0            0            0            0            0            0            0            0            0            0
            0            0            0            0            0            0            0            0            0            0
            0            0            0            0            0            0            0            0            0            0
            0            0            0            0            0            0            0            0            0            0
            0            0            0            0            0            0            0            0            0            0
            0            0            0            0            0            0            0            0            0            0
            0            0            0            0            0            0            0            0            0            0
            0            0            0            0            0            0            0            0            0            0
            0            0            0            0            0            0            0            0            0            0
            0            0            0            0            0            0            0            0            0            0
            0            0            0            0            0            0            0            0            0            0
            0            0            0            0            0            0            0            0            0            0
            0            0            0            0            0            0            0            0            0            0
            0            0            0            0            0            0            0            0            0            0
            0            0            0            0            0            0            0            0            0            0
            0            0            0            0            0            0            0            0            0            0
            0            0            0            0            0            0            0            0            0            0
            0            0            0            0            0            0            0            0            0            0
            0            0            0            0            0            0            0            0            0            0
            0            0            0            0            0            0            0            0            0            0
            0            0            0            0            0            0            0            0            0            0
            0            0            0            0            0            0            0            0            0            0
            0            0            0            0            0            0            0            0            0            0
            0            0            0            0            0            0            0            0            0            0
            0            0            0            0            0            0            0            0            0            0
            0            0            0            0            0            0            0            0            0            0
            0            0            0            0            0            0            0            0            0            0
            0            0            0            0            0            0            0            0            0            0
            0            0            0            0            0            0            0            0            0            0
            0            0            0            0            0            0            0            0            0            0
            0            0            0            0            0            0            0            0            0            0
            0            0            0            0            0            0            0            0            0            0
            0            0            0            0            0            0            0            0            0            0
            0            0            0            0            0            0            0            0            0            0
            0            0            0            0            0            0            0            0            0            0
            0            0            0            0            0            0            0            0            0            0
            0            0            0            0            0            0            0            0            0            0
            0            0            0            0            0            0            0            0            0            0
            0            0            0            0            0            0            0            0            0            0
            0            0            0            0            0            0            0            0            0            0
            0            0            0            0            0            0            0            0            0            0
            0            0            0            0            0            0            0            0            0            0
          nan  -8.3109e+02  -3.9666e+02  -2.6024e+02  -1.9361e+02  -1.5411e+02  -1.2797e+02  -1.0939e+02  -9.5521e+01  -8.4770e+01
          nan  -8.2701e+02  -3.9467e+02  -2.5893e+02  -1.9262e+02  -1.5335e+02  -1.2737e+02  -1.0890e+02  -9.5115e+01  -8.4425e+01
          nan  -8.2391e+02  -3.9311e+02  -2.5787e+02  -1.9183e+02  -1.5271e+02  -1.2684e+02  -1.0846e+02  -9.4733e+01  -8.4090e+01
          nan  -8.2101e+02  -3.9170e+02  -2.5695e+02  -1.9111e+02  -1.5211e+02  -1.2633e+02  -1.0801e+02  -9.4328e+01  -8.3715e+01
          nan  -8.1748e+02  -3.9016e+02  -2.5598e+02  -1.9044e+02  -1.5161e+02  -1.2592e+02  -1.0767e+02  -9.4038e+01  -8.3469e+01
          nan  -8.1397e+02  -3.8848e+02  -2.5488e+02  -1.8962e+02  -1.5095e+02  -1.2538e+02  -1.0722e+02  -9.3652e+01  -8.3126e+01
          nan  -8.1042e+02  -3.8666e+02  -2.5365e+02  -1.8869e+02  -1.5021e+02  -1.2476e+02  -1.0669e+02  -9.3185e+01  -8.2717e+01
          nan  -8.0636e+02  -3.8472e+02  -2.5236e+02  -1.8770e+02  -1.4939e+02  -1.2405e+02  -1.0603e+02  -9.2567e+01  -8.2136e+01
          nan  -8.0356e+02  -3.8352e+02  -2.5162e+02  -1.8719e+02  -1.4902e+02  -1.2378e+02  -1.0585e+02  -9.2456e+01  -8.2070e+01
          nan  -7.9985e+02  -3.8152e+02  -2.5015e+02  -1.8603e+02  -1.4806e+02  -1.2296e+02  -1.0513e+02  -9.1823e+01  -8.1502e+01
          nan  -7.9674e+02  -3.8026e+02  -2.4948e+02  -1.8560e+02  -1.4776e+02  -1.2273e+02  -1.0494e+02  -9.1650e+01  -8.1350e+01
          nan  -7.9336e+02  -3.7853e+02  -2.4831e+02  -1.8469e+02  -1.4701e+02  -1.2209e+02  -1.0439e+02  -9.1156e+01  -8.0896e+01
          nan  -7.9000e+02  -3.7705e+02  -2.4737e+02  -1.8403e+02  -1.4651e+02  -1.2167e+02  -1.0401e+02  -9.0818e+01  -8.0585e+01
          nan  -7.8667e+02  -3.7545e+02  -2.4633e+02  -1.8326e+02  -1.4589e+02  -1.2118e+02  -1.0362e+02  -9.0504e+01  -8.0323e+01
          nan  -7.8335e+02  -3.7384e+02  -2.4519e+02  -1.8236e+02  -1.4515e+02  -1.2055e+02  -1.0307e+02  -9.0026e+01  -7.9909e+01
          nan  -7.7881e+02  -3.7170e+02  -2.4387e+02  -1.8143e+02  -1.4443e+02  -1.1997e+02  -1.0259e+02  -8.9607e+01  -7.9542e+01
          nan  -7.7616e+02  -3.7044e+02  -2.4304e+02  -1.8081e+02  -1.4392e+02  -1.1953e+02  -1.0220e+02  -8.9255e+01  -7.9212e+01
          nan  -7.7353e+02  -3.6918e+02  -2.4220e+02  -1.8015e+02  -1.4340e+02  -1.1910e+02  -1.0184e+02  -8.8954e+01  -7.8959e+01
          nan  -7.6968e+02  -3.6735e+02  -2.4101e+02  -1.7930e+02  -1.4272e+02  -1.1853e+02  -1.0135e+02  -8.8522e+01  -7.8575e+01
          nan  -7.6708e+02  -3.6611e+02  -2.4020e+02  -1.7870e+02  -1.4224e+02  -1.1813e+02  -1.0101e+02  -8.8223e+01  -7.8309e+01
          nan  -7.6328e+02  -3.6429e+02  -2.3901e+02  -1.7781e+02  -1.4153e+02  -1.1754e+02  -1.0051e+02  -8.7785e+01  -7.7921e+01
          nan  -7.6072e+02  -3.6307e+02  -2.3817e+02  -1.7716e+02  -1.4102e+02  -1.1713e+02  -1.0014e+02  -8.7460e+01  -7.7628e+01
          nan  -7.5696e+02  -3.6127e+02  -2.3703e+02  -1.7634e+02  -1.4038e+02  -1.1660e+02  -9.9710e+01  -8.7093e+01  -7.7310e+01
          nan  -7.5443e+02  -3.6005e+02  -2.3617e+02  -1.7568e+02  -1.3984e+02  -1.1614e+02  -9.9287e+01  -8.6706e+01  -7.6955e+01
          nan  -7.5131e+02  -3.5858e+02  -2.3526e+02  -1.7502e+02  -1.3932e+02  -1.1571e+02  -9.8936e+01  -8.6411e+01  -7.6697e+01
          nan  -7.4822e+02  -3.5710e+02  -2.3429e+02  -1.7430e+02  -1.3876e+02  -1.1526e+02  -9.8560e+01  -8.6088e+01  -7.6418e+01
          nan  -7.4498e+02  -3.5539e+02  -2.3310e+02  -1.7336e+02  -1.3799e+02  -1.1460e+02  -9.7987e+01  -8.5580e+01  -7.5960e+01
          nan  -7.4090e+02  -3.5361e+02  -2.3194e+02  -1.7253e+02  -1.3734e+02  -1.1407e+02  -9.7540e+01  -8.5194e+01  -7.5616e+01
          nan  -7.3835e+02  -3.5228e+02  -2.3110e+02  -1.7192e+02  -1.3684e+02  -1.1363e+02  -9.7126e+01  -8.4789e+01  -7.5224e+01
          nan  -7.3603e+02  -3.5129e+02  -2.3047e+02  -1.7143e+02  -1.3646e+02  -1.1333e+02  -9.6911e+01  -8.4622e+01  -7.5087e+01
            0            0            0            0            0            0            0            0            0            0
            0            0            0            0            0            0            0            0            0            0
            0            0            0            0            0            0            0            0            0            0
            0            0            0            0            0            0            0            0            0            0
            0            0            0            0            0            0            0            0            0            0
            0            0            0            0            0            0            0            0            0            0
            0            0            0            0            0            0            0            0            0            0
            0            0            0            0            0            0            0            0            0            0
            0            0            0            0            0            0            0            0            0            0
            0            0            0            0            0            0            0            0            0            0
            0            0            0            0            0            0            0            0            0            0
            0            0            0            0            0            0            0            0            0            0
            0            0            0            0            0            0            0            0            0            0
            0            0            0            0            0            0            0            0            0            0
            0            0            0            0            0            0            0            0            0            0
            0            0            0            0            0            0            0            0            0            0
            0            0            0            0            0            0            0            0            0            0
            0            0            0            0            0            0            0            0            0            0
            0            0            0            0            0            0            0            0            0            0
            0            0            0            0            0            0            0            0            0            0
            0            0            0            0            0            0            0            0            0            0
            0            0            0            0            0            0            0            0            0            0
            0            0            0            0            0            0            0            0            0            0
            0            0            0            0            0            0            0            0            0            0
            0            0            0            0            0            0            0            0            0            0
            0            0            0            0            0            0            0            0            0            0
            0            0            0            0            0            0            0            0            0            0
            0            0            0            0            0            0            0            0            0            0
            0            0            0            0            0            0            0            0            0            0
            0            0            0            0            0            0            0            0            0            0

            0            0            0            0            0            0            0            0            0            0
            0            0            0            0            0            0            0            0            0            0
            0            0            0            0            0            0            0            0            0            0
            0            0            0            0            0            0            0            0            0            0
            0            0            0            0            0            0            0            0            0            0
            0            0            0            0            0            0            0            0            0            0
            0            0            0            0            0            0            0            0            0            0
            0            0            0            0            0            0            0            0            0            0
            0            0            0            0            0            0            0            0            0            0
            0            0            0            0            0            0            0            0            0            0
            0            0            0            0            0            0            0            0            0            0
            0            0            0            0            0            0            0            0            0            0
            0            0            0            0            0            0            0            0            0            0
            0            0            0            0            0            0            0            0            0            0
            0            0            0            0            0            0            0            0            0            0
            0            0            0            0            0            0            0            0            0            0
            0            0            0            0            0            0            0            0            0            0
            0            0            0            0            0            0            0            0            0            0
            0            0            0            0            0            0            0            0            0            0
            0            0            0            0            0            0            0            0            0            0
            0            0            0            0            0            0            0            0            0            0
            0            0            0            0            0            0            0            0            0            0
            0            0            0            0            0            0            0            0            0            0
            0            0            0            0            0            0            0            0            0            0
            0            0            0            0            0            0            0            0            0            0
            0            0            0            0            0            0            0            0            0            0
            0            0            0            0            0            0            0            0            0            0
            0            0            0            0            0            0            0            0            0            0
            0            0            0            0            0            0            0            0            0            0
            0            0            0            0            0            0            0            0            0            0
            0            0            0            0            0            0            0            0            0            0
            0            0            0            0            0            0            0            0            0            0
            0            0            0            0            0            0            0            0            0            0
            0            0            0            0            0            0            0            0            0            0
            0            0            0            0            0            0            0            0            0            0
            0            0            0            0            0            0            0            0            0            0
            0            0            0            0            0            0            0            0            0            0
            0            0            0            0            0            0            0            0            0            0
            0            0            0            0            0            0            0            0            0            0
            0            0            0            0            0            0            0            0            0            0
            0            0            0            0            0            0            0            0            0            0
            0            0            0            0            0            0            0            0            0            0
            0            0            0            0            0            0            0            0            0            0
            0            0            0            0            0            0            0            0            0            0
            0            0            0            0            0            0            0            0            0            0
            0            0            0            0            0            0            0            0            0            0
            0            0            0            0            0            0            0            0            0            0
            0            0            0            0            0            0            0            0            0            0
            0            0            0            0            0            0            0            0            0            0
            0            0            0            0            0            0            0            0            0            0
            0            0            0            0            0            0            0            0            0            0
            0            0            0            0            0            0            0            0            0            0
            0            0            0            0            0            0            0            0            0            0
            0            0            0            0            0            0            0            0            0            0
            0            0            0            0            0            0            0            0            0            0
            0            0            0            0            0            0            0            0            0            0
            0            0            0            0            0            0            0            0            0            0
            0            0            0            0            0            0            0            0            0            0
            0            0            0            0            0            0            0            0            0            0
            0            0            0            0            0            0            0            0            0            0
          nan  -4.7807e+02  -2.2817e+02  -1.4970e+02  -1.1137e+02  -8.8655e+01  -7.3628e+01  -6.2951e+01  -5.4976e+01  -4.8795e+01
          nan  -4.7689e+02  -2.2760e+02  -1.4932e+02  -1.1109e+02  -8.8435e+01  -7.3454e+01  -6.2809e+01  -5.4859e+01  -4.8695e+01
          nan  -4.7600e+02  -2.2715e+02  -1.4902e+02  -1.1086e+02  -8.8250e+01  -7.3300e+01  -6.2681e+01  -5.4749e+01  -4.8598e+01
          nan  -4.7516e+02  -2.2674e+02  -1.4875e+02  -1.1065e+02  -8.8079e+01  -7.3155e+01  -6.2551e+01  -5.4632e+01  -4.8490e+01
          nan  -4.7414e+02  -2.2629e+02  -1.4847e+02  -1.1045e+02  -8.7931e+01  -7.3036e+01  -6.2452e+01  -5.4547e+01  -4.8418e+01
          nan  -4.7312e+02  -2.2581e+02  -1.4815e+02  -1.1022e+02  -8.7742e+01  -7.2879e+01  -6.2322e+01  -5.4435e+01  -4.8319e+01
          nan  -4.7209e+02  -2.2527e+02  -1.4779e+02  -1.0995e+02  -8.7525e+01  -7.2699e+01  -6.2167e+01  -5.4300e+01  -4.8200e+01
          nan  -4.7090e+02  -2.2471e+02  -1.4741e+02  -1.0966e+02  -8.7287e+01  -7.2491e+01  -6.1974e+01  -5.4120e+01  -4.8032e+01
          nan  -4.7009e+02  -2.2436e+02  -1.4720e+02  -1.0951e+02  -8.7179e+01  -7.2412e+01  -6.1922e+01  -5.4087e+01  -4.8011e+01
          nan  -4.6900e+02  -2.2377e+02  -1.4677e+02  -1.0917e+02  -8.6897e+01  -7.2172e+01  -6.1713e+01  -5.3901e+01  -4.7845e+01
          nan  -4.6809e+02  -2.2340e+02  -1.4657e+02  -1.0904e+02  -8.6809e+01  -7.2103e+01  -6.1655e+01  -5.3850e+01  -4.7800e+01
          nan  -4.6709e+02  -2.2290e+02  -1.4623e+02  -1.0877e+02  -8.6587e+01  -7.1916e+01  -6.1493e+01  -5.3705e+01  -4.7667e+01
          nan  -4.6610e+02  -2.2246e+02  -1.4595e+02  -1.0858e+02  -8.6441e+01  -7.1792e+01  -6.1382e+01  -5.3606e+01  -4.7575e+01
          nan  -4.6512e+02  -2.2199e+02  -1.4564e+02  -1.0835e+02  -8.6258e+01  -7.1647e+01  -6.1268e+01  -5.3513e+01  -4.7497e+01
          nan  -4.6414e+02  -2.2151e+02  -1.4531e+02  -1.0808e+02  -8.6038e+01  -7.1460e+01  -6.1105e+01  -5.3371e+01  -4.7375e+01
          nan  -4.6279e+02  -2.2088e+02  -1.4491e+02  -1.0781e+02  -8.5826e+01  -7.1288e+01  -6.0961e+01  -5.3247e+01  -4.7266e+01
          nan  -4.6200e+02  -2.2050e+02  -1.4467e+02  -1.0762e+02  -8.5673e+01  -7.1157e+01  -6.0846e+01  -5.3142e+01  -4.7168e+01
          nan  -4.6122e+02  -2.2013e+02  -1.4442e+02  -1.0743e+02  -8.5520e+01  -7.1031e+01  -6.0739e+01  -5.3052e+01  -4.7092e+01
          nan  -4.6007e+02  -2.1958e+02  -1.4406e+02  -1.0717e+02  -8.5315e+01  -7.0860e+01  -6.0593e+01  -5.2924e+01  -4.6978e+01
          nan  -4.5929e+02  -2.1921e+02  -1.4382e+02  -1.0699e+02  -8.5171e+01  -7.0740e+01  -6.0490e+01  -5.2834e+01  -4.6898e+01
          nan  -4.5815e+02  -2.1866e+02  -1.4346e+02  -1.0673e+02  -8.4959e+01  -7.0564e+01  -6.0340e+01  -5.2703e+01  -4.6782e+01
          nan  -4.5738e+02  -2.1830e+02  -1.4321e+02  -1.0653e+02  -8.4806e+01  -7.0438e+01  -6.0230e+01  -5.2605e+01  -4.6694e+01
          nan  -4.5625e+02  -2.1776e+02  -1.4287e+02  -1.0629e+02  -8.4613e+01  -7.0281e+01  -6.0100e+01  -5.2495e+01  -4.6598e+01
          nan  -4.5549e+02  -2.1739e+02  -1.4261e+02  -1.0609e+02  -8.4451e+01  -7.0140e+01  -5.9972e+01  -5.2378e+01  -4.6491e+01
          nan  -4.5455e+02  -2.1694e+02  -1.4233e+02  -1.0589e+02  -8.4292e+01  -7.0010e+01  -5.9866e+01  -5.2289e+01  -4.6413e+01
          nan  -4.5361e+02  -2.1649e+02  -1.4204e+02  -1.0567e+02  -8.4124e+01  -6.9874e+01  -5.9752e+01  -5.2191e+01  -4.6328e+01
          nan  -4.5263e+02  -2.1598e+02  -1.4168e+02  -1.0539e+02  -8.3891e+01  -6.9675e+01  -5.9578e+01  -5.2037e+01  -4.6189e+01
          nan  -4.5138e+02  -2.1543e+02  -1.4132e+02  -1.0513e+02  -8.3691e+01  -6.9513e+01  -5.9442e+01  -5.1919e+01  -4.6084e+01
          nan  -4.5061e+02  -2.1503e+02  -1.4107e+02  -1.0495e+02  -8.3539e+01  -6.9379e+01  -5.9316e+01  -5.1796e+01  -4.5966e+01
          nan  -4.4990e+02  -2.1472e+02  -1.4088e+02  -1.0480e+02  -8.3423e+01  -6.9289e+01  -5.9250e+01  -5.1745e+01  -4.5924e+01
            0            0            0            0            0            0            0            0            0            0
            0            0            0            0            0            0            0            0            0            0
            0            0            0            0            0            0            0            0            0            0
            0            0            0            0            0            0            0            0            0            0
            0            0            0            0            0            0            0            0            0            0
            0            0            0            0            0            0            0            0            0            0
            0            0            0            0            0            0            0            0            0            0
            0            0            0            0            0            0            0            0            0            0
            0            0            0            0            0            0            0            0            0            0
            0            0            0            0            0            0            0            0            0            0
            0            0            0            0            0            0            0            0            0            0
            0            0            0            0            0            0            0            0            0            0
            0            0            0            0            0            0            0            0            0            0
            0            0            0            0            0            0            0            0            0            0
            0            0            0            0            0            0            0            0            0            0
            0            0            0            0            0            0            0            0            0            0
            0            0            0            0            0            0            0            0            0            0
            0            0            0            0            0            0            0            0            0            0
            0            0            0            0            0            0            0            0            0            0
            0            0            0            0            0            0            0            0            0            0
            0            0            0            0            0            0            0            0            0            0
            0            0            0            0            0            0            0            0            0            0
            0            0            0            0            0            0            0            0            0            0
            0            0            0            0            0            0            0            0            0            0
            0            0            0            0            0            0            0            0            0            0
            0            0            0            0            0            0            0            0            0            0
            0            0            0            0            0            0            0            0            0            0
            0            0            0            0            0            0            0            0            0            0
            0            0            0            0            0            0            0            0            0            0
            0            0            0            0            0            0            0            0            0            0

            0            0            0            0            0            0            0            0            0            0
            0            0            0            0            0            0            0            0            0            0
            0            0            0            0            0            0            0            0            0            0
            0            0            0            0            0            0            0            0            0            0
            0            0            0            0            0            0            0            0            0            0
            0            0            0            0            0            0            0            0            0            0
            0            0            0            0            0            0            0            0            0            0
            0            0            0            0            0            0            0            0            0            0
            0            0            0            0            0            0            0            0            0            0
            0            0            0            0            0            0            0            0            0            0
            0            0            0            0            0            0            0            0            0            0
            0            0            0            0            0            0            0            0            0            0
            0            0            0            0            0            0            0            0            0            0
            0            0            0            0            0            0            0            0            0            0
            0            0            0            0            0            0            0            0            0            0
            0            0            0            0            0            0            0            0            0            0
            0            0            0            0            0            0            0            0            0            0
            0            0            0            0            0            0            0            0            0            0
            0            0            0            0            0            0            0            0            0            0
            0            0            0            0            0            0            0            0            0            0
            0            0            0            0            0            0            0            0            0            0
            0            0            0            0            0            0            0            0            0            0
            0            0            0            0            0            0            0            0            0            0
            0            0            0            0            0            0            0            0            0            0
            0            0            0            0            0            0            0            0            0            0
            0            0            0            0            0            0            0            0            0            0
            0            0            0            0            0            0            0            0            0            0
            0            0            0            0            0            0            0            0            0            0
            0            0            0            0            0            0            0            0            0            0
            0            0            0            0            0            0            0            0            0            0
            0            0            0            0            0            0            0            0            0            0
            0            0            0            0            0            0            0            0            0            0
            0            0            0            0            0            0            0            0            0            0
            0            0            0            0            0            0            0            0            0            0
            0            0            0            0            0            0            0            0            0            0
            0            0            0            0            0            0            0            0            0            0
            0            0            0            0            0            0            0            0            0            0
            0            0            0            0            0            0            0            0            0            0
            0            0            0            0            0            0            0            0            0            0
            0            0            0            0            0            0            0            0            0            0
            0            0            0            0            0            0            0            0            0            0
            0            0            0            0            0            0            0            0            0            0
            0            0            0            0            0            0            0            0            0            0
            0            0            0            0            0            0            0            0            0            0
            0            0            0            0            0            0            0            0            0            0
            0            0            0            0            0            0            0            0            0            0
            0            0            0            0            0            0            0            0            0            0
            0            0            0            0            0            0            0            0            0            0
            0            0            0            0            0            0            0            0            0            0
            0            0            0            0            0            0            0            0            0            0
            0            0            0            0            0            0            0            0            0            0
            0            0            0            0            0            0            0            0            0            0
            0            0            0            0            0            0            0            0            0            0
            0            0            0            0            0            0            0            0            0            0
            0            0            0            0            0            0            0            0            0            0
            0            0            0            0            0            0            0            0            0            0
            0            0            0            0            0            0            0            0            0            0
            0            0            0            0            0            0            0            0            0            0
            0            0            0            0            0            0            0            0            0            0
            0            0            0            0            0            0            0            0            0            0
          nan  -4.7807e+02  -2.2817e+02  -1.4970e+02  -1.1137e+02  -8.8655e+01  -7.3628e+01  -6.2951e+01  -5.4976e+01  -4.8795e+01
          nan  -4.7689e+02  -2.2760e+02  -1.4932e+02  -1.1109e+02  -8.8435e+01  -7.3454e+01  -6.2809e+01  -5.4859e+01  -4.8695e+01
          nan  -4.7600e+02  -2.2715e+02  -1.4902e+02  -1.1086e+02  -8.8250e+01  -7.3300e+01  -6.2681e+01  -5.4749e+01  -4.8598e+01
          nan  -4.7516e+02  -2.2674e+02  -1.4875e+02  -1.1065e+02  -8.8079e+01  -7.3155e+01  -6.2551e+01  -5.4632e+01  -4.8490e+01
          nan  -4.7414e+02  -2.2629e+02  -1.4847e+02  -1.1045e+02  -8.7931e+01  -7.3036e+01  -6.2452e+01  -5.4547e+01  -4.8418e+01
          nan  -4.7312e+02  -2.2581e+02  -1.4815e+02  -1.1022e+02  -8.7742e+01  -7.2879e+01  -6.2322e+01  -5.4435e+01  -4.8319e+01
          nan  -4.7209e+02  -2.2527e+02  -1.4779e+02  -1.0995e+02  -8.7525e+01  -7.2699e+01  -6.2167e+01  -5.4300e+01  -4.8200e+01
          nan  -4.7090e+02  -2.2471e+02  -1.4741e+02  -1.0966e+02  -8.7287e+01  -7.2491e+01  -6.1974e+01  -5.4120e+01  -4.8032e+01
          nan  -4.7009e+02  -2.2436e+02  -1.4720e+02  -1.0951e+02  -8.7179e+01  -7.2412e+01  -6.1922e+01  -5.4087e+01  -4.8011e+01
          nan  -4.6900e+02  -2.2377e+02  -1.4677e+02  -1.0917e+02  -8.6897e+01  -7.2172e+01  -6.1713e+01  -5.3901e+01  -4.7845e+01
          nan  -4.6809e+02  -2.2340e+02  -1.4657e+02  -1.0904e+02  -8.6809e+01  -7.2103e+01  -6.1655e+01  -5.3850e+01  -4.7800e+01
          nan  -4.6709e+02  -2.2290e+02  -1.4623e+02  -1.0877e+02  -8.6587e+01  -7.1916e+01  -6.1493e+01  -5.3705e+01  -4.7667e+01
          nan  -4.6610e+02  -2.2246e+02  -1.4595e+02  -1.0858e+02  -8.6441e+01  -7.1792e+01  -6.1382e+01  -5.3606e+01  -4.7575e+01
          nan  -4.6512e+02  -2.2199e+02  -1.4564e+02  -1.0835e+02  -8.6258e+01  -7.1647e+01  -6.1268e+01  -5.3513e+01  -4.7497e+01
          nan  -4.6414e+02  -2.2151e+02  -1.4531e+02  -1.0808e+02  -8.6038e+01  -7.1460e+01  -6.1105e+01  -5.3371e+01  -4.7375e+01
          nan  -4.6279e+02  -2.2088e+02  -1.4491e+02  -1.0781e+02  -8.5826e+01  -7.1288e+01  -6.0961e+01  -5.3247e+01  -4.7266e+01
          nan  -4.6200e+02  -2.2050e+02  -1.4467e+02  -1.0762e+02  -8.5673e+01  -7.1157e+01  -6.0846e+01  -5.3142e+01  -4.7168e+01
          nan  -4.6122e+02  -2.2013e+02  -1.4442e+02  -1.0743e+02  -8.5520e+01  -7.1031e+01  -6.0739e+01  -5.3052e+01  -4.7092e+01
          nan  -4.6007e+02  -2.1958e+02  -1.4406e+02  -1.0717e+02  -8.5315e+01  -7.0860e+01  -6.0593e+01  -5.2924e+01  -4.6978e+01
          nan  -4.5929e+02  -2.1921e+02  -1.4382e+02  -1.0699e+02  -8.5171e+01  -7.0740e+01  -6.0490e+01  -5.2834e+01  -4.6898e+01
          nan  -4.5815e+02  -2.1866e+02  -1.4346e+02  -1.0673e+02  -8.4959e+01  -7.0564e+01  -6.0340e+01  -5.2703e+01  -4.6782e+01
          nan  -4.5738e+02  -2.1830e+02  -1.4321e+02  -1.0653e+02  -8.4806e+01  -7.0438e+01  -6.0230e+01  -5.2605e+01  -4.6694e+01
          nan  -4.5625e+02  -2.1776e+02  -1.4287e+02  -1.0629e+02  -8.4613e+01  -7.0281e+01  -6.0100e+01  -5.2495e+01  -4.6598e+01
          nan  -4.5549e+02  -2.1739e+02  -1.4261e+02  -1.0609e+02  -8.4451e+01  -7.0140e+01  -5.9972e+01  -5.2378e+01  -4.6491e+01
          nan  -4.5455e+02  -2.1694e+02  -1.4233e+02  -1.0589e+02  -8.4292e+01  -7.0010e+01  -5.9866e+01  -5.2289e+01  -4.6413e+01
          nan  -4.5361e+02  -2.1649e+02  -1.4204e+02  -1.0567e+02  -8.4124e+01  -6.9874e+01  -5.9752e+01  -5.2191e+01  -4.6328e+01
          nan  -4.5263e+02  -2.1598e+02  -1.4168e+02  -1.0539e+02  -8.3891e+01  -6.9675e+01  -5.9578e+01  -5.2037e+01  -4.6189e+01
          nan  -4.5138e+02  -2.1543e+02  -1.4132e+02  -1.0513e+02  -8.3691e+01  -6.9513e+01  -5.9442e+01  -5.1919e+01  -4.6084e+01
          nan  -4.5061e+02  -2.1503e+02  -1.4107e+02  -1.0495e+02  -8.3539e+01  -6.9379e+01  -5.9316e+01  -5.1796e+01  -4.5966e+01
          nan  -4.4990e+02  -2.1472e+02  -1.4088e+02  -1.0480e+02  -8.3423e+01  -6.9289e+01  -5.9250e+01  -5.1745e+01  -4.5924e+01
            0            0            0            0            0            0            0            0            0            0
            0            0            0            0            0            0            0            0            0            0
            0            0            0            0            0            0            0            0            0            0
            0            0            0            0            0            0            0            0            0            0
            0            0            0            0            0            0            0            0            0            0
            0            0            0            0            0            0            0            0            0            0
            0            0            0            0            0            0            0            0            0            0
            0            0            0            0            0            0            0            0            0            0
            0            0            0            0            0            0            0            0            0            0
            0            0            0            0            0            0            0            0            0            0
            0            0            0            0            0            0            0            0            0            0
            0            0            0            0            0            0            0            0            0            0
            0            0            0            0            0            0            0            0            0            0
            0            0            0            0            0            0            0            0            0            0
            0            0            0            0            0            0            0            0            0            0
            0            0            0            0            0            0            0            0            0            0
            0            0            0            0            0            0            0            0            0            0
            0            0            0            0            0            0            0            0            0            0
            0            0            0            0            0            0            0            0            0            0
            0            0            0            0            0            0            0            0            0            0
            0            0            0            0            0            0            0            0            0            0
            0            0            0            0            0            0            0            0            0            0
            0            0            0            0            0            0            0            0            0            0
            0            0            0            0            0            0            0            0            0            0
            0            0            0            0            0            0            0            0            0            0
            0            0            0            0            0            0            0            0            0            0
            0            0            0            0            0            0            0            0            0            0
            0            0            0            0            0            0            0            0            0            0
            0            0            0            0            0            0            0            0            0            0
            0            0            0            0            0            0            0            0            0            0

        0        0        0        0        0        0        0        0        0        0
        0        0        0        0        0        0        0        0        0        0
        0        0        0        0        0        0        0        0        0        0
        0        0        0        0        0        0        0        0        0        0
        0        0        0        0        0        0        0        0        0        0
        0        0        0        0        0        0        0        0        0        0
        0        0        0        0        0        0        0        0        0        0
        0        0        0        0        0        0        0        0        0        0
        0        0        0        0        0        0        0        0        0        0
        0        0        0        0        0        0        0        0        0        0
        0        0        0        0        0        0        0        0        0        0
        0        0        0        0        0        0        0        0        0        0
        0        0        0        0        0        0        0        0        0        0
        0        0        0        0        0        0        0        0        0        0
        0        0        0        0        0        0        0        0        0        0
        0        0        0        0        0        0        0        0        0        0
        0        0        0        0        0        0        0        0        0        0
        0        0        0        0        0        0        0        0        0        0
        0        0        0        0        0        0        0        0        0        0
        0        0        0        0        0        0        0        0        0        0
        0        0        0        0        0        0        0        0        0        0
        0        0        0        0        0        0        0        0        0        0
        0        0        0        0        0        0        0        0        0        0
        0        0        0        0        0        0        0        0        0        0
        0        0        0        0        0        0        0        0        0        0
        0        0        0        0        0        0        0        0        0        0
        0        0        0        0        0        0        0        0        0        0
        0        0        0        0        0        0        0        0        0        0
        0        0        0        0        0        0        0        0        0        0
        0        0        0        0        0        0        0        0        0        0
        0        0        0        0        0        0        0        0        0        0
        0        0        0        0        0        0        0        0        0        0
        0        0        0        0        0        0        0        0        0        0
        0        0        0        0        0        0        0        0        0        0
        0        0        0        0        0        0        0        0        0        0
        0        0        0        0        0        0        0        0        0        0
        0        0        0        0        0        0        0        0        0        0
        0        0        0        0        0        0        0        0        0        0
        0        0        0        0        0        0        0        0        0        0
        0        0        0        0        0        0        0        0        0        0
        0        0        0        0        0        0        0        0        0        0
        0        0        0        0        0        0        0        0        0        0
        0        0        0        0        0        0        0        0        0        0
        0        0        0        0        0        0        0        0        0        0
        0        0        0        0        0        0        0        0        0        0
        0        0        0        0        0        0        0        0        0        0
        0        0        0        0        0        0        0        0        0        0
        0        0        0        0        0        0        0        0        0        0
        0        0        0        0        0        0        0        0        0        0
        0        0        0        0        0        0        0        0        0        0
        0        0        0        0        0        0        0        0        0        0
        0        0        0        0        0        0        0        0        0        0
        0        0        0        0        0        0        0        0        0        0
        0        0        0        0        0        0        0        0        0        0
        0        0        0        0        0        0        0        0        0        0
        0        0        0        0        0        0        0        0        0        0
        0        0        0        0        0        0        0        0        0        0
        0        0        0        0        0        0        0        0        0        0
        0        0        0        0        0        0        0        0        0        0
        0        0        0        0        0        0        0        0        0        0
      inf   0.1000   0.0500   0.0333   0.0250   0.0400   0.0667   0.0714   0.0625   0.0556
      inf   0.2000   0.1000   0.0667   0.0500   0.0400   0.0500   0.0429   0.0375   0.0333
      inf   0.1000   0.1000   0.0667   0.0500   0.0400   0.0333   0.0286   0.0250   0.0222
      nan        0   0.0500   0.0667   0.0500   0.0400   0.0500   0.0429   0.0500   0.0444
      nan        0        0        0        0        0        0   0.0143   0.0125   0.0111
      nan        0        0        0        0        0        0        0        0   0.0111
      nan   0.1000   0.0500   0.0333   0.0250   0.0200   0.0167   0.0143   0.0125   0.0111
      inf   0.1000   0.1000   0.1000   0.0750   0.0800   0.1000   0.1000   0.1000   0.0889
      nan        0        0        0        0        0        0        0        0        0
      nan   0.1000   0.1500   0.1333   0.1000   0.0800   0.0667   0.0571   0.0500   0.0444
      nan        0        0        0        0        0   0.0167   0.0143   0.0125   0.0111
      nan        0   0.0500   0.0333   0.0500   0.0400   0.0333   0.0429   0.0500   0.0556
      nan        0        0        0        0        0   0.0333   0.0571   0.0500   0.0778
      nan        0        0        0        0        0        0        0   0.0125   0.0333
      nan        0   0.0500   0.0667   0.0500   0.0400   0.0333   0.0286   0.0250   0.0222
      inf   0.2000   0.1000   0.0667   0.0500   0.0400   0.0333   0.0286   0.0250   0.0222
      inf   0.1000   0.0500   0.0333   0.0500   0.0400   0.0333   0.0286   0.0500   0.0444
      nan        0        0   0.0333   0.0250   0.0200   0.0167   0.0143   0.0125   0.0111
      inf   0.1000   0.0500   0.0333   0.0250   0.0400   0.0333   0.0286   0.0250   0.0222
      nan        0        0        0        0   0.0200   0.0167   0.0143   0.0125   0.0111
      inf   0.1000   0.0500   0.0333   0.0250   0.0400   0.0333   0.0286   0.0250   0.0222
      nan        0        0   0.0333   0.0250   0.0200   0.0167   0.0286   0.0250   0.0222
      inf   0.1000   0.0500   0.0333   0.0250   0.0200   0.0167   0.0143   0.0125   0.0111
      nan        0   0.0500   0.0333   0.0250   0.0200   0.0500   0.0429   0.0375   0.0333
      nan        0        0        0        0   0.0200   0.0167   0.0143   0.0125   0.0333
      nan        0        0        0        0        0        0        0        0        0
      nan   0.1000   0.1000   0.0667   0.0750   0.1000   0.0833   0.0714   0.0625   0.0667
      inf   0.2000   0.1000   0.1000   0.0750   0.0600   0.0500   0.0429   0.0500   0.0444
      inf   0.2000   0.1000   0.0667   0.0500   0.0600   0.0833   0.1000   0.1125   0.1111
      nan        0        0        0   0.0250   0.0200   0.0167   0.0143   0.0625   0.0556
        0        0        0        0        0        0        0        0        0        0
        0        0        0        0        0        0        0        0        0        0
        0        0        0        0        0        0        0        0        0        0
        0        0        0        0        0        0        0        0        0        0
        0        0        0        0        0        0        0        0        0        0
        0        0        0        0        0        0        0        0        0        0
        0        0        0        0        0        0        0        0        0        0
        0        0        0        0        0        0        0        0        0        0
        0        0        0        0        0        0        0        0        0        0
        0        0        0        0        0        0        0        0        0        0
        0        0        0        0        0        0        0        0        0        0
        0        0        0        0        0        0        0        0        0        0
        0        0        0        0        0        0        0        0        0        0
        0        0        0        0        0        0        0        0        0        0
        0        0        0        0        0        0        0        0        0        0
        0        0        0        0        0        0        0        0        0        0
        0        0        0        0        0        0        0        0        0        0
        0        0        0        0        0        0        0        0        0        0
        0        0        0        0        0        0        0        0        0        0
        0        0        0        0        0        0        0        0        0        0
        0        0        0        0        0        0        0        0        0        0
        0        0        0        0        0        0        0        0        0        0
        0        0        0        0        0        0        0        0        0        0
        0        0        0        0        0        0        0        0        0        0
        0        0        0        0        0        0        0        0        0        0
        0        0        0        0        0        0        0        0        0        0
        0        0        0        0        0        0        0        0        0        0
        0        0        0        0        0        0        0        0        0        0
        0        0        0        0        0        0        0        0        0        0
        0        0        0        0        0        0        0        0        0        0

