   2.0000
   2.0050
   2.0100
   2.0150
   2.0200
   2.0250
   2.0300
   2.0350
   2.0400
   2.0450
   2.0500
   2.0550
   2.0600
   2.0650
   2.0700
   2.0750
   2.0800
   2.0850
   2.0900
   2.0950
   2.1000
   2.1050
   2.1100
   2.1150
   2.1200
   2.1250
   2.1300
   2.1350
   2.1400
   2.1450
   2.1500
   2.1550
   2.1600
   2.1650
   2.1700
   2.1750
   2.1800
   2.1850
   2.1900
   2.1950
   2.2000
   2.2050
   2.2100
   2.2150
   2.2200
   2.2250
   2.2300
   2.2350
   2.2400
   2.2450
   2.2500
   2.2550
   2.2600
   2.2650
   2.2700
   2.2750
   2.2800
   2.2850
   2.2900
   2.2950
   2.3000
   2.3050
   2.3100
   2.3150
   2.3200
   2.3250
   2.3300
   2.3350
   2.3400
   2.3450
   2.3500
   2.3550
   2.3600
   2.3650
   2.3700
   2.3750
   2.3800
   2.3850
   2.3900
   2.3950
   2.4000
   2.4050
   2.4100
   2.4150
   2.4200
   2.4250
   2.4300
   2.4350
   2.4400
   2.4450
   2.4500
   2.4550
   2.4600
   2.4650
   2.4700
   2.4750
   2.4800
   2.4850
   2.4900
   2.4950
   2.5000
   2.5050
   2.5100
   2.5150
   2.5200
   2.5250
   2.5300
   2.5350
   2.5400
   2.5450
   2.5500
   2.5550
   2.5600
   2.5650
   2.5700
   2.5750
   2.5800
   2.5850
   2.5900
   2.5950

     -inf  -2.2000  -2.1000  -2.0667  -2.0500  -2.0399  -2.0329  -2.0278  -2.0240  -2.0209
     -inf  -2.1994  -2.0993  -2.0659  -2.0492  -2.0392  -2.0325  -2.0277  -2.0240  -2.0212
     -inf  -2.1991  -2.0988  -2.0654  -2.0486  -2.0386  -2.0319  -2.0271  -2.0235  -2.0207
     -inf  -2.2000  -2.0996  -2.0661  -2.0492  -2.0390  -2.0323  -2.0274  -2.0238  -2.0209
     -inf  -2.2000  -2.1000  -2.0667  -2.0500  -2.0400  -2.0333  -2.0285  -2.0248  -2.0220
     -inf  -2.2000  -2.1000  -2.0667  -2.0500  -2.0400  -2.0333  -2.0286  -2.0250  -2.0221
     -inf  -2.1999  -2.0996  -2.0661  -2.0494  -2.0393  -2.0327  -2.0279  -2.0243  -2.0215
     -inf  -2.2000  -2.1000  -2.0666  -2.0498  -2.0396  -2.0329  -2.0277  -2.0238  -2.0207
     -inf  -2.2000  -2.1000  -2.0667  -2.0500  -2.0400  -2.0333  -2.0286  -2.0250  -2.0222
     -inf  -2.1996  -2.0992  -2.0656  -2.0488  -2.0387  -2.0320  -2.0272  -2.0236  -2.0208
     -inf  -2.2000  -2.1000  -2.0667  -2.0500  -2.0400  -2.0333  -2.0286  -2.0250  -2.0222
     -inf  -2.2000  -2.1000  -2.0667  -2.0500  -2.0400  -2.0333  -2.0285  -2.0248  -2.0218
     -inf  -2.2000  -2.1000  -2.0667  -2.0500  -2.0400  -2.0332  -2.0283  -2.0246  -2.0216
     -inf  -2.2000  -2.1000  -2.0667  -2.0500  -2.0400  -2.0333  -2.0286  -2.0250  -2.0221
     -inf  -2.2000  -2.0999  -2.0662  -2.0493  -2.0391  -2.0323  -2.0275  -2.0238  -2.0210
     -inf  -2.1982  -2.0983  -2.0650  -2.0484  -2.0384  -2.0317  -2.0269  -2.0234  -2.0206
     -inf  -2.1991  -2.0992  -2.0658  -2.0492  -2.0390  -2.0322  -2.0274  -2.0237  -2.0208
     -inf  -2.2000  -2.1000  -2.0666  -2.0498  -2.0396  -2.0329  -2.0281  -2.0245  -2.0217
     -inf  -2.2000  -2.1000  -2.0667  -2.0500  -2.0399  -2.0331  -2.0282  -2.0246  -2.0218
     -inf  -2.2000  -2.1000  -2.0667  -2.0500  -2.0398  -2.0331  -2.0282  -2.0246  -2.0218
     -inf  -2.1991  -2.0992  -2.0658  -2.0492  -2.0390  -2.0323  -2.0274  -2.0238  -2.0210
     -inf  -2.2000  -2.1000  -2.0665  -2.0497  -2.0396  -2.0329  -2.0279  -2.0242  -2.0214
     -inf  -2.2000  -2.1000  -2.0667  -2.0500  -2.0400  -2.0333  -2.0286  -2.0250  -2.0222
     -inf  -2.2000  -2.1000  -2.0664  -2.0496  -2.0395  -2.0327  -2.0277  -2.0239  -2.0210
     -inf  -2.2000  -2.1000  -2.0667  -2.0500  -2.0399  -2.0331  -2.0283  -2.0246  -2.0218
     -inf  -2.2000  -2.1000  -2.0667  -2.0500  -2.0400  -2.0333  -2.0286  -2.0250  -2.0222
     -inf  -2.2000  -2.0998  -2.0663  -2.0494  -2.0393  -2.0326  -2.0278  -2.0243  -2.0215
     -inf  -2.1982  -2.0983  -2.0647  -2.0480  -2.0379  -2.0312  -2.0264  -2.0228  -2.0199
     -inf  -2.1998  -2.0995  -2.0661  -2.0494  -2.0392  -2.0323  -2.0272  -2.0233  -2.0202
     -inf  -2.2000  -2.1000  -2.0667  -2.0500  -2.0400  -2.0333  -2.0286  -2.0248  -2.0219
        0        0        0        0        0        0        0        0        0        0
        0        0        0        0        0        0        0        0        0        0
        0        0        0        0        0        0        0        0        0        0
        0        0        0        0        0        0        0        0        0        0
        0        0        0        0        0        0        0        0        0        0
        0        0        0        0        0        0        0        0        0        0
        0        0        0        0        0        0        0        0        0        0
        0        0        0        0        0        0        0        0        0        0
        0        0        0        0        0        0        0        0        0        0
        0        0        0        0        0        0        0        0        0        0
        0        0        0        0        0        0        0        0        0        0
        0        0        0        0        0        0        0        0        0        0
        0        0        0        0        0        0        0        0        0        0
        0        0        0        0        0        0        0        0        0        0
        0        0        0        0        0        0        0        0        0        0
        0        0        0        0        0        0        0        0        0        0
        0        0        0        0        0        0        0        0        0        0
        0        0        0        0        0        0        0        0        0        0
        0        0        0        0        0        0        0        0        0        0
        0        0        0        0        0        0        0        0        0        0
        0        0        0        0        0        0        0        0        0        0
        0        0        0        0        0        0        0        0        0        0
        0        0        0        0        0        0        0        0        0        0
        0        0        0        0        0        0        0        0        0        0
        0        0        0        0        0        0        0        0        0        0
        0        0        0        0        0        0        0        0        0        0
        0        0        0        0        0        0        0        0        0        0
        0        0        0        0        0        0        0        0        0        0
        0        0        0        0        0        0        0        0        0        0
        0        0        0        0        0        0        0        0        0        0
        0        0        0        0        0        0        0        0        0        0
        0        0        0        0        0        0        0        0        0        0
        0        0        0        0        0        0        0        0        0        0
        0        0        0        0        0        0        0        0        0        0
        0        0        0        0        0        0        0        0        0        0
        0        0        0        0        0        0        0        0        0        0
        0        0        0        0        0        0        0        0        0        0
        0        0        0        0        0        0        0        0        0        0
        0        0        0        0        0        0        0        0        0        0
        0        0        0        0        0        0        0        0        0        0
        0        0        0        0        0        0        0        0        0        0
        0        0        0        0        0        0        0        0        0        0
        0        0        0        0        0        0        0        0        0        0
        0        0        0        0        0        0        0        0        0        0
        0        0        0        0        0        0        0        0        0        0
        0        0        0        0        0        0        0        0        0        0
        0        0        0        0        0        0        0        0        0        0
        0        0        0        0        0        0        0        0        0        0
        0        0        0        0        0        0        0        0        0        0
        0        0        0        0        0        0        0        0        0        0
        0        0        0        0        0        0        0        0        0        0
        0        0        0        0        0        0        0        0        0        0
        0        0        0        0        0        0        0        0        0        0
        0        0        0        0        0        0        0        0        0        0
        0        0        0        0        0        0        0        0        0        0
        0        0        0        0        0        0        0        0        0        0
        0        0        0        0        0        0        0        0        0        0
        0        0        0        0        0        0        0        0        0        0
        0        0        0        0        0        0        0        0        0        0
        0        0        0        0        0        0        0        0        0        0
        0        0        0        0        0        0        0        0        0        0
        0        0        0        0        0        0        0        0        0        0
        0        0        0        0        0        0        0        0        0        0
        0        0        0        0        0        0        0        0        0        0
        0        0        0        0        0        0        0        0        0        0
        0        0        0        0        0        0        0        0        0        0
        0        0        0        0        0        0        0        0        0        0
        0        0        0        0        0        0        0        0        0        0
        0        0        0        0        0        0        0        0        0        0
        0        0        0        0        0        0        0        0        0        0
        0        0        0        0        0        0        0        0        0        0
        0        0        0        0        0        0        0        0        0        0
        0        0        0        0        0        0        0        0        0        0
        0        0        0        0        0        0        0        0        0        0
        0        0        0        0        0        0        0        0        0        0
        0        0        0        0        0        0        0        0        0        0
        0        0        0        0        0        0        0        0        0        0
        0        0        0        0        0        0        0        0        0        0
        0        0        0        0        0        0        0        0        0        0
        0        0        0        0        0        0        0        0        0        0
        0        0        0        0        0        0        0        0        0        0
        0        0        0        0        0        0        0        0        0        0
        0        0        0        0        0        0        0        0        0        0
        0        0        0        0        0        0        0        0        0        0
        0        0        0        0        0        0        0        0        0        0
        0        0        0        0        0        0        0        0        0        0
        0        0        0        0        0        0        0        0        0        0
        0        0        0        0        0        0        0        0        0        0
        0        0        0        0        0        0        0        0        0        0
        0        0        0        0        0        0        0        0        0        0

      inf   1.1000   1.0500   1.0333   1.0250   1.0200   1.0166   1.0141   1.0122   1.0108
      inf   1.0998   1.0498   1.0331   1.0248   1.0198   1.0165   1.0141   1.0123   1.0108
      inf   1.0998   1.0497   1.0330   1.0247   1.0196   1.0163   1.0139   1.0121   1.0107
      inf   1.1000   1.0499   1.0332   1.0248   1.0198   1.0164   1.0140   1.0122   1.0108
      inf   1.1000   1.0500   1.0333   1.0250   1.0200   1.0167   1.0143   1.0125   1.0110
      inf   1.1000   1.0500   1.0333   1.0250   1.0200   1.0167   1.0143   1.0125   1.0111
      inf   1.1000   1.0499   1.0332   1.0248   1.0198   1.0165   1.0141   1.0123   1.0109
      inf   1.1000   1.0500   1.0333   1.0249   1.0199   1.0166   1.0141   1.0122   1.0107
      inf   1.1000   1.0500   1.0333   1.0250   1.0200   1.0167   1.0143   1.0125   1.0111
      inf   1.0999   1.0498   1.0331   1.0247   1.0197   1.0163   1.0139   1.0121   1.0108
      inf   1.1000   1.0500   1.0333   1.0250   1.0200   1.0167   1.0143   1.0125   1.0111
      inf   1.1000   1.0500   1.0333   1.0250   1.0200   1.0167   1.0143   1.0124   1.0110
      inf   1.1000   1.0500   1.0333   1.0250   1.0200   1.0166   1.0142   1.0124   1.0109
      inf   1.1000   1.0500   1.0333   1.0250   1.0200   1.0167   1.0143   1.0125   1.0111
      inf   1.1000   1.0500   1.0332   1.0248   1.0198   1.0164   1.0140   1.0122   1.0108
      inf   1.0996   1.0496   1.0329   1.0246   1.0196   1.0163   1.0139   1.0121   1.0107
      inf   1.0998   1.0498   1.0331   1.0248   1.0198   1.0164   1.0140   1.0122   1.0108
      inf   1.1000   1.0500   1.0333   1.0249   1.0199   1.0166   1.0142   1.0124   1.0110
      inf   1.1000   1.0500   1.0333   1.0250   1.0200   1.0166   1.0142   1.0124   1.0110
      inf   1.1000   1.0500   1.0333   1.0250   1.0200   1.0166   1.0142   1.0124   1.0110
      inf   1.0998   1.0498   1.0331   1.0248   1.0198   1.0164   1.0140   1.0122   1.0108
      inf   1.1000   1.0500   1.0333   1.0249   1.0199   1.0165   1.0141   1.0123   1.0109
      inf   1.1000   1.0500   1.0333   1.0250   1.0200   1.0167   1.0143   1.0125   1.0111
      inf   1.1000   1.0500   1.0333   1.0249   1.0199   1.0165   1.0141   1.0122   1.0108
      inf   1.1000   1.0500   1.0333   1.0250   1.0200   1.0166   1.0142   1.0124   1.0110
      inf   1.1000   1.0500   1.0333   1.0250   1.0200   1.0167   1.0143   1.0125   1.0111
      inf   1.1000   1.0499   1.0332   1.0248   1.0198   1.0165   1.0141   1.0123   1.0109
      inf   1.0996   1.0496   1.0329   1.0245   1.0195   1.0161   1.0137   1.0119   1.0105
      inf   1.1000   1.0499   1.0332   1.0248   1.0198   1.0164   1.0139   1.0121   1.0106
      inf   1.1000   1.0500   1.0333   1.0250   1.0200   1.0167   1.0143   1.0125   1.0110
        0        0        0        0        0        0        0        0        0        0
        0        0        0        0        0        0        0        0        0        0
        0        0        0        0        0        0        0        0        0        0
        0        0        0        0        0        0        0        0        0        0
        0        0        0        0        0        0        0        0        0        0
        0        0        0        0        0        0        0        0        0        0
        0        0        0        0        0        0        0        0        0        0
        0        0        0        0        0        0        0        0        0        0
        0        0        0        0        0        0        0        0        0        0
        0        0        0        0        0        0        0        0        0        0
        0        0        0        0        0        0        0        0        0        0
        0        0        0        0        0        0        0        0        0        0
        0        0        0        0        0        0        0        0        0        0
        0        0        0        0        0        0        0        0        0        0
        0        0        0        0        0        0        0        0        0        0
        0        0        0        0        0        0        0        0        0        0
        0        0        0        0        0        0        0        0        0        0
        0        0        0        0        0        0        0        0        0        0
        0        0        0        0        0        0        0        0        0        0
        0        0        0        0        0        0        0        0        0        0
        0        0        0        0        0        0        0        0        0        0
        0        0        0        0        0        0        0        0        0        0
        0        0        0        0        0        0        0        0        0        0
        0        0        0        0        0        0        0        0        0        0
        0        0        0        0        0        0        0        0        0        0
        0        0        0        0        0        0        0        0        0        0
        0        0        0        0        0        0        0        0        0        0
        0        0        0        0        0        0        0        0        0        0
        0        0        0        0        0        0        0        0        0        0
        0        0        0        0        0        0        0        0        0        0
        0        0        0        0        0        0        0        0        0        0
        0        0        0        0        0        0        0        0        0        0
        0        0        0        0        0        0        0        0        0        0
        0        0        0        0        0        0        0        0        0        0
        0        0        0        0        0        0        0        0        0        0
        0        0        0        0        0        0        0        0        0        0
        0        0        0        0        0        0        0        0        0        0
        0        0        0        0        0        0        0        0        0        0
        0        0        0        0        0        0        0        0        0        0
        0        0        0        0        0        0        0        0        0        0
        0        0        0        0        0        0        0        0        0        0
        0        0        0        0        0        0        0        0        0        0
        0        0        0        0        0        0        0        0        0        0
        0        0        0        0        0        0        0        0        0        0
        0        0        0        0        0        0        0        0        0        0
        0        0        0        0        0        0        0        0        0        0
        0        0        0        0        0        0        0        0        0        0
        0        0        0        0        0        0        0        0        0        0
        0        0        0        0        0        0        0        0        0        0
        0        0        0        0        0        0        0        0        0        0
        0        0        0        0        0        0        0        0        0        0
        0        0        0        0        0        0        0        0        0        0
        0        0        0        0        0        0        0        0        0        0
        0        0        0        0        0        0        0        0        0        0
        0        0        0        0        0        0        0        0        0        0
        0        0        0        0        0        0        0        0        0        0
        0        0        0        0        0        0        0        0        0        0
        0        0        0        0        0        0        0        0        0        0
        0        0        0        0        0        0        0        0        0        0
        0        0        0        0        0        0        0        0        0        0
        0        0        0        0        0        0        0        0        0        0
        0        0        0        0        0        0        0        0        0        0
        0        0        0        0        0        0        0        0        0        0
        0        0        0        0        0        0        0        0        0        0
        0        0        0        0        0        0        0        0        0        0
        0        0        0        0        0        0        0        0        0        0
        0        0        0        0        0        0        0        0        0        0
        0        0        0        0        0        0        0        0        0        0
        0        0        0        0        0        0        0        0        0        0
        0        0        0        0        0        0        0        0        0        0
        0        0        0        0        0        0        0        0        0        0
        0        0        0        0        0        0        0        0        0        0
        0        0        0        0        0        0        0        0        0        0
        0        0        0        0        0        0        0        0        0        0
        0        0        0        0        0        0        0        0        0        0
        0        0        0        0        0        0        0        0        0        0
        0        0        0        0        0        0        0        0        0        0
        0        0        0        0        0        0        0        0        0        0
        0        0        0        0        0        0        0        0        0        0
        0        0        0        0        0        0        0        0        0        0
        0        0        0        0        0        0        0        0        0        0
        0        0        0        0        0        0        0        0        0        0
        0        0        0        0        0        0        0        0        0        0
        0        0        0        0        0        0        0        0        0        0
        0        0        0        0        0        0        0        0        0        0
        0        0        0        0        0        0        0        0        0        0
        0        0        0        0        0        0        0        0        0        0
        0        0        0        0        0        0        0        0        0        0
        0        0        0        0        0        0        0        0        0        0
        0        0        0        0        0        0        0        0        0        0

      inf   1.1000   1.0500   1.0333   1.0250   1.0200   1.0166   1.0141   1.0122   1.0108
      inf   1.0998   1.0498   1.0331   1.0248   1.0198   1.0165   1.0141   1.0123   1.0108
      inf   1.0998   1.0497   1.0330   1.0247   1.0196   1.0163   1.0139   1.0121   1.0107
      inf   1.1000   1.0499   1.0332   1.0248   1.0198   1.0164   1.0140   1.0122   1.0108
      inf   1.1000   1.0500   1.0333   1.0250   1.0200   1.0167   1.0143   1.0125   1.0110
      inf   1.1000   1.0500   1.0333   1.0250   1.0200   1.0167   1.0143   1.0125   1.0111
      inf   1.1000   1.0499   1.0332   1.0248   1.0198   1.0165   1.0141   1.0123   1.0109
      inf   1.1000   1.0500   1.0333   1.0249   1.0199   1.0166   1.0141   1.0122   1.0107
      inf   1.1000   1.0500   1.0333   1.0250   1.0200   1.0167   1.0143   1.0125   1.0111
      inf   1.0999   1.0498   1.0331   1.0247   1.0197   1.0163   1.0139   1.0121   1.0108
      inf   1.1000   1.0500   1.0333   1.0250   1.0200   1.0167   1.0143   1.0125   1.0111
      inf   1.1000   1.0500   1.0333   1.0250   1.0200   1.0167   1.0143   1.0124   1.0110
      inf   1.1000   1.0500   1.0333   1.0250   1.0200   1.0166   1.0142   1.0124   1.0109
      inf   1.1000   1.0500   1.0333   1.0250   1.0200   1.0167   1.0143   1.0125   1.0111
      inf   1.1000   1.0500   1.0332   1.0248   1.0198   1.0164   1.0140   1.0122   1.0108
      inf   1.0996   1.0496   1.0329   1.0246   1.0196   1.0163   1.0139   1.0121   1.0107
      inf   1.0998   1.0498   1.0331   1.0248   1.0198   1.0164   1.0140   1.0122   1.0108
      inf   1.1000   1.0500   1.0333   1.0249   1.0199   1.0166   1.0142   1.0124   1.0110
      inf   1.1000   1.0500   1.0333   1.0250   1.0200   1.0166   1.0142   1.0124   1.0110
      inf   1.1000   1.0500   1.0333   1.0250   1.0200   1.0166   1.0142   1.0124   1.0110
      inf   1.0998   1.0498   1.0331   1.0248   1.0198   1.0164   1.0140   1.0122   1.0108
      inf   1.1000   1.0500   1.0333   1.0249   1.0199   1.0165   1.0141   1.0123   1.0109
      inf   1.1000   1.0500   1.0333   1.0250   1.0200   1.0167   1.0143   1.0125   1.0111
      inf   1.1000   1.0500   1.0333   1.0249   1.0199   1.0165   1.0141   1.0122   1.0108
      inf   1.1000   1.0500   1.0333   1.0250   1.0200   1.0166   1.0142   1.0124   1.0110
      inf   1.1000   1.0500   1.0333   1.0250   1.0200   1.0167   1.0143   1.0125   1.0111
      inf   1.1000   1.0499   1.0332   1.0248   1.0198   1.0165   1.0141   1.0123   1.0109
      inf   1.0996   1.0496   1.0329   1.0245   1.0195   1.0161   1.0137   1.0119   1.0105
      inf   1.1000   1.0499   1.0332   1.0248   1.0198   1.0164   1.0139   1.0121   1.0106
      inf   1.1000   1.0500   1.0333   1.0250   1.0200   1.0167   1.0143   1.0125   1.0110
        0        0        0        0        0        0        0        0        0        0
        0        0        0        0        0        0        0        0        0        0
        0        0        0        0        0        0        0        0        0        0
        0        0        0        0        0        0        0        0        0        0
        0        0        0        0        0        0        0        0        0        0
        0        0        0        0        0        0        0        0        0        0
        0        0        0        0        0        0        0        0        0        0
        0        0        0        0        0        0        0        0        0        0
        0        0        0        0        0        0        0        0        0        0
        0        0        0        0        0        0        0        0        0        0
        0        0        0        0        0        0        0        0        0        0
        0        0        0        0        0        0        0        0        0        0
        0        0        0        0        0        0        0        0        0        0
        0        0        0        0        0        0        0        0        0        0
        0        0        0        0        0        0        0        0        0        0
        0        0        0        0        0        0        0        0        0        0
        0        0        0        0        0        0        0        0        0        0
        0        0        0        0        0        0        0        0        0        0
        0        0        0        0        0        0        0        0        0        0
        0        0        0        0        0        0        0        0        0        0
        0        0        0        0        0        0        0        0        0        0
        0        0        0        0        0        0        0        0        0        0
        0        0        0        0        0        0        0        0        0        0
        0        0        0        0        0        0        0        0        0        0
        0        0        0        0        0        0        0        0        0        0
        0        0        0        0        0        0        0        0        0        0
        0        0        0        0        0        0        0        0        0        0
        0        0        0        0        0        0        0        0        0        0
        0        0        0        0        0        0        0        0        0        0
        0        0        0        0        0        0        0        0        0        0
        0        0        0        0        0        0        0        0        0        0
        0        0        0        0        0        0        0        0        0        0
        0        0        0        0        0        0        0        0        0        0
        0        0        0        0        0        0        0        0        0        0
        0        0        0        0        0        0        0        0        0        0
        0        0        0        0        0        0        0        0        0        0
        0        0        0        0        0        0        0        0        0        0
        0        0        0        0        0        0        0        0        0        0
        0        0        0        0        0        0        0        0        0        0
        0        0        0        0        0        0        0        0        0        0
        0        0        0        0        0        0        0        0        0        0
        0        0        0        0        0        0        0        0        0        0
        0        0        0        0        0        0        0        0        0        0
        0        0        0        0        0        0        0        0        0        0
        0        0        0        0        0        0        0        0        0        0
        0        0        0        0        0        0        0        0        0        0
        0        0        0        0        0        0        0        0        0        0
        0        0        0        0        0        0        0        0        0        0
        0        0        0        0        0        0        0        0        0        0
        0        0        0        0        0        0        0        0        0        0
        0        0        0        0        0        0        0        0        0        0
        0        0        0        0        0        0        0        0        0        0
        0        0        0        0        0        0        0        0        0        0
        0        0        0        0        0        0        0        0        0        0
        0        0        0        0        0        0        0        0        0        0
        0        0        0        0        0        0        0        0        0        0
        0        0        0        0        0        0        0        0        0        0
        0        0        0        0        0        0        0        0        0        0
        0        0        0        0        0        0        0        0        0        0
        0        0        0        0        0        0        0        0        0        0
        0        0        0        0        0        0        0        0        0        0
        0        0        0        0        0        0        0        0        0        0
        0        0        0        0        0        0        0        0        0        0
        0        0        0        0        0        0        0        0        0        0
        0        0        0        0        0        0        0        0        0        0
        0        0        0        0        0        0        0        0        0        0
        0        0        0        0        0        0        0        0        0        0
        0        0        0        0        0        0        0        0        0        0
        0        0        0        0        0        0        0        0        0        0
        0        0        0        0        0        0        0        0        0        0
        0        0        0        0        0        0        0        0        0        0
        0        0        0        0        0        0        0        0        0        0
        0        0        0        0        0        0        0        0        0        0
        0        0        0        0        0        0        0        0        0        0
        0        0        0        0        0        0        0        0        0        0
        0        0        0        0        0        0        0        0        0        0
        0        0        0        0        0        0        0        0        0        0
        0        0        0        0        0        0        0        0        0        0
        0        0        0        0        0        0        0        0        0        0
        0        0        0        0        0        0        0        0        0        0
        0        0        0        0        0        0        0        0        0        0
        0        0        0        0        0        0        0        0        0        0
        0        0        0        0        0        0        0        0        0        0
        0        0        0        0        0        0        0        0        0        0
        0        0        0        0        0        0        0        0        0        0
        0        0        0        0        0        0        0        0        0        0
        0        0        0        0        0        0        0        0        0        0
        0        0        0        0        0        0        0        0        0        0
        0        0        0        0        0        0        0        0        0        0
        0        0        0        0        0        0        0        0        0        0

          nan  -1.1000e+03  -5.2500e+02  -3.4444e+02  -2.5625e+02  -2.0397e+02  -1.6938e+02  -1.4479e+02  -1.2643e+02  -1.1220e+02
          nan  -1.0939e+03  -5.2203e+02  -3.4248e+02  -2.5478e+02  -2.0283e+02  -1.6847e+02  -1.4405e+02  -1.2581e+02  -1.1167e+02
          nan  -1.0882e+03  -5.1921e+02  -3.4059e+02  -2.5336e+02  -2.0169e+02  -1.6752e+02  -1.4325e+02  -1.2512e+02  -1.1107e+02
          nan  -1.0837e+03  -5.1702e+02  -3.3915e+02  -2.5225e+02  -2.0078e+02  -1.6675e+02  -1.4259e+02  -1.2453e+02  -1.1053e+02
          nan  -1.0783e+03  -5.1466e+02  -3.3766e+02  -2.5120e+02  -1.9998e+02  -1.6611e+02  -1.4203e+02  -1.2404e+02  -1.1010e+02
          nan  -1.0730e+03  -5.1212e+02  -3.3599e+02  -2.4996e+02  -1.9899e+02  -1.6529e+02  -1.4134e+02  -1.2346e+02  -1.0958e+02
          nan  -1.0677e+03  -5.0938e+02  -3.3416e+02  -2.4858e+02  -1.9789e+02  -1.6436e+02  -1.4055e+02  -1.2276e+02  -1.0897e+02
          nan  -1.0625e+03  -5.0710e+02  -3.3268e+02  -2.4745e+02  -1.9697e+02  -1.6359e+02  -1.3984e+02  -1.2210e+02  -1.0835e+02
          nan  -1.0573e+03  -5.0461e+02  -3.3107e+02  -2.4630e+02  -1.9608e+02  -1.6286e+02  -1.3927e+02  -1.2165e+02  -1.0798e+02
          nan  -1.0517e+03  -5.0175e+02  -3.2910e+02  -2.4480e+02  -1.9487e+02  -1.6185e+02  -1.3840e+02  -1.2088e+02  -1.0730e+02
          nan  -1.0470e+03  -4.9970e+02  -3.2785e+02  -2.4390e+02  -1.9417e+02  -1.6128e+02  -1.3792e+02  -1.2046e+02  -1.0693e+02
          nan  -1.0419e+03  -4.9727e+02  -3.2625e+02  -2.4272e+02  -1.9323e+02  -1.6050e+02  -1.3723e+02  -1.1985e+02  -1.0637e+02
          nan  -1.0369e+03  -4.9486e+02  -3.2467e+02  -2.4154e+02  -1.9229e+02  -1.5970e+02  -1.3654e+02  -1.1924e+02  -1.0583e+02
          nan  -1.0318e+03  -4.9247e+02  -3.2310e+02  -2.4037e+02  -1.9136e+02  -1.5895e+02  -1.3592e+02  -1.1872e+02  -1.0537e+02
          nan  -1.0269e+03  -4.9006e+02  -3.2141e+02  -2.3904e+02  -1.9027e+02  -1.5802e+02  -1.3512e+02  -1.1801e+02  -1.0475e+02
          nan  -1.0203e+03  -4.8695e+02  -3.1948e+02  -2.3768e+02  -1.8922e+02  -1.5717e+02  -1.3440e+02  -1.1739e+02  -1.0420e+02
          nan  -1.0162e+03  -4.8500e+02  -3.1820e+02  -2.3672e+02  -1.8843e+02  -1.5649e+02  -1.3381e+02  -1.1686e+02  -1.0372e+02
          nan  -1.0121e+03  -4.8307e+02  -3.1692e+02  -2.3573e+02  -1.8764e+02  -1.5584e+02  -1.3326e+02  -1.1639e+02  -1.0332e+02
          nan  -1.0073e+03  -4.8076e+02  -3.1542e+02  -2.3466e+02  -1.8678e+02  -1.5513e+02  -1.3264e+02  -1.1585e+02  -1.0283e+02
          nan  -1.0025e+03  -4.7847e+02  -3.1391e+02  -2.3354e+02  -1.8589e+02  -1.5438e+02  -1.3201e+02  -1.1530e+02  -1.0234e+02
          nan  -9.9693e+02  -4.7581e+02  -3.1217e+02  -2.3224e+02  -1.8486e+02  -1.5353e+02  -1.3128e+02  -1.1466e+02  -1.0177e+02
          nan  -9.9300e+02  -4.7393e+02  -3.1089e+02  -2.3125e+02  -1.8408e+02  -1.5289e+02  -1.3072e+02  -1.1417e+02  -1.0133e+02
          nan  -9.8830e+02  -4.7169e+02  -3.0947e+02  -2.3023e+02  -1.8328e+02  -1.5224e+02  -1.3018e+02  -1.1371e+02  -1.0094e+02
          nan  -9.8363e+02  -4.6944e+02  -3.0792e+02  -2.2905e+02  -1.8233e+02  -1.5142e+02  -1.2945e+02  -1.1305e+02  -1.0033e+02
          nan  -9.7900e+02  -4.6725e+02  -3.0655e+02  -2.2806e+02  -1.8154e+02  -1.5077e+02  -1.2892e+02  -1.1260e+02  -9.9940e+01
          nan  -9.7439e+02  -4.6505e+02  -3.0511e+02  -2.2699e+02  -1.8071e+02  -1.5010e+02  -1.2835e+02  -1.1211e+02  -9.9517e+01
          nan  -9.6983e+02  -4.6278e+02  -3.0356e+02  -2.2578e+02  -1.7973e+02  -1.4929e+02  -1.2766e+02  -1.1150e+02  -9.8977e+01
          nan  -9.6374e+02  -4.5997e+02  -3.0170e+02  -2.2442e+02  -1.7865e+02  -1.4838e+02  -1.2688e+02  -1.1082e+02  -9.8359e+01
          nan  -9.6064e+02  -4.5835e+02  -3.0068e+02  -2.2368e+02  -1.7804e+02  -1.4785e+02  -1.2639e+02  -1.1036e+02  -9.7924e+01
          nan  -9.5631e+02  -4.5642e+02  -2.9945e+02  -2.2278e+02  -1.7735e+02  -1.4731e+02  -1.2597e+02  -1.1001e+02  -9.7639e+01
            0            0            0            0            0            0            0            0            0            0
            0            0            0            0            0            0            0            0            0            0
            0            0            0            0            0            0            0            0            0            0
            0            0            0            0            0            0            0            0            0            0
            0            0            0            0            0            0            0            0            0            0
            0            0            0            0            0            0            0            0            0            0
            0            0            0            0            0            0            0            0            0            0
            0            0            0            0            0            0            0            0            0            0
            0            0            0            0            0            0            0            0            0            0
            0            0            0            0            0            0            0            0            0            0
            0            0            0            0            0            0            0            0            0            0
            0            0            0            0            0            0            0            0            0            0
            0            0            0            0            0            0            0            0            0            0
            0            0            0            0            0            0            0            0            0            0
            0            0            0            0            0            0            0            0            0            0
            0            0            0            0            0            0            0            0            0            0
            0            0            0            0            0            0            0            0            0            0
            0            0            0            0            0            0            0            0            0            0
            0            0            0            0            0            0            0            0            0            0
            0            0            0            0            0            0            0            0            0            0
            0            0            0            0            0            0            0            0            0            0
            0            0            0            0            0            0            0            0            0            0
            0            0            0            0            0            0            0            0            0            0
            0            0            0            0            0            0            0            0            0            0
            0            0            0            0            0            0            0            0            0            0
            0            0            0            0            0            0            0            0            0            0
            0            0            0            0            0            0            0            0            0            0
            0            0            0            0            0            0            0            0            0            0
            0            0            0            0            0            0            0            0            0            0
            0            0            0            0            0            0            0            0            0            0
            0            0            0            0            0            0            0            0            0            0
            0            0            0            0            0            0            0            0            0            0
            0            0            0            0            0            0            0            0            0            0
            0            0            0            0            0            0            0            0            0            0
            0            0            0            0            0            0            0            0            0            0
            0            0            0            0            0            0            0            0            0            0
            0            0            0            0            0            0            0            0            0            0
            0            0            0            0            0            0            0            0            0            0
            0            0            0            0            0            0            0            0            0            0
            0            0            0            0            0            0            0            0            0            0
            0            0            0            0            0            0            0            0            0            0
            0            0            0            0            0            0            0            0            0            0
            0            0            0            0            0            0            0            0            0            0
            0            0            0            0            0            0            0            0            0            0
            0            0            0            0            0            0            0            0            0            0
            0            0            0            0            0            0            0            0            0            0
            0            0            0            0            0            0            0            0            0            0
            0            0            0            0            0            0            0            0            0            0
            0            0            0            0            0            0            0            0            0            0
            0            0            0            0            0            0            0            0            0            0
            0            0            0            0            0            0            0            0            0            0
            0            0            0            0            0            0            0            0            0            0
            0            0            0            0            0            0            0            0            0            0
            0            0            0            0            0            0            0            0            0            0
            0            0            0            0            0            0            0            0            0            0
            0            0            0            0            0            0            0            0            0            0
            0            0            0            0            0            0            0            0            0            0
            0            0            0            0            0            0            0            0            0            0
            0            0            0            0            0            0            0            0            0            0
            0            0            0            0            0            0            0            0            0            0
            0            0            0            0            0            0            0            0            0            0
            0            0            0            0            0            0            0            0            0            0
            0            0            0            0            0            0            0            0            0            0
            0            0            0            0            0            0            0            0            0            0
            0            0            0            0            0            0            0            0            0            0
            0            0            0            0            0            0            0            0            0            0
            0            0            0            0            0            0            0            0            0            0
            0            0            0            0            0            0            0            0            0            0
            0            0            0            0            0            0            0            0            0            0
            0            0            0            0            0            0            0            0            0            0
            0            0            0            0            0            0            0            0            0            0
            0            0            0            0            0            0            0            0            0            0
            0            0            0            0            0            0            0            0            0            0
            0            0            0            0            0            0            0            0            0            0
            0            0            0            0            0            0            0            0            0            0
            0            0            0            0            0            0            0            0            0            0
            0            0            0            0            0            0            0            0            0            0
            0            0            0            0            0            0            0            0            0            0
            0            0            0            0            0            0            0            0            0            0
            0            0            0            0            0            0            0            0            0            0
            0            0            0            0            0            0            0            0            0            0
            0            0            0            0            0            0            0            0            0            0
            0            0            0            0            0            0            0            0            0            0
            0            0            0            0            0            0            0            0            0            0
            0            0            0            0            0            0            0            0            0            0
            0            0            0            0            0            0            0            0            0            0
            0            0            0            0            0            0            0            0            0            0
            0            0            0            0            0            0            0            0            0            0
            0            0            0            0            0            0            0            0            0            0
            0            0            0            0            0            0            0            0            0            0

          nan  -5.5000e+02  -2.6250e+02  -1.7222e+02  -1.2812e+02  -1.0199e+02  -8.4706e+01  -7.2422e+01  -6.3248e+01  -5.6136e+01
          nan  -5.4847e+02  -2.6176e+02  -1.7173e+02  -1.2776e+02  -1.0171e+02  -8.4478e+01  -7.2236e+01  -6.3093e+01  -5.6003e+01
          nan  -5.4704e+02  -2.6105e+02  -1.7126e+02  -1.2740e+02  -1.0142e+02  -8.4240e+01  -7.2036e+01  -6.2920e+01  -5.5852e+01
          nan  -5.4591e+02  -2.6050e+02  -1.7089e+02  -1.2712e+02  -1.0119e+02  -8.4047e+01  -7.1869e+01  -6.2772e+01  -5.5717e+01
          nan  -5.4455e+02  -2.5990e+02  -1.7052e+02  -1.2686e+02  -1.0099e+02  -8.3883e+01  -7.1728e+01  -6.2648e+01  -5.5609e+01
          nan  -5.4321e+02  -2.5926e+02  -1.7010e+02  -1.2654e+02  -1.0074e+02  -8.3676e+01  -7.1555e+01  -6.2500e+01  -5.5477e+01
          nan  -5.4185e+02  -2.5857e+02  -1.6963e+02  -1.2619e+02  -1.0046e+02  -8.3442e+01  -7.1354e+01  -6.2324e+01  -5.5323e+01
          nan  -5.4054e+02  -2.5799e+02  -1.6926e+02  -1.2591e+02  -1.0023e+02  -8.3246e+01  -7.1172e+01  -6.2155e+01  -5.5165e+01
          nan  -5.3922e+02  -2.5735e+02  -1.6885e+02  -1.2561e+02  -1.0000e+02  -8.3061e+01  -7.1028e+01  -6.2040e+01  -5.5071e+01
          nan  -5.3780e+02  -2.5662e+02  -1.6834e+02  -1.2523e+02  -9.9692e+01  -8.2803e+01  -7.0806e+01  -6.1846e+01  -5.4898e+01
          nan  -5.3659e+02  -2.5610e+02  -1.6802e+02  -1.2500e+02  -9.9512e+01  -8.2656e+01  -7.0682e+01  -6.1738e+01  -5.4803e+01
          nan  -5.3528e+02  -2.5547e+02  -1.6761e+02  -1.2470e+02  -9.9270e+01  -8.2455e+01  -7.0507e+01  -6.1580e+01  -5.4658e+01
          nan  -5.3398e+02  -2.5485e+02  -1.6721e+02  -1.2439e+02  -9.9029e+01  -8.2249e+01  -7.0329e+01  -6.1424e+01  -5.4519e+01
          nan  -5.3269e+02  -2.5424e+02  -1.6680e+02  -1.2409e+02  -9.8789e+01  -8.2055e+01  -7.0169e+01  -6.1289e+01  -5.4402e+01
          nan  -5.3140e+02  -2.5361e+02  -1.6636e+02  -1.2375e+02  -9.8507e+01  -8.1816e+01  -6.9961e+01  -6.1106e+01  -5.4241e+01
          nan  -5.2970e+02  -2.5281e+02  -1.6586e+02  -1.2340e+02  -9.8235e+01  -8.1595e+01  -6.9774e+01  -6.0945e+01  -5.4099e+01
          nan  -5.2863e+02  -2.5230e+02  -1.6553e+02  -1.2315e+02  -9.8029e+01  -8.1420e+01  -6.9622e+01  -6.0809e+01  -5.3974e+01
          nan  -5.2758e+02  -2.5180e+02  -1.6520e+02  -1.2289e+02  -9.7825e+01  -8.1251e+01  -6.9479e+01  -6.0686e+01  -5.3868e+01
          nan  -5.2632e+02  -2.5120e+02  -1.6481e+02  -1.2261e+02  -9.7601e+01  -8.1064e+01  -6.9318e+01  -6.0545e+01  -5.3742e+01
          nan  -5.2506e+02  -2.5060e+02  -1.6441e+02  -1.2232e+02  -9.7367e+01  -8.0870e+01  -6.9152e+01  -6.0400e+01  -5.3614e+01
          nan  -5.2360e+02  -2.4990e+02  -1.6396e+02  -1.2198e+02  -9.7096e+01  -8.0645e+01  -6.8960e+01  -6.0232e+01  -5.3465e+01
          nan  -5.2257e+02  -2.4941e+02  -1.6362e+02  -1.2171e+02  -9.6892e+01  -8.0477e+01  -6.8814e+01  -6.0102e+01  -5.3348e+01
          nan  -5.2133e+02  -2.4882e+02  -1.6324e+02  -1.2145e+02  -9.6682e+01  -8.0305e+01  -6.8672e+01  -5.9982e+01  -5.3244e+01
          nan  -5.2009e+02  -2.4822e+02  -1.6283e+02  -1.2113e+02  -9.6430e+01  -8.0089e+01  -6.8479e+01  -5.9808e+01  -5.3086e+01
          nan  -5.1887e+02  -2.4764e+02  -1.6247e+02  -1.2087e+02  -9.6220e+01  -7.9917e+01  -6.8337e+01  -5.9688e+01  -5.2981e+01
          nan  -5.1765e+02  -2.4706e+02  -1.6209e+02  -1.2059e+02  -9.6000e+01  -7.9739e+01  -6.8187e+01  -5.9559e+01  -5.2869e+01
          nan  -5.1643e+02  -2.4646e+02  -1.6168e+02  -1.2027e+02  -9.5742e+01  -7.9523e+01  -6.8003e+01  -5.9397e+01  -5.2725e+01
          nan  -5.1481e+02  -2.4570e+02  -1.6118e+02  -1.1990e+02  -9.5451e+01  -7.9281e+01  -6.7794e+01  -5.9215e+01  -5.2560e+01
          nan  -5.1398e+02  -2.4527e+02  -1.6091e+02  -1.1971e+02  -9.5288e+01  -7.9138e+01  -6.7664e+01  -5.9092e+01  -5.2444e+01
          nan  -5.1282e+02  -2.4476e+02  -1.6058e+02  -1.1946e+02  -9.5105e+01  -7.8995e+01  -6.7551e+01  -5.8999e+01  -5.2367e+01
            0            0            0            0            0            0            0            0            0            0
            0            0            0            0            0            0            0            0            0            0
            0            0            0            0            0            0            0            0            0            0
            0            0            0            0            0            0            0            0            0            0
            0            0            0            0            0            0            0            0            0            0
            0            0            0            0            0            0            0            0            0            0
            0            0            0            0            0            0            0            0            0            0
            0            0            0            0            0            0            0            0            0            0
            0            0            0            0            0            0            0            0            0            0
            0            0            0            0            0            0            0            0            0            0
            0            0            0            0            0            0            0            0            0            0
            0            0            0            0            0            0            0            0            0            0
            0            0            0            0            0            0            0            0            0            0
            0            0            0            0            0            0            0            0            0            0
            0            0            0            0            0            0            0            0            0            0
            0            0            0            0            0            0            0            0            0            0
            0            0            0            0            0            0            0            0            0            0
            0            0            0            0            0            0            0            0            0            0
            0            0            0            0            0            0            0            0            0            0
            0            0            0            0            0            0            0            0            0            0
            0            0            0            0            0            0            0            0            0            0
            0            0            0            0            0            0            0            0            0            0
            0            0            0            0            0            0            0            0            0            0
            0            0            0            0            0            0            0            0            0            0
            0            0            0            0            0            0            0            0            0            0
            0            0            0            0            0            0            0            0            0            0
            0            0            0            0            0            0            0            0            0            0
            0            0            0            0            0            0            0            0            0            0
            0            0            0            0            0            0            0            0            0            0
            0            0            0            0            0            0            0            0            0            0
            0            0            0            0            0            0            0            0            0            0
            0            0            0            0            0            0            0            0            0            0
            0            0            0            0            0            0            0            0            0            0
            0            0            0            0            0            0            0            0            0            0
            0            0            0            0            0            0            0            0            0            0
            0            0            0            0            0            0            0            0            0            0
            0            0            0            0            0            0            0            0            0            0
            0            0            0            0            0            0            0            0            0            0
            0            0            0            0            0            0            0            0            0            0
            0            0            0            0            0            0            0            0            0            0
            0            0            0            0            0            0            0            0            0            0
            0            0            0            0            0            0            0            0            0            0
            0            0            0            0            0            0            0            0            0            0
            0            0            0            0            0            0            0            0            0            0
            0            0            0            0            0            0            0            0            0            0
            0            0            0            0            0            0            0            0            0            0
            0            0            0            0            0            0            0            0            0            0
            0            0            0            0            0            0            0            0            0            0
            0            0            0            0            0            0            0            0            0            0
            0            0            0            0            0            0            0            0            0            0
            0            0            0            0            0            0            0            0            0            0
            0            0            0            0            0            0            0            0            0            0
            0            0            0            0            0            0            0            0            0            0
            0            0            0            0            0            0            0            0            0            0
            0            0            0            0            0            0            0            0            0            0
            0            0            0            0            0            0            0            0            0            0
            0            0            0            0            0            0            0            0            0            0
            0            0            0            0            0            0            0            0            0            0
            0            0            0            0            0            0            0            0            0            0
            0            0            0            0            0            0            0            0            0            0
            0            0            0            0            0            0            0            0            0            0
            0            0            0            0            0            0            0            0            0            0
            0            0            0            0            0            0            0            0            0            0
            0            0            0            0            0            0            0            0            0            0
            0            0            0            0            0            0            0            0            0            0
            0            0            0            0            0            0            0            0            0            0
            0            0            0            0            0            0            0            0            0            0
            0            0            0            0            0            0            0            0            0            0
            0            0            0            0            0            0            0            0            0            0
            0            0            0            0            0            0            0            0            0            0
            0            0            0            0            0            0            0            0            0            0
            0            0            0            0            0            0            0            0            0            0
            0            0            0            0            0            0            0            0            0            0
            0            0            0            0            0            0            0            0            0            0
            0            0            0            0            0            0            0            0            0            0
            0            0            0            0            0            0            0            0            0            0
            0            0            0            0            0            0            0            0            0            0
            0            0            0            0            0            0            0            0            0            0
            0            0            0            0            0            0            0            0            0            0
            0            0            0            0            0            0            0            0            0            0
            0            0            0            0            0            0            0            0            0            0
            0            0            0            0            0            0            0            0            0            0
            0            0            0            0            0            0            0            0            0            0
            0            0            0            0            0            0            0            0            0            0
            0            0            0            0            0            0            0            0            0            0
            0            0            0            0            0            0            0            0            0            0
            0            0            0            0            0            0            0            0            0            0
            0            0            0            0            0            0            0            0            0            0
            0            0            0            0            0            0            0            0            0            0
            0            0            0            0            0            0            0            0            0            0

          nan  -5.5000e+02  -2.6250e+02  -1.7222e+02  -1.2812e+02  -1.0199e+02  -8.4706e+01  -7.2422e+01  -6.3248e+01  -5.6136e+01
          nan  -5.4847e+02  -2.6176e+02  -1.7173e+02  -1.2776e+02  -1.0171e+02  -8.4478e+01  -7.2236e+01  -6.3093e+01  -5.6003e+01
          nan  -5.4704e+02  -2.6105e+02  -1.7126e+02  -1.2740e+02  -1.0142e+02  -8.4240e+01  -7.2036e+01  -6.2920e+01  -5.5852e+01
          nan  -5.4591e+02  -2.6050e+02  -1.7089e+02  -1.2712e+02  -1.0119e+02  -8.4047e+01  -7.1869e+01  -6.2772e+01  -5.5717e+01
          nan  -5.4455e+02  -2.5990e+02  -1.7052e+02  -1.2686e+02  -1.0099e+02  -8.3883e+01  -7.1728e+01  -6.2648e+01  -5.5609e+01
          nan  -5.4321e+02  -2.5926e+02  -1.7010e+02  -1.2654e+02  -1.0074e+02  -8.3676e+01  -7.1555e+01  -6.2500e+01  -5.5477e+01
          nan  -5.4185e+02  -2.5857e+02  -1.6963e+02  -1.2619e+02  -1.0046e+02  -8.3442e+01  -7.1354e+01  -6.2324e+01  -5.5323e+01
          nan  -5.4054e+02  -2.5799e+02  -1.6926e+02  -1.2591e+02  -1.0023e+02  -8.3246e+01  -7.1172e+01  -6.2155e+01  -5.5165e+01
          nan  -5.3922e+02  -2.5735e+02  -1.6885e+02  -1.2561e+02  -1.0000e+02  -8.3061e+01  -7.1028e+01  -6.2040e+01  -5.5071e+01
          nan  -5.3780e+02  -2.5662e+02  -1.6834e+02  -1.2523e+02  -9.9692e+01  -8.2803e+01  -7.0806e+01  -6.1846e+01  -5.4898e+01
          nan  -5.3659e+02  -2.5610e+02  -1.6802e+02  -1.2500e+02  -9.9512e+01  -8.2656e+01  -7.0682e+01  -6.1738e+01  -5.4803e+01
          nan  -5.3528e+02  -2.5547e+02  -1.6761e+02  -1.2470e+02  -9.9270e+01  -8.2455e+01  -7.0507e+01  -6.1580e+01  -5.4658e+01
          nan  -5.3398e+02  -2.5485e+02  -1.6721e+02  -1.2439e+02  -9.9029e+01  -8.2249e+01  -7.0329e+01  -6.1424e+01  -5.4519e+01
          nan  -5.3269e+02  -2.5424e+02  -1.6680e+02  -1.2409e+02  -9.8789e+01  -8.2055e+01  -7.0169e+01  -6.1289e+01  -5.4402e+01
          nan  -5.3140e+02  -2.5361e+02  -1.6636e+02  -1.2375e+02  -9.8507e+01  -8.1816e+01  -6.9961e+01  -6.1106e+01  -5.4241e+01
          nan  -5.2970e+02  -2.5281e+02  -1.6586e+02  -1.2340e+02  -9.8235e+01  -8.1595e+01  -6.9774e+01  -6.0945e+01  -5.4099e+01
          nan  -5.2863e+02  -2.5230e+02  -1.6553e+02  -1.2315e+02  -9.8029e+01  -8.1420e+01  -6.9622e+01  -6.0809e+01  -5.3974e+01
          nan  -5.2758e+02  -2.5180e+02  -1.6520e+02  -1.2289e+02  -9.7825e+01  -8.1251e+01  -6.9479e+01  -6.0686e+01  -5.3868e+01
          nan  -5.2632e+02  -2.5120e+02  -1.6481e+02  -1.2261e+02  -9.7601e+01  -8.1064e+01  -6.9318e+01  -6.0545e+01  -5.3742e+01
          nan  -5.2506e+02  -2.5060e+02  -1.6441e+02  -1.2232e+02  -9.7367e+01  -8.0870e+01  -6.9152e+01  -6.0400e+01  -5.3614e+01
          nan  -5.2360e+02  -2.4990e+02  -1.6396e+02  -1.2198e+02  -9.7096e+01  -8.0645e+01  -6.8960e+01  -6.0232e+01  -5.3465e+01
          nan  -5.2257e+02  -2.4941e+02  -1.6362e+02  -1.2171e+02  -9.6892e+01  -8.0477e+01  -6.8814e+01  -6.0102e+01  -5.3348e+01
          nan  -5.2133e+02  -2.4882e+02  -1.6324e+02  -1.2145e+02  -9.6682e+01  -8.0305e+01  -6.8672e+01  -5.9982e+01  -5.3244e+01
          nan  -5.2009e+02  -2.4822e+02  -1.6283e+02  -1.2113e+02  -9.6430e+01  -8.0089e+01  -6.8479e+01  -5.9808e+01  -5.3086e+01
          nan  -5.1887e+02  -2.4764e+02  -1.6247e+02  -1.2087e+02  -9.6220e+01  -7.9917e+01  -6.8337e+01  -5.9688e+01  -5.2981e+01
          nan  -5.1765e+02  -2.4706e+02  -1.6209e+02  -1.2059e+02  -9.6000e+01  -7.9739e+01  -6.8187e+01  -5.9559e+01  -5.2869e+01
          nan  -5.1643e+02  -2.4646e+02  -1.6168e+02  -1.2027e+02  -9.5742e+01  -7.9523e+01  -6.8003e+01  -5.9397e+01  -5.2725e+01
          nan  -5.1481e+02  -2.4570e+02  -1.6118e+02  -1.1990e+02  -9.5451e+01  -7.9281e+01  -6.7794e+01  -5.9215e+01  -5.2560e+01
          nan  -5.1398e+02  -2.4527e+02  -1.6091e+02  -1.1971e+02  -9.5288e+01  -7.9138e+01  -6.7664e+01  -5.9092e+01  -5.2444e+01
          nan  -5.1282e+02  -2.4476e+02  -1.6058e+02  -1.1946e+02  -9.5105e+01  -7.8995e+01  -6.7551e+01  -5.8999e+01  -5.2367e+01
            0            0            0            0            0            0            0            0            0            0
            0            0            0            0            0            0            0            0            0            0
            0            0            0            0            0            0            0            0            0            0
            0            0            0            0            0            0            0            0            0            0
            0            0            0            0            0            0            0            0            0            0
            0            0            0            0            0            0            0            0            0            0
            0            0            0            0            0            0            0            0            0            0
            0            0            0            0            0            0            0            0            0            0
            0            0            0            0            0            0            0            0            0            0
            0            0            0            0            0            0            0            0            0            0
            0            0            0            0            0            0            0            0            0            0
            0            0            0            0            0            0            0            0            0            0
            0            0            0            0            0            0            0            0            0            0
            0            0            0            0            0            0            0            0            0            0
            0            0            0            0            0            0            0            0            0            0
            0            0            0            0            0            0            0            0            0            0
            0            0            0            0            0            0            0            0            0            0
            0            0            0            0            0            0            0            0            0            0
            0            0            0            0            0            0            0            0            0            0
            0            0            0            0            0            0            0            0            0            0
            0            0            0            0            0            0            0            0            0            0
            0            0            0            0            0            0            0            0            0            0
            0            0            0            0            0            0            0            0            0            0
            0            0            0            0            0            0            0            0            0            0
            0            0            0            0            0            0            0            0            0            0
            0            0            0            0            0            0            0            0            0            0
            0            0            0            0            0            0            0            0            0            0
            0            0            0            0            0            0            0            0            0            0
            0            0            0            0            0            0            0            0            0            0
            0            0            0            0            0            0            0            0            0            0
            0            0            0            0            0            0            0            0            0            0
            0            0            0            0            0            0            0            0            0            0
            0            0            0            0            0            0            0            0            0            0
            0            0            0            0            0            0            0            0            0            0
            0            0            0            0            0            0            0            0            0            0
            0            0            0            0            0            0            0            0            0            0
            0            0            0            0            0            0            0            0            0            0
            0            0            0            0            0            0            0            0            0            0
            0            0            0            0            0            0            0            0            0            0
            0            0            0            0            0            0            0            0            0            0
            0            0            0            0            0            0            0            0            0            0
            0            0            0            0            0            0            0            0            0            0
            0            0            0            0            0            0            0            0            0            0
            0            0            0            0            0            0            0            0            0            0
            0            0            0            0            0            0            0            0            0            0
            0            0            0            0            0            0            0            0            0            0
            0            0            0            0            0            0            0            0            0            0
            0            0            0            0            0            0            0            0            0            0
            0            0            0            0            0            0            0            0            0            0
            0            0            0            0            0            0            0            0            0            0
            0            0            0            0            0            0            0            0            0            0
            0            0            0            0            0            0            0            0            0            0
            0            0            0            0            0            0            0            0            0            0
            0            0            0            0            0            0            0            0            0            0
            0            0            0            0            0            0            0            0            0            0
            0            0            0            0            0            0            0            0            0            0
            0            0            0            0            0            0            0            0            0            0
            0            0            0            0            0            0            0            0            0            0
            0            0            0            0            0            0            0            0            0            0
            0            0            0            0            0            0            0            0            0            0
            0            0            0            0            0            0            0            0            0            0
            0            0            0            0            0            0            0            0            0            0
            0            0            0            0            0            0            0            0            0            0
            0            0            0            0            0            0            0            0            0            0
            0            0            0            0            0            0            0            0            0            0
            0            0            0            0            0            0            0            0            0            0
            0            0            0            0            0            0            0            0            0            0
            0            0            0            0            0            0            0            0            0            0
            0            0            0            0            0            0            0            0            0            0
            0            0            0            0            0            0            0            0            0            0
            0            0            0            0            0            0            0            0            0            0
            0            0            0            0            0            0            0            0            0            0
            0            0            0            0            0            0            0            0            0            0
            0            0            0            0            0            0            0            0            0            0
            0            0            0            0            0            0            0            0            0            0
            0            0            0            0            0            0            0            0            0            0
            0            0            0            0            0            0            0            0            0            0
            0            0            0            0            0            0            0            0            0            0
            0            0            0            0            0            0            0            0            0            0
            0            0            0            0            0            0            0            0            0            0
            0            0            0            0            0            0            0            0            0            0
            0            0            0            0            0            0            0            0            0            0
            0            0            0            0            0            0            0            0            0            0
            0            0            0            0            0            0            0            0            0            0
            0            0            0            0            0            0            0            0            0            0
            0            0            0            0            0            0            0            0            0            0
            0            0            0            0            0            0            0            0            0            0
            0            0            0            0            0            0            0            0            0            0
            0            0            0            0            0            0            0            0            0            0
            0            0            0            0            0            0            0            0            0            0

      nan        0        0        0        0   0.0200   0.0500   0.0571   0.0500   0.0444
      nan   0.1000   0.0500   0.0333   0.0250   0.0200   0.0333   0.0286   0.0250   0.0222
      inf   0.1000   0.1000   0.0667   0.0500   0.0400   0.0333   0.0286   0.0250   0.0222
      nan        0   0.0500   0.0667   0.0500   0.0400   0.0333   0.0286   0.0375   0.0333
      nan        0        0        0        0        0        0   0.0143   0.0125   0.0111
      nan        0        0        0        0        0        0        0        0   0.0111
      nan   0.1000   0.0500   0.0333   0.0250   0.0200   0.0167   0.0143   0.0125   0.0111
      nan        0        0   0.0333   0.0250   0.0200   0.0500   0.0571   0.0625   0.0556
      nan        0        0        0        0        0        0        0        0        0
      nan   0.1000   0.1000   0.0667   0.0500   0.0400   0.0333   0.0286   0.0250   0.0222
      nan        0        0        0        0        0        0        0        0        0
      nan        0        0        0        0        0        0   0.0143   0.0250   0.0333
      nan        0        0        0        0        0   0.0167   0.0286   0.0250   0.0444
      nan        0        0        0        0        0        0        0        0   0.0222
      nan        0   0.0500   0.0667   0.0500   0.0400   0.0333   0.0286   0.0250   0.0222
      inf   0.2000   0.1000   0.0667   0.0500   0.0400   0.0333   0.0286   0.0250   0.0222
      inf   0.1000   0.0500   0.0333   0.0500   0.0400   0.0333   0.0286   0.0375   0.0333
      nan        0        0   0.0333   0.0250   0.0200   0.0167   0.0143   0.0125   0.0111
      nan        0        0        0        0   0.0200   0.0167   0.0143   0.0125   0.0111
      nan        0        0        0        0   0.0200   0.0167   0.0143   0.0125   0.0111
      inf   0.1000   0.0500   0.0333   0.0250   0.0400   0.0333   0.0286   0.0250   0.0222
      nan        0        0   0.0333   0.0250   0.0200   0.0167   0.0286   0.0250   0.0222
      nan        0        0        0        0        0        0        0        0        0
      nan        0   0.0500   0.0333   0.0250   0.0200   0.0500   0.0429   0.0375   0.0333
      nan        0        0        0        0   0.0200   0.0167   0.0143   0.0125   0.0333
      nan        0        0        0        0        0        0        0        0        0
      nan        0   0.0500   0.0333   0.0500   0.0600   0.0500   0.0429   0.0375   0.0333
      inf   0.2000   0.1000   0.1000   0.0750   0.0600   0.0500   0.0429   0.0500   0.0444
      nan   0.1000   0.0500   0.0333   0.0250   0.0400   0.0500   0.0571   0.0750   0.0667
      nan        0        0        0        0        0        0        0   0.0250   0.0222
        0        0        0        0        0        0        0        0        0        0
        0        0        0        0        0        0        0        0        0        0
        0        0        0        0        0        0        0        0        0        0
        0        0        0        0        0        0        0        0        0        0
        0        0        0        0        0        0        0        0        0        0
        0        0        0        0        0        0        0        0        0        0
        0        0        0        0        0        0        0        0        0        0
        0        0        0        0        0        0        0        0        0        0
        0        0        0        0        0        0        0        0        0        0
        0        0        0        0        0        0        0        0        0        0
        0        0        0        0        0        0        0        0        0        0
        0        0        0        0        0        0        0        0        0        0
        0        0        0        0        0        0        0        0        0        0
        0        0        0        0        0        0        0        0        0        0
        0        0        0        0        0        0        0        0        0        0
        0        0        0        0        0        0        0        0        0        0
        0        0        0        0        0        0        0        0        0        0
        0        0        0        0        0        0        0        0        0        0
        0        0        0        0        0        0        0        0        0        0
        0        0        0        0        0        0        0        0        0        0
        0        0        0        0        0        0        0        0        0        0
        0        0        0        0        0        0        0        0        0        0
        0        0        0        0        0        0        0        0        0        0
        0        0        0        0        0        0        0        0        0        0
        0        0        0        0        0        0        0        0        0        0
        0        0        0        0        0        0        0        0        0        0
        0        0        0        0        0        0        0        0        0        0
        0        0        0        0        0        0        0        0        0        0
        0        0        0        0        0        0        0        0        0        0
        0        0        0        0        0        0        0        0        0        0
        0        0        0        0        0        0        0        0        0        0
        0        0        0        0        0        0        0        0        0        0
        0        0        0        0        0        0        0        0        0        0
        0        0        0        0        0        0        0        0        0        0
        0        0        0        0        0        0        0        0        0        0
        0        0        0        0        0        0        0        0        0        0
        0        0        0        0        0        0        0        0        0        0
        0        0        0        0        0        0        0        0        0        0
        0        0        0        0        0        0        0        0        0        0
        0        0        0        0        0        0        0        0        0        0
        0        0        0        0        0        0        0        0        0        0
        0        0        0        0        0        0        0        0        0        0
        0        0        0        0        0        0        0        0        0        0
        0        0        0        0        0        0        0        0        0        0
        0        0        0        0        0        0        0        0        0        0
        0        0        0        0        0        0        0        0        0        0
        0        0        0        0        0        0        0        0        0        0
        0        0        0        0        0        0        0        0        0        0
        0        0        0        0        0        0        0        0        0        0
        0        0        0        0        0        0        0        0        0        0
        0        0        0        0        0        0        0        0        0        0
        0        0        0        0        0        0        0        0        0        0
        0        0        0        0        0        0        0        0        0        0
        0        0        0        0        0        0        0        0        0        0
        0        0        0        0        0        0        0        0        0        0
        0        0        0        0        0        0        0        0        0        0
        0        0        0        0        0        0        0        0        0        0
        0        0        0        0        0        0        0        0        0        0
        0        0        0        0        0        0        0        0        0        0
        0        0        0        0        0        0        0        0        0        0
        0        0        0        0        0        0        0        0        0        0
        0        0        0        0        0        0        0        0        0        0
        0        0        0        0        0        0        0        0        0        0
        0        0        0        0        0        0        0        0        0        0
        0        0        0        0        0        0        0        0        0        0
        0        0        0        0        0        0        0        0        0        0
        0        0        0        0        0        0        0        0        0        0
        0        0        0        0        0        0        0        0        0        0
        0        0        0        0        0        0        0        0        0        0
        0        0        0        0        0        0        0        0        0        0
        0        0        0        0        0        0        0        0        0        0
        0        0        0        0        0        0        0        0        0        0
        0        0        0        0        0        0        0        0        0        0
        0        0        0        0        0        0        0        0        0        0
        0        0        0        0        0        0        0        0        0        0
        0        0        0        0        0        0        0        0        0        0
        0        0        0        0        0        0        0        0        0        0
        0        0        0        0        0        0        0        0        0        0
        0        0        0        0        0        0        0        0        0        0
        0        0        0        0        0        0        0        0        0        0
        0        0        0        0        0        0        0        0        0        0
        0        0        0        0        0        0        0        0        0        0
        0        0        0        0        0        0        0        0        0        0
        0        0        0        0        0        0        0        0        0        0
        0        0        0        0        0        0        0        0        0        0
        0        0        0        0        0        0        0        0        0        0
        0        0        0        0        0        0        0        0        0        0
        0        0        0        0        0        0        0        0        0        0
        0        0        0        0        0        0        0        0        0        0
        0        0        0        0        0        0        0        0        0        0

