   2.1700
   2.1710
   2.1720
   2.1730
   2.1740
   2.1750
   2.1760
   2.1770
   2.1780
   2.1790
   2.1800
   2.1810
   2.1820
   2.1830
   2.1840
   2.1850
   2.1860
   2.1870
   2.1880
   2.1890
   2.1900
   2.1910
   2.1920
   2.1930
   2.1940
   2.1950
   2.1960
   2.1970
   2.1980
   2.1990
   2.2000
   2.2010
   2.2020
   2.2030
   2.2040
   2.2050
   2.2060
   2.2070
   2.2080
   2.2090
   2.2100
   2.2110
   2.2120
   2.2130
   2.2140
   2.2150
   2.2160
   2.2170
   2.2180
   2.2190
   2.2200
   2.2210
   2.2220
   2.2230
   2.2240
   2.2250
   2.2260
   2.2270
   2.2280
   2.2290
   2.2300
   2.2310
   2.2320
   2.2330
   2.2340
   2.2350
   2.2360
   2.2370
   2.2380
   2.2390
   2.2400
   2.2410
   2.2420
   2.2430
   2.2440
   2.2450
   2.2460
   2.2470
   2.2480
   2.2490
   2.2500
   2.2510
   2.2520
   2.2530
   2.2540
   2.2550
   2.2560
   2.2570
   2.2580
   2.2590
   2.2600
   2.2610
   2.2620
   2.2630
   2.2640
   2.2650
   2.2660
   2.2670
   2.2680
   2.2690
   2.2700
   2.2710
   2.2720
   2.2730
   2.2740
   2.2750
   2.2760
   2.2770
   2.2780

  -1.3659  -1.4089  -1.4288  -1.4451  -1.4533  -1.4618  -1.4717  -1.4792  -1.4839  -1.4894
  -1.3914  -1.4331  -1.4500  -1.4733  -1.4919  -1.5084  -1.5183  -1.5257  -1.5307  -1.5375
  -1.4022  -1.4784  -1.5156  -1.5294  -1.5399  -1.5472  -1.5535  -1.5589  -1.5631  -1.5637
  -1.3512  -1.4312  -1.4657  -1.4898  -1.5027  -1.5141  -1.5255  -1.5355  -1.5414  -1.5463
  -1.3660  -1.4038  -1.4300  -1.4405  -1.4489  -1.4560  -1.4635  -1.4697  -1.4721  -1.4765
  -1.3729  -1.4304  -1.4447  -1.4588  -1.4664  -1.4732  -1.4798  -1.4857  -1.4892  -1.4929
  -1.3652  -1.4097  -1.4321  -1.4292  -1.4310  -1.4412  -1.4482  -1.4527  -1.4611  -1.4697
  -1.3918  -1.4436  -1.4754  -1.4928  -1.5071  -1.5183  -1.5284  -1.5343  -1.5378  -1.5399
  -1.3664  -1.4129  -1.4419  -1.4650  -1.4758  -1.4869  -1.4960  -1.5013  -1.5066  -1.5116
  -1.3542  -1.4052  -1.4241  -1.4288  -1.4356  -1.4473  -1.4540  -1.4603  -1.4656  -1.4726
  -1.3652  -1.4093  -1.4339  -1.4448  -1.4527  -1.4579  -1.4638  -1.4693  -1.4763  -1.4866
  -1.3377  -1.4112  -1.4373  -1.4401  -1.4486  -1.4526  -1.4568  -1.4593  -1.4627  -1.4673
  -1.3630  -1.4213  -1.4390  -1.4466  -1.4433  -1.4476  -1.4537  -1.4581  -1.4618  -1.4633
  -1.3757  -1.4192  -1.4385  -1.4473  -1.4511  -1.4568  -1.4653  -1.4684  -1.4682  -1.4704
  -1.3805  -1.4157  -1.4377  -1.4584  -1.4664  -1.4742  -1.4836  -1.4916  -1.5027  -1.5107
  -1.3741  -1.4160  -1.4352  -1.4502  -1.4582  -1.4669  -1.4747  -1.4830  -1.4917  -1.5009
  -1.3491  -1.3931  -1.4227  -1.4397  -1.4554  -1.4649  -1.4719  -1.4819  -1.4857  -1.4924
  -1.3626  -1.4126  -1.4349  -1.4465  -1.4523  -1.4604  -1.4682  -1.4770  -1.4861  -1.4927
  -1.3546  -1.4206  -1.4552  -1.4774  -1.4895  -1.5026  -1.5112  -1.5174  -1.5197  -1.5219
  -1.3579  -1.3992  -1.4240  -1.4405  -1.4442  -1.4498  -1.4549  -1.4581  -1.4616  -1.4638
  -1.3378  -1.3871  -1.4155  -1.4281  -1.4357  -1.4402  -1.4494  -1.4561  -1.4583  -1.4636
  -1.3606  -1.4073  -1.4263  -1.4346  -1.4422  -1.4476  -1.4539  -1.4562  -1.4580  -1.4604
  -1.3399  -1.3834  -1.4071  -1.4225  -1.4344  -1.4466  -1.4523  -1.4561  -1.4565  -1.4586
  -1.3524  -1.3968  -1.4198  -1.4295  -1.4366  -1.4451  -1.4523  -1.4564  -1.4626  -1.4679
  -1.3550  -1.3899  -1.4021  -1.4223  -1.4356  -1.4471  -1.4571  -1.4670  -1.4760  -1.4836
  -1.3356  -1.3722  -1.3922  -1.4095  -1.4296  -1.4479  -1.4605  -1.4704  -1.4792  -1.4868
  -1.3597  -1.4284  -1.4503  -1.4594  -1.4683  -1.4791  -1.4890  -1.4973  -1.5038  -1.5068
  -1.3543  -1.3918  -1.4036  -1.4146  -1.4244  -1.4319  -1.4395  -1.4480  -1.4602  -1.4717
  -1.3646  -1.4119  -1.4314  -1.4371  -1.4407  -1.4491  -1.4564  -1.4622  -1.4620  -1.4640
  -1.3279  -1.3734  -1.3934  -1.4059  -1.4143  -1.4222  -1.4288  -1.4364  -1.4399  -1.4457
  -1.3397  -1.3856  -1.4123  -1.4345  -1.4579  -1.4711  -1.4800  -1.4900  -1.4971  -1.5000
  -1.3460  -1.3834  -1.4068  -1.4127  -1.4186  -1.4244  -1.4254  -1.4287  -1.4332  -1.4366
  -1.3514  -1.3972  -1.4290  -1.4463  -1.4566  -1.4635  -1.4667  -1.4675  -1.4721  -1.4772
  -1.3212  -1.3603  -1.3854  -1.4021  -1.4224  -1.4355  -1.4431  -1.4459  -1.4512  -1.4576
  -1.3371  -1.3855  -1.3982  -1.4024  -1.4120  -1.4284  -1.4455  -1.4582  -1.4677  -1.4764
  -1.3514  -1.4193  -1.4470  -1.4681  -1.4770  -1.4843  -1.4894  -1.4915  -1.4962  -1.4998
  -1.3198  -1.3691  -1.3893  -1.4035  -1.4152  -1.4223  -1.4273  -1.4306  -1.4348  -1.4382
  -1.3308  -1.3826  -1.3981  -1.4063  -1.4166  -1.4215  -1.4297  -1.4363  -1.4448  -1.4531
  -1.3634  -1.4172  -1.4399  -1.4512  -1.4595  -1.4698  -1.4740  -1.4823  -1.4893  -1.4945
  -1.3259  -1.3802  -1.4132  -1.4352  -1.4479  -1.4576  -1.4688  -1.4777  -1.4858  -1.4904
  -1.3073  -1.3628  -1.3910  -1.4024  -1.4139  -1.4313  -1.4395  -1.4457  -1.4517  -1.4552
  -1.3304  -1.3837  -1.4029  -1.4143  -1.4242  -1.4339  -1.4407  -1.4415  -1.4453  -1.4465
  -1.3178  -1.3472  -1.3694  -1.3893  -1.4004  -1.4078  -1.4116  -1.4124  -1.4170  -1.4212
  -1.3243  -1.3883  -1.4099  -1.4251  -1.4291  -1.4265  -1.4296  -1.4345  -1.4393  -1.4438
  -1.3031  -1.3622  -1.3943  -1.4227  -1.4425  -1.4602  -1.4686  -1.4769  -1.4804  -1.4854
  -1.3398  -1.3721  -1.3816  -1.3846  -1.3858  -1.3948  -1.4009  -1.4123  -1.4213  -1.4267
  -1.3387  -1.3614  -1.3804  -1.3926  -1.3968  -1.4019  -1.4058  -1.4073  -1.4077  -1.4114
  -1.3231  -1.3491  -1.3891  -1.4243  -1.4424  -1.4589  -1.4673  -1.4709  -1.4722  -1.4748
  -1.3577  -1.3840  -1.4125  -1.4196  -1.4226  -1.4257  -1.4264  -1.4278  -1.4325  -1.4361
  -1.3531  -1.4023  -1.4205  -1.4301  -1.4353  -1.4453  -1.4546  -1.4639  -1.4700  -1.4747
  -1.3402  -1.3775  -1.4005  -1.4077  -1.4128  -1.4157  -1.4185  -1.4227  -1.4242  -1.4260
  -1.3150  -1.3679  -1.3829  -1.3939  -1.4074  -1.4235  -1.4325  -1.4431  -1.4517  -1.4568
  -1.3318  -1.3892  -1.4077  -1.4204  -1.4287  -1.4344  -1.4381  -1.4397  -1.4414  -1.4416
  -1.3236  -1.3619  -1.3812  -1.3897  -1.3994  -1.4059  -1.4139  -1.4167  -1.4159  -1.4165
  -1.3030  -1.3598  -1.3976  -1.4238  -1.4351  -1.4501  -1.4594  -1.4676  -1.4764  -1.4778
  -1.3351  -1.3825  -1.4082  -1.4261  -1.4416  -1.4530  -1.4644  -1.4703  -1.4772  -1.4802
  -1.3388  -1.3662  -1.3838  -1.3955  -1.4071  -1.4130  -1.4167  -1.4189  -1.4206  -1.4206
  -1.3135  -1.3550  -1.3738  -1.3947  -1.4112  -1.4218  -1.4252  -1.4278  -1.4315  -1.4365
  -1.3609  -1.3962  -1.4179  -1.4361  -1.4513  -1.4585  -1.4602  -1.4696  -1.4737  -1.4795
  -1.3052  -1.3403  -1.3599  -1.3762  -1.3859  -1.3959  -1.3997  -1.4017  -1.4020  -1.4038
  -1.3221  -1.3709  -1.3958  -1.4163  -1.4288  -1.4396  -1.4507  -1.4546  -1.4592  -1.4625
  -1.3208  -1.3624  -1.3888  -1.4072  -1.4139  -1.4163  -1.4150  -1.4146  -1.4137  -1.4177
  -1.3077  -1.3549  -1.3652  -1.3843  -1.3919  -1.3925  -1.3943  -1.3969  -1.3973  -1.3967
  -1.3246  -1.3567  -1.3657  -1.3731  -1.3797  -1.3860  -1.3926  -1.3956  -1.4026  -1.4047
  -1.3234  -1.3614  -1.3766  -1.3868  -1.3925  -1.3955  -1.3972  -1.3999  -1.4031  -1.4030
  -1.3161  -1.3543  -1.3684  -1.3821  -1.3886  -1.3926  -1.3981  -1.3996  -1.4033  -1.4082
  -1.3178  -1.3890  -1.4179  -1.4290  -1.4292  -1.4267  -1.4325  -1.4442  -1.4517  -1.4546
  -1.3236  -1.3564  -1.3713  -1.3812  -1.3866  -1.3882  -1.3866  -1.3878  -1.3867  -1.3845
  -1.3242  -1.3616  -1.3753  -1.3889  -1.3953  -1.3987  -1.4009  -1.4001  -1.4002  -1.4028
  -1.3064  -1.3293  -1.3405  -1.3519  -1.3584  -1.3636  -1.3708  -1.3773  -1.3840  -1.3869
  -1.2952  -1.3333  -1.3580  -1.3765  -1.3853  -1.3980  -1.4120  -1.4203  -1.4278  -1.4366
  -1.3447  -1.3688  -1.3718  -1.3797  -1.3830  -1.3864  -1.3940  -1.4014  -1.4066  -1.4075
  -1.3098  -1.3526  -1.3658  -1.3765  -1.3848  -1.3983  -1.4076  -1.4176  -1.4237  -1.4281
  -1.2944  -1.3414  -1.3650  -1.3755  -1.3769  -1.3782  -1.3787  -1.3802  -1.3826  -1.3865
  -1.3104  -1.3373  -1.3450  -1.3604  -1.3699  -1.3734  -1.3763  -1.3786  -1.3792  -1.3824
  -1.2939  -1.3361  -1.3613  -1.3774  -1.3892  -1.3961  -1.3985  -1.4041  -1.4092  -1.4109
  -1.2953  -1.3360  -1.3512  -1.3614  -1.3666  -1.3734  -1.3783  -1.3828  -1.3850  -1.3858
  -1.2954  -1.3331  -1.3536  -1.3703  -1.3932  -1.4119  -1.4180  -1.4210  -1.4233  -1.4234
  -1.2965  -1.3292  -1.3395  -1.3496  -1.3596  -1.3739  -1.3862  -1.3957  -1.4025  -1.4112
  -1.3249  -1.3485  -1.3534  -1.3549  -1.3622  -1.3710  -1.3787  -1.3871  -1.3950  -1.4016
  -1.2928  -1.3207  -1.3211  -1.3300  -1.3434  -1.3534  -1.3602  -1.3652  -1.3707  -1.3756
  -1.3025  -1.3362  -1.3544  -1.3655  -1.3711  -1.3781  -1.3857  -1.3965  -1.4078  -1.4152
  -1.3083  -1.3535  -1.3752  -1.3985  -1.4117  -1.4162  -1.4187  -1.4267  -1.4324  -1.4376
  -1.2925  -1.3284  -1.3514  -1.3608  -1.3633  -1.3675  -1.3678  -1.3670  -1.3692  -1.3698
  -1.2876  -1.3273  -1.3435  -1.3530  -1.3587  -1.3601  -1.3583  -1.3606  -1.3631  -1.3656
  -1.3089  -1.3476  -1.3551  -1.3581  -1.3616  -1.3592  -1.3589  -1.3647  -1.3704  -1.3723
  -1.2807  -1.3261  -1.3496  -1.3583  -1.3667  -1.3741  -1.3839  -1.3905  -1.3970  -1.4043
  -1.2972  -1.3378  -1.3530  -1.3585  -1.3660  -1.3741  -1.3782  -1.3824  -1.3841  -1.3882
  -1.3051  -1.3214  -1.3372  -1.3439  -1.3509  -1.3530  -1.3580  -1.3622  -1.3666  -1.3673
  -1.2967  -1.3253  -1.3351  -1.3492  -1.3569  -1.3647  -1.3723  -1.3751  -1.3800  -1.3824
  -1.2616  -1.3031  -1.3248  -1.3387  -1.3482  -1.3537  -1.3575  -1.3599  -1.3596  -1.3598
  -1.3048  -1.3518  -1.3796  -1.3924  -1.3985  -1.4063  -1.4154  -1.4134  -1.4156  -1.4165
  -1.2949  -1.3320  -1.3474  -1.3611  -1.3614  -1.3644  -1.3662  -1.3671  -1.3684  -1.3690
  -1.3075  -1.3316  -1.3413  -1.3526  -1.3583  -1.3640  -1.3655  -1.3626  -1.3657  -1.3657
  -1.2864  -1.3259  -1.3295  -1.3388  -1.3467  -1.3495  -1.3550  -1.3594  -1.3603  -1.3613
  -1.2733  -1.3142  -1.3265  -1.3286  -1.3380  -1.3403  -1.3431  -1.3471  -1.3513  -1.3529
  -1.2676  -1.3097  -1.3153  -1.3226  -1.3359  -1.3428  -1.3470  -1.3523  -1.3545  -1.3572
  -1.3094  -1.3305  -1.3399  -1.3468  -1.3614  -1.3620  -1.3669  -1.3709  -1.3713  -1.3727
  -1.2907  -1.3351  -1.3580  -1.3650  -1.3590  -1.3538  -1.3517  -1.3514  -1.3537  -1.3537
  -1.2783  -1.3161  -1.3204  -1.3251  -1.3368  -1.3487  -1.3568  -1.3642  -1.3743  -1.3804
  -1.2903  -1.3251  -1.3374  -1.3520  -1.3599  -1.3613  -1.3669  -1.3649  -1.3664  -1.3698
  -1.2746  -1.3116  -1.3290  -1.3371  -1.3480  -1.3464  -1.3463  -1.3480  -1.3513  -1.3505
  -1.3067  -1.3564  -1.3620  -1.3662  -1.3658  -1.3721  -1.3703  -1.3723  -1.3753  -1.3762
  -1.2867  -1.3110  -1.3260  -1.3406  -1.3433  -1.3460  -1.3503  -1.3600  -1.3658  -1.3739
  -1.2927  -1.3136  -1.3309  -1.3413  -1.3527  -1.3625  -1.3697  -1.3770  -1.3787  -1.3847
  -1.2819  -1.3211  -1.3307  -1.3393  -1.3474  -1.3496  -1.3508  -1.3523  -1.3556  -1.3586
  -1.2647  -1.2968  -1.3135  -1.3331  -1.3382  -1.3402  -1.3397  -1.3405  -1.3408  -1.3418
  -1.2884  -1.3159  -1.3245  -1.3286  -1.3334  -1.3362  -1.3358  -1.3359  -1.3364  -1.3367
  -1.2877  -1.3397  -1.3566  -1.3643  -1.3682  -1.3651  -1.3698  -1.3745  -1.3832  -1.3867

  -8.9825e-02  -8.8570e-02  -8.0066e-02  -1.0281e-01  -1.3963e-01  -1.8807e-01  -2.3564e-01  -2.6988e-01  -2.9495e-01  -3.2505e-01
   2.0078e-01   2.4227e-01   3.1381e-01   4.1034e-01   4.8030e-01   5.3847e-01   5.7730e-01   6.0562e-01   6.2609e-01   6.4631e-01
  -4.5557e-01  -6.0702e-01  -6.8212e-01  -7.1415e-01  -7.3554e-01  -7.4991e-01  -7.6085e-01  -7.7016e-01  -7.7759e-01  -7.8075e-01
   1.9652e-01   3.3448e-01   4.3005e-01   4.8770e-01   5.3453e-01   5.7418e-01   6.1063e-01   6.3964e-01   6.6070e-01   6.7688e-01
   7.1748e-02   4.3039e-02  -1.9243e-02  -6.5723e-02  -1.0280e-01  -1.4454e-01  -1.8669e-01  -2.1747e-01  -2.3738e-01  -2.6347e-01
  -5.6434e-02  -1.6733e-01  -1.7994e-01  -2.2991e-01  -2.7589e-01  -3.0789e-01  -3.4190e-01  -3.7398e-01  -3.9796e-01  -4.2206e-01
  -7.4200e-02  -7.6443e-02  -7.2545e-02  -4.7901e-02  -5.7934e-02  -8.8638e-02  -1.2008e-01  -1.5576e-01  -2.0230e-01  -2.5685e-01
  -2.8616e-01  -3.9342e-01  -4.7710e-01  -5.4557e-01  -5.9586e-01  -6.3242e-01  -6.6029e-01  -6.7944e-01  -6.9329e-01  -7.0196e-01
   1.9322e-01   3.0954e-01   3.8176e-01   4.3959e-01   4.7320e-01   5.1393e-01   5.5022e-01   5.7478e-01   5.9804e-01   6.1662e-01
  -1.0289e-01  -1.7198e-01  -1.8765e-01  -1.9678e-01  -2.0113e-01  -2.3312e-01  -2.5209e-01  -2.8337e-01  -3.1544e-01  -3.5295e-01
   6.0988e-02   2.8717e-02  -6.7200e-03  -5.7201e-02  -7.1697e-02  -8.6410e-02  -1.1746e-01  -1.6050e-01  -2.1025e-01  -2.6830e-01
   5.0493e-02   1.3431e-01   1.7551e-01   2.0163e-01   2.2819e-01   2.5310e-01   2.8805e-01   3.1518e-01   3.3410e-01   3.5604e-01
  -3.6754e-02  -6.1746e-02  -4.7026e-02  -5.7066e-02  -5.8876e-02  -6.6067e-02  -7.0754e-02  -7.9378e-02  -8.4282e-02  -7.4665e-02
  -1.4143e-01  -1.9020e-01  -2.2704e-01  -2.2756e-01  -2.2146e-01  -1.9713e-01  -1.7532e-01  -1.6891e-01  -1.6262e-01  -1.6420e-01
   2.6363e-01   2.8843e-01   3.2311e-01   3.9957e-01   4.3753e-01   4.7042e-01   5.0337e-01   5.3555e-01   5.6781e-01   5.9386e-01
   6.1133e-02   1.1024e-01   1.7609e-01   2.1774e-01   2.5794e-01   3.0700e-01   3.5058e-01   4.0190e-01   4.4690e-01   4.8512e-01
   1.0879e-01   2.0567e-01   2.9882e-01   3.4561e-01   4.0321e-01   4.4169e-01   4.6732e-01   4.9854e-01   5.1588e-01   5.3901e-01
   1.0879e-01   1.3921e-01   1.8940e-01   2.2321e-01   2.5435e-01   3.0407e-01   3.5905e-01   4.0920e-01   4.5248e-01   4.8581e-01
   2.9033e-01   4.4473e-01   5.3069e-01   5.8579e-01   6.0690e-01   6.3975e-01   6.6452e-01   6.8169e-01   6.9116e-01   6.9842e-01
   3.3712e-03   4.7801e-02   6.3318e-02   4.5851e-02   1.8045e-02   2.2513e-02   2.1677e-02   2.4283e-02   1.9074e-02   2.5199e-02
   3.4574e-02   1.1288e-02  -2.4507e-02  -6.0415e-02  -8.1571e-02  -1.0232e-01  -1.4091e-01  -1.7060e-01  -1.9380e-01  -2.3194e-01
   4.4164e-02  -1.9742e-02  -6.9688e-02  -1.1403e-01  -1.3076e-01  -1.1530e-01  -1.1753e-01  -1.3164e-01  -1.4938e-01  -1.6649e-01
   8.5484e-02   4.7873e-02  -1.6323e-02  -3.9105e-02  -3.0032e-02  -2.1490e-02  -1.4827e-02  -5.2813e-03  -4.5735e-03   5.6710e-03
   5.8186e-02   9.7550e-02   1.4418e-01   1.8368e-01   2.1088e-01   2.5815e-01   2.9390e-01   3.1745e-01   3.4528e-01   3.7252e-01
   1.2486e-01   1.9459e-01   2.5185e-01   3.1487e-01   3.6656e-01   4.1924e-01   4.5963e-01   4.9477e-01   5.2772e-01   5.5466e-01
   1.8960e-02   7.3341e-02   1.5566e-01   2.2837e-01   3.2000e-01   3.9741e-01   4.4996e-01   4.8997e-01   5.2372e-01   5.5171e-01
  -2.3300e-01  -3.7394e-01  -4.3894e-01  -4.7582e-01  -5.0777e-01  -5.4141e-01  -5.7755e-01  -6.0435e-01  -6.2612e-01  -6.4001e-01
  -1.7141e-01  -1.8711e-01  -1.8328e-01  -1.9163e-01  -2.0914e-01  -2.3872e-01  -2.8113e-01  -3.2906e-01  -3.8033e-01  -4.2484e-01
   1.1085e-01   1.4896e-01   1.7558e-01   2.0365e-01   2.4077e-01   2.7031e-01   3.0983e-01   3.3977e-01   3.5882e-01   3.8493e-01
  -5.8943e-02  -1.2095e-01  -1.3208e-01  -1.4017e-01  -1.4056e-01  -1.4187e-01  -1.5524e-01  -1.8274e-01  -2.0947e-01  -2.3255e-01
   6.5984e-02   1.4253e-01   2.3013e-01   3.3942e-01   4.3228e-01   4.8836e-01   5.2785e-01   5.6139e-01   5.8677e-01   6.0088e-01
  -1.2663e-01  -9.8163e-02  -5.8754e-02  -6.9128e-02  -5.5875e-02  -4.4286e-02  -4.9961e-02  -6.0643e-02  -7.2844e-02  -8.5494e-02
  -2.1955e-01  -2.8992e-01  -3.5867e-01  -3.9823e-01  -4.1700e-01  -4.3277e-01  -4.4855e-01  -4.6403e-01  -4.9020e-01  -5.1582e-01
  -9.6330e-02  -1.4265e-01  -1.5197e-01  -1.9986e-01  -2.6086e-01  -3.1216e-01  -3.4996e-01  -3.6800e-01  -3.9234e-01  -4.1408e-01
   2.3736e-02   8.7361e-02   1.3666e-01   1.8999e-01   2.5221e-01   3.2709e-01   3.9465e-01   4.4475e-01   4.8235e-01   5.1498e-01
  -2.8338e-01  -4.5447e-01  -5.2939e-01  -5.7725e-01  -6.0277e-01  -6.2437e-01  -6.4061e-01  -6.5031e-01  -6.6468e-01  -6.7578e-01
   5.1226e-02   1.1142e-01   1.4909e-01   1.7711e-01   2.2669e-01   2.6383e-01   2.8504e-01   2.9391e-01   3.0605e-01   3.2208e-01
   9.4145e-02   1.4578e-01   1.3951e-01   1.5862e-01   1.9984e-01   2.3239e-01   2.7333e-01   3.1227e-01   3.5561e-01   3.9578e-01
   2.4895e-01   3.4132e-01   4.3185e-01   4.8506e-01   5.1940e-01   5.5957e-01   5.8214e-01   6.0738e-01   6.2494e-01   6.4066e-01
   1.3637e-01   2.4511e-01   3.5622e-01   4.3508e-01   4.7268e-01   5.1230e-01   5.4942e-01   5.7993e-01   6.0455e-01   6.2194e-01
   7.1237e-02   1.2000e-01   2.0729e-01   2.3921e-01   3.0023e-01   3.6622e-01   4.0555e-01   4.3714e-01   4.6130e-01   4.8045e-01
  -1.3736e-01  -1.9926e-01  -2.2945e-01  -2.5564e-01  -2.8718e-01  -3.1433e-01  -3.3383e-01  -3.4148e-01  -3.4760e-01  -3.5336e-01
  -3.6591e-02   2.6235e-02   3.5962e-02   2.8658e-02   2.0100e-02   2.0273e-03   1.1024e-02   2.8243e-02   4.0894e-02   4.4336e-02
  -9.1347e-02  -2.1136e-01  -2.5387e-01  -2.8781e-01  -2.9930e-01  -2.9863e-01  -3.3057e-01  -3.5942e-01  -3.9009e-01  -4.1065e-01
  -1.7864e-01  -2.9589e-01  -3.8809e-01  -4.7072e-01  -5.3065e-01  -5.7541e-01  -6.0136e-01  -6.2563e-01  -6.3828e-01  -6.5191e-01
  -7.6188e-02  -3.3087e-02   1.7873e-03   5.7680e-02   1.0294e-01   1.5041e-01   1.9537e-01   2.4868e-01   2.8895e-01   3.1656e-01
   7.8206e-03  -6.4282e-02  -7.7291e-02  -8.6873e-02  -8.7255e-02  -9.4679e-02  -9.6307e-02  -9.1890e-02  -7.7463e-02  -5.7119e-02
  -7.2930e-02  -1.4981e-01  -2.9185e-01  -4.1003e-01  -4.8117e-01  -5.3447e-01  -5.6841e-01  -5.8645e-01  -5.9673e-01  -6.0883e-01
   7.2963e-02   2.3658e-02  -3.6234e-02  -1.5871e-02   2.8693e-02   5.1359e-02   6.5298e-02   8.1524e-02   1.0123e-01   1.2319e-01
  -3.2568e-01  -3.7003e-01  -4.0220e-01  -4.1216e-01  -4.4528e-01  -4.8661e-01  -5.2152e-01  -5.5403e-01  -5.7771e-01  -5.9584e-01
  -7.6246e-03  -3.0752e-02  -1.0518e-02  -4.8385e-03  -7.6111e-03  -2.0464e-02  -3.5030e-02  -6.4420e-02  -9.0740e-02  -1.2320e-01
   6.0897e-02   1.4191e-01   1.7472e-01   2.2831e-01   2.8430e-01   3.3825e-01   3.8281e-01   4.2733e-01   4.6498e-01   4.9260e-01
   4.8496e-03  -1.1463e-02  -2.8754e-02  -5.5392e-02  -7.4452e-02  -6.6799e-02  -6.0832e-02  -5.7325e-02  -5.4250e-02  -5.6807e-02
   1.0754e-02   1.3901e-05   1.2097e-02  -2.1316e-02  -3.1908e-02  -4.8202e-02  -8.4242e-02  -1.0912e-01  -1.2868e-01  -1.5280e-01
   1.9824e-01   3.2190e-01   4.2134e-01   4.8701e-01   5.2880e-01   5.7021e-01   5.9795e-01   6.2030e-01   6.3934e-01   6.4659e-01
  -2.2047e-01  -3.4028e-01  -4.1664e-01  -4.6441e-01  -5.1493e-01  -5.5534e-01  -5.8857e-01  -6.1045e-01  -6.2978e-01  -6.3992e-01
  -2.6686e-01  -2.4034e-01  -2.0967e-01  -2.0875e-01  -2.4631e-01  -2.6520e-01  -2.7261e-01  -2.8122e-01  -2.9595e-01  -3.0715e-01
  -4.5203e-02  -1.1050e-01  -1.9576e-01  -2.9189e-01  -3.7187e-01  -4.2220e-01  -4.4552e-01  -4.5677e-01  -4.7240e-01  -4.8920e-01
  -2.8337e-01  -3.9636e-01  -4.6605e-01  -5.2587e-01  -5.7075e-01  -5.9947e-01  -6.1346e-01  -6.3483e-01  -6.4796e-01  -6.6179e-01
   1.9581e-02   3.2824e-03   1.6276e-02   8.4005e-03  -9.3843e-03  -1.8752e-02  -1.6293e-02  -2.6712e-03   1.2010e-02   2.3055e-02
  -1.4612e-01  -2.8672e-01  -3.7734e-01  -4.5797e-01  -5.0496e-01  -5.3930e-01  -5.7233e-01  -5.8928e-01  -6.0228e-01  -6.1701e-01
  -1.1823e-01  -1.3900e-01  -1.8120e-01  -1.7813e-01  -1.8257e-01  -1.8626e-01  -1.8168e-01  -1.9766e-01  -2.2334e-01  -2.5613e-01
   5.3026e-02   7.2526e-02   6.4155e-02   8.3993e-02   9.7540e-02   9.9308e-02   1.1464e-01   1.3275e-01   1.4636e-01   1.5760e-01
  -2.0968e-02  -5.0765e-02  -2.1794e-02  -4.5568e-02  -8.3607e-02  -1.3103e-01  -1.6311e-01  -1.8456e-01  -2.1153e-01  -2.4462e-01
  -7.1464e-02  -3.7112e-03  -3.7983e-03  -1.4372e-02   1.1225e-02   2.5338e-02   4.8180e-02   7.1969e-02   9.7838e-02   1.2284e-01
   7.7822e-02   8.3806e-02   9.0774e-02   8.5071e-02   7.8264e-02   8.9812e-02   1.1648e-01   1.4281e-01   1.7248e-01   2.0801e-01
   3.2268e-01   4.6513e-01   5.1886e-01   5.5052e-01   5.5253e-01   5.4732e-01   5.6589e-01   5.9358e-01   6.1330e-01   6.2427e-01
  -6.4712e-02  -1.7420e-02  -1.0801e-02  -1.9226e-03   2.8955e-02   5.4016e-02   4.2989e-02   1.2489e-02  -6.0965e-03  -1.2311e-02
  -3.4608e-03   3.9741e-02   2.4710e-02   2.7732e-02   9.4863e-03  -2.0206e-02  -5.1224e-02  -6.6642e-02  -5.8828e-02  -3.2712e-02
   3.1833e-02   2.1789e-02  -1.2681e-02  -6.5905e-02  -1.0243e-01  -1.0284e-01  -1.1486e-01  -1.3471e-01  -1.6703e-01  -1.9223e-01
  -5.3748e-02  -1.2315e-01  -1.9213e-01  -2.7395e-01  -3.2427e-01  -3.8359e-01  -4.3506e-01  -4.7128e-01  -5.0080e-01  -5.2682e-01
  -1.6232e-01  -1.9948e-01  -2.0484e-01  -2.2018e-01  -2.4900e-01  -2.7295e-01  -3.1124e-01  -3.4017e-01  -3.5703e-01  -3.5886e-01
   1.5445e-01   1.9932e-01   2.4300e-01   2.6670e-01   2.9774e-01   3.5726e-01   4.0447e-01   4.4469e-01   4.7454e-01   4.9469e-01
   7.4845e-02   7.2931e-02   8.4827e-02   1.3085e-01   1.5895e-01   1.9167e-01   1.9514e-01   1.7971e-01   1.6528e-01   1.5905e-01
   2.2507e-01   2.7992e-01   2.7646e-01   2.8036e-01   2.6333e-01   2.2727e-01   1.7728e-01   1.4214e-01   1.1488e-01   7.3890e-02
  -1.0100e-01  -1.7654e-01  -1.9464e-01  -2.2674e-01  -2.5820e-01  -2.8087e-01  -2.9912e-01  -3.3083e-01  -3.5947e-01  -3.7853e-01
  -1.5217e-01  -1.7167e-01  -1.2821e-01  -7.3072e-02  -1.7974e-02   4.2122e-02   8.8159e-02   1.2371e-01   1.3872e-01   1.5896e-01
   1.2310e-01   1.2050e-01   2.2387e-01   3.0214e-01   3.8684e-01   4.4997e-01   4.7678e-01   4.8928e-01   4.8898e-01   4.8505e-01
  -1.1392e-01  -1.0567e-01  -1.3821e-01  -1.8804e-01  -2.3903e-01  -3.0279e-01  -3.5718e-01  -3.9988e-01  -4.3186e-01  -4.6366e-01
  -5.1290e-02  -1.2569e-01  -1.5739e-01  -1.6828e-01  -1.9897e-01  -2.3803e-01  -2.7588e-01  -3.1673e-01  -3.5942e-01  -3.9027e-01
  -7.2369e-03  -1.3317e-02  -1.6811e-02   5.0284e-03   4.7269e-03  -1.4070e-02  -2.5464e-02  -6.9484e-02  -1.0891e-01  -1.4422e-01
  -6.9050e-02  -1.5098e-01  -1.9897e-01  -2.2876e-01  -2.4306e-01  -2.8044e-01  -3.2206e-01  -3.7141e-01  -4.1568e-01  -4.4881e-01
   2.2193e-01   3.3490e-01   4.0458e-01   4.7067e-01   5.1571e-01   5.4131e-01   5.5655e-01   5.7977e-01   5.9719e-01   6.1266e-01
  -2.1665e-02  -2.7169e-03   1.6794e-03  -1.1040e-03   4.7017e-03   1.9622e-02   2.6685e-02   3.6885e-02   5.5937e-02   6.5064e-02
  -1.0879e-02   8.2083e-02   8.0209e-02   2.1367e-02  -1.5315e-02  -4.2470e-02  -6.2736e-02  -6.5602e-02  -6.7674e-02  -7.2804e-02
  -7.0525e-02  -1.5089e-01  -1.1216e-01  -8.4514e-02  -4.3221e-02  -2.3337e-02  -4.0651e-02  -8.3714e-02  -1.2962e-01  -1.5417e-01
   2.3507e-02   1.0015e-01   1.6636e-01   1.9583e-01   2.1987e-01   2.6757e-01   3.1616e-01   3.5314e-01   3.8669e-01   4.2020e-01
  -4.0337e-02  -3.4555e-02  -5.3382e-02  -9.9594e-02  -1.3693e-01  -1.7204e-01  -1.7778e-01  -1.9203e-01  -2.1455e-01  -2.3875e-01
  -1.6527e-02  -4.6774e-02  -1.1586e-01  -1.1337e-01  -7.4104e-02  -3.1847e-02   2.9711e-02   8.7788e-02   1.2701e-01   1.5809e-01
   2.6441e-02  -3.5553e-03  -7.0182e-02  -1.5240e-01  -2.1029e-01  -2.5183e-01  -2.7574e-01  -2.9101e-01  -3.0550e-01  -3.1046e-01
  -7.2155e-02  -7.0602e-02  -1.2815e-01  -1.4152e-01  -1.4241e-01  -1.3039e-01  -1.2444e-01  -1.1990e-01  -1.1179e-01  -1.0646e-01
   2.0957e-01   3.5203e-01   4.4017e-01   4.8678e-01   5.1023e-01   5.3381e-01   5.6112e-01   5.5763e-01   5.5832e-01   5.6627e-01
   1.3055e-01   1.8392e-01   2.0866e-01   2.4917e-01   2.6156e-01   2.6168e-01   2.7161e-01   2.6856e-01   2.6742e-01   2.6853e-01
  -1.6249e-01  -8.0112e-02  -4.8109e-02  -3.5728e-02  -2.1453e-02  -1.0234e-02  -4.2933e-03  -2.9936e-03  -9.9565e-03  -2.3586e-02
  -1.0491e-01  -1.6963e-01  -1.8568e-01  -2.0586e-01  -2.2811e-01  -2.2540e-01  -2.5244e-01  -2.8091e-01  -2.9801e-01  -3.1552e-01
  -1.0790e-01  -1.1063e-01  -1.1356e-01  -1.0842e-01  -1.0120e-01  -1.0448e-01  -9.0268e-02  -8.1512e-02  -7.8775e-02  -6.6802e-02
   4.1413e-02   4.2988e-02   1.4907e-02  -1.5326e-02  -4.4754e-02  -5.8716e-02  -5.8428e-02  -5.7227e-02  -4.9908e-02  -6.4855e-02
   7.9871e-02   1.1051e-01   1.2524e-01   1.8401e-01   2.4254e-01   2.4561e-01   2.3529e-01   2.3095e-01   2.4883e-01   2.7009e-01
   2.0339e-01   2.3840e-01   2.9014e-01   2.8812e-01   2.6264e-01   2.5117e-01   2.3830e-01   2.3489e-01   2.2908e-01   2.1983e-01
  -3.6803e-02  -9.0586e-02  -1.3020e-01  -1.6800e-01  -2.2017e-01  -2.5776e-01  -2.9496e-01  -3.3359e-01  -3.7375e-01  -4.0166e-01
   1.9955e-01   2.0597e-01   2.0463e-01   2.2575e-01   2.4088e-01   2.5221e-01   2.5799e-01   2.5719e-01   2.6231e-01   2.7447e-01
  -6.0869e-02   4.7789e-03   1.0664e-02   2.8676e-02   5.6526e-02   4.9962e-02   4.5050e-02   7.4466e-02   9.9653e-02   1.1234e-01
  -2.4207e-01  -2.9241e-01  -2.3524e-01  -2.2591e-01  -2.3953e-01  -2.5476e-01  -2.6098e-01  -2.7314e-01  -2.8285e-01  -2.9130e-01
  -3.1682e-03  -7.8148e-02  -1.5858e-01  -2.1609e-01  -2.2225e-01  -2.3597e-01  -2.7246e-01  -3.2109e-01  -3.5306e-01  -3.8718e-01
  -1.0258e-01  -1.4053e-01  -1.8140e-01  -2.2178e-01  -2.8038e-01  -3.3987e-01  -3.8008e-01  -4.1006e-01  -4.2608e-01  -4.5219e-01
  -6.8035e-02  -5.3508e-02  -5.6802e-02  -3.7068e-02  -2.7367e-02  -4.1767e-02  -5.2440e-02  -7.5298e-02  -1.0283e-01  -1.3423e-01
   1.2842e-01   1.5518e-01   1.7703e-01   1.8210e-01   1.6043e-01   1.2776e-01   9.8118e-02   8.7842e-02   6.4577e-02   4.7274e-02
   2.6212e-02   5.3552e-02   8.3441e-02   7.3790e-02   6.3594e-02   6.4564e-02   8.2614e-02   9.0765e-02   9.7326e-02   9.0698e-02
  -3.1884e-01  -3.6417e-01  -3.8000e-01  -3.8817e-01  -3.7843e-01  -3.7821e-01  -3.9582e-01  -4.2353e-01  -4.5641e-01  -4.7494e-01

   0.0898   0.0886   0.0838   0.1056   0.1418   0.1899   0.2372   0.2713   0.2962   0.3262
   0.2008   0.2423   0.3138   0.4103   0.4803   0.5385   0.5773   0.6056   0.6261   0.6463
   0.4556   0.6070   0.6821   0.7142   0.7355   0.7499   0.7609   0.7702   0.7776   0.7807
   0.1966   0.3345   0.4301   0.4877   0.5346   0.5742   0.6106   0.6397   0.6607   0.6769
   0.0721   0.0650   0.0913   0.1198   0.1460   0.1806   0.2176   0.2445   0.2614   0.2851
   0.0686   0.1734   0.1840   0.2330   0.2783   0.3099   0.3436   0.3755   0.3993   0.4233
   0.0745   0.0766   0.0732   0.0625   0.0697   0.0984   0.1285   0.1631   0.2088   0.2627
   0.2865   0.3936   0.4772   0.5456   0.5959   0.6325   0.6603   0.6795   0.6933   0.7020
   0.1932   0.3095   0.3818   0.4396   0.4732   0.5139   0.5502   0.5748   0.5980   0.6166
   0.1037   0.1724   0.1879   0.1970   0.2013   0.2333   0.2522   0.2835   0.3155   0.3530
   0.0613   0.0567   0.0637   0.0999   0.1059   0.1149   0.1419   0.1819   0.2292   0.2854
   0.0648   0.1415   0.1803   0.2052   0.2310   0.2555   0.2901   0.3170   0.3357   0.3575
   0.0438   0.0653   0.0545   0.0629   0.0635   0.0700   0.0741   0.0823   0.0869   0.0838
   0.1414   0.1902   0.2270   0.2276   0.2215   0.1972   0.1754   0.1690   0.1627   0.1642
   0.2636   0.2884   0.3231   0.3996   0.4375   0.4704   0.5034   0.5356   0.5678   0.5939
   0.0613   0.1103   0.1761   0.2178   0.2580   0.3070   0.3506   0.4019   0.4469   0.4851
   0.1109   0.2067   0.2995   0.3461   0.4036   0.4420   0.4676   0.4988   0.5161   0.5392
   0.1088   0.1392   0.1894   0.2232   0.2544   0.3041   0.3591   0.4092   0.4525   0.4858
   0.2903   0.4447   0.5307   0.5858   0.6069   0.6398   0.6645   0.6817   0.6912   0.6984
   0.0454   0.0688   0.0773   0.0688   0.0737   0.0722   0.0666   0.0640   0.0616   0.0635
   0.0557   0.0428   0.0606   0.0875   0.1032   0.1204   0.1564   0.1841   0.2058   0.2428
   0.0613   0.0725   0.1048   0.1404   0.1518   0.1334   0.1330   0.1452   0.1614   0.1773
   0.0858   0.0675   0.0933   0.0968   0.0848   0.0754   0.0693   0.0683   0.0636   0.0670
   0.0582   0.0976   0.1442   0.1837   0.2109   0.2582   0.2939   0.3175   0.3453   0.3725
   0.1396   0.2020   0.2568   0.3186   0.3695   0.4217   0.4617   0.4966   0.5294   0.5561
   0.0340   0.0809   0.1607   0.2321   0.3230   0.3999   0.4521   0.4918   0.5254   0.5532
   0.2331   0.3740   0.4390   0.4758   0.5078   0.5414   0.5776   0.6044   0.6261   0.6400
   0.1716   0.1872   0.1834   0.1917   0.2092   0.2388   0.2812   0.3291   0.3804   0.4249
   0.1117   0.1494   0.1759   0.2039   0.2409   0.2704   0.3099   0.3399   0.3589   0.3850
   0.0826   0.1328   0.1400   0.1461   0.1453   0.1458   0.1586   0.1857   0.2121   0.2349
   0.0670   0.1431   0.2305   0.3397   0.4325   0.4885   0.5280   0.5615   0.5869   0.6010
   0.1269   0.0983   0.0762   0.0823   0.0793   0.0701   0.0722   0.0801   0.0901   0.1010
   0.2196   0.2899   0.3587   0.3982   0.4170   0.4328   0.4486   0.4640   0.4902   0.5158
   0.0963   0.1426   0.1520   0.1999   0.2609   0.3122   0.3500   0.3680   0.3923   0.4141
   0.0352   0.0931   0.1405   0.1928   0.2545   0.3290   0.3963   0.4462   0.4836   0.5161
   0.2834   0.4545   0.5294   0.5773   0.6028   0.6244   0.6406   0.6503   0.6647   0.6758
   0.0719   0.1218   0.1560   0.1823   0.2308   0.2673   0.2880   0.2965   0.3084   0.3241
   0.0993   0.1484   0.1412   0.1599   0.2009   0.2332   0.2741   0.3129   0.3562   0.3963
   0.2490   0.3413   0.4318   0.4851   0.5194   0.5596   0.5821   0.6074   0.6249   0.6407
   0.1423   0.2481   0.3582   0.4366   0.4739   0.5133   0.5503   0.5807   0.6052   0.6225
   0.0729   0.1213   0.2081   0.2398   0.3007   0.3666   0.4059   0.4375   0.4616   0.4807
   0.1383   0.1997   0.2298   0.2559   0.2874   0.3145   0.3340   0.3416   0.3477   0.3535
   0.0543   0.0717   0.0663   0.0563   0.0542   0.0602   0.0609   0.0719   0.0797   0.0793
   0.1008   0.2161   0.2570   0.2902   0.3012   0.3002   0.3319   0.3606   0.3911   0.4116
   0.1786   0.2959   0.3881   0.4707   0.5307   0.5754   0.6014   0.6256   0.6383   0.6519
   0.0798   0.0610   0.0661   0.1059   0.1415   0.1826   0.2229   0.2728   0.3104   0.3359
   0.0271   0.0823   0.0893   0.0959   0.0945   0.1007   0.1015   0.0966   0.0919   0.0953
   0.0732   0.1500   0.2920   0.4101   0.4812   0.5345   0.5684   0.5865   0.5968   0.6089
   0.0730   0.0579   0.0906   0.0812   0.1063   0.1161   0.1208   0.1300   0.1444   0.1620
   0.3259   0.3701   0.4023   0.4122   0.4453   0.4866   0.5216   0.5541   0.5777   0.5959
   0.0232   0.0397   0.0377   0.0347   0.0357   0.0439   0.0551   0.0820   0.1064   0.1373
   0.0624   0.1427   0.1752   0.2287   0.2846   0.3385   0.3830   0.4275   0.4652   0.4927
   0.0313   0.0336   0.0441   0.0669   0.0837   0.0783   0.0727   0.0689   0.0650   0.0664
   0.0462   0.0313   0.0367   0.0579   0.0612   0.0726   0.1052   0.1274   0.1450   0.1674
   0.1982   0.3219   0.4213   0.4870   0.5288   0.5702   0.5979   0.6203   0.6393   0.6466
   0.2205   0.3403   0.4166   0.4644   0.5149   0.5553   0.5886   0.6105   0.6298   0.6399
   0.2680   0.2409   0.2100   0.2090   0.2465   0.2654   0.2728   0.2814   0.2961   0.3073
   0.0549   0.1153   0.1990   0.2943   0.3738   0.4238   0.4469   0.4580   0.4735   0.4902
   0.2834   0.3964   0.4661   0.5259   0.5708   0.5995   0.6135   0.6348   0.6480   0.6618
   0.0539   0.0438   0.0446   0.0423   0.0499   0.0526   0.0479   0.0535   0.0619   0.0680
   0.1466   0.2869   0.3775   0.4581   0.5050   0.5394   0.5724   0.5893   0.6023   0.6171
   0.1182   0.1390   0.1812   0.1781   0.1826   0.1863   0.1817   0.1977   0.2233   0.2561
   0.0560   0.0740   0.0685   0.0872   0.1001   0.1015   0.1165   0.1344   0.1478   0.1589
   0.0527   0.0696   0.0645   0.0776   0.1092   0.1524   0.1814   0.2006   0.2258   0.2574
   0.0716   0.0735   0.0566   0.0578   0.0690   0.0735   0.0894   0.1081   0.1299   0.1517
   0.0779   0.0838   0.0908   0.0851   0.0798   0.0911   0.1176   0.1438   0.1733   0.2088
   0.3227   0.4651   0.5189   0.5505   0.5525   0.5473   0.5659   0.5936   0.6133   0.6243
   0.0673   0.0512   0.0462   0.0429   0.0649   0.0839   0.0796   0.0948   0.1015   0.0982
   0.0593   0.0713   0.0575   0.0542   0.0561   0.0748   0.0980   0.1076   0.1034   0.1133
   0.0374   0.0486   0.0596   0.1011   0.1306   0.1263   0.1350   0.1523   0.1827   0.2063
   0.0596   0.1261   0.1941   0.2754   0.3254   0.3846   0.4359   0.4720   0.5014   0.5274
   0.1628   0.1997   0.2050   0.2203   0.2491   0.2730   0.3113   0.3402   0.3571   0.3589
   0.1558   0.2000   0.2434   0.2670   0.2980   0.3575   0.4047   0.4449   0.4747   0.4948
   0.0778   0.0744   0.0858   0.1316   0.1595   0.1922   0.1956   0.1812   0.1668   0.1604
   0.2251   0.2799   0.2765   0.2804   0.2633   0.2298   0.2145   0.2006   0.1898   0.2003
   0.1036   0.1779   0.1955   0.2274   0.2587   0.2813   0.2995   0.3312   0.3598   0.3788
   0.1522   0.1717   0.1348   0.1246   0.1402   0.1739   0.2011   0.2225   0.2266   0.2380
   0.1231   0.1205   0.2239   0.3021   0.3868   0.4500   0.4768   0.4893   0.4890   0.4850
   0.1149   0.1062   0.1386   0.1883   0.2392   0.3030   0.3573   0.4000   0.4320   0.4638
   0.0857   0.1429   0.1689   0.1769   0.2059   0.2438   0.2808   0.3210   0.3632   0.3937
   0.0204   0.0301   0.0306   0.0449   0.0413   0.0529   0.0601   0.0998   0.1358   0.1685
   0.0737   0.1533   0.2005   0.2299   0.2440   0.2812   0.3227   0.3720   0.4162   0.4493
   0.2251   0.3365   0.4056   0.4715   0.5163   0.5418   0.5570   0.5802   0.5975   0.6130
   0.0334   0.0330   0.0309   0.0329   0.0336   0.0437   0.0474   0.0550   0.0720   0.0795
   0.0356   0.1053   0.1009   0.1145   0.1240   0.1330   0.1404   0.1335   0.1280   0.1271
   0.0904   0.1608   0.1197   0.0998   0.1043   0.0997   0.1072   0.1419   0.1814   0.2007
   0.0484   0.1126   0.1747   0.2021   0.2249   0.2717   0.3197   0.3562   0.3895   0.4227
   0.0491   0.0408   0.0575   0.1027   0.1394   0.1741   0.1796   0.1936   0.2159   0.2400
   0.0333   0.0552   0.1215   0.1179   0.1110   0.1224   0.1619   0.2035   0.2298   0.2506
   0.0453   0.0611   0.1085   0.1812   0.2333   0.2710   0.2922   0.3054   0.3183   0.3220
   0.0805   0.0748   0.1309   0.1436   0.1441   0.1318   0.1256   0.1209   0.1127   0.1073
   0.2096   0.3520   0.4402   0.4868   0.5102   0.5338   0.5611   0.5576   0.5583   0.5663
   0.1306   0.1839   0.2087   0.2492   0.2616   0.2617   0.2716   0.2686   0.2674   0.2685
   0.1625   0.0950   0.0757   0.0627   0.0583   0.0568   0.0538   0.0524   0.0542   0.0634
   0.1103   0.1723   0.1875   0.2072   0.2292   0.2263   0.2532   0.2816   0.2986   0.3161
   0.1080   0.1107   0.1136   0.1084   0.1013   0.1045   0.0966   0.0910   0.0874   0.0843
   0.0419   0.0447   0.0470   0.0618   0.0819   0.0897   0.0850   0.0811   0.0759   0.0883
   0.0858   0.1135   0.1272   0.1855   0.2437   0.2466   0.2361   0.2317   0.2495   0.2707
   0.2034   0.2384   0.2901   0.2881   0.2626   0.2512   0.2383   0.2349   0.2291   0.2198
   0.0441   0.0942   0.1326   0.1698   0.2216   0.2590   0.2960   0.3345   0.3746   0.4024
   0.1996   0.2060   0.2046   0.2257   0.2409   0.2522   0.2580   0.2572   0.2623   0.2745
   0.0611   0.0688   0.0563   0.0630   0.0840   0.0779   0.0721   0.0981   0.1207   0.1312
   0.2430   0.2929   0.2355   0.2261   0.2397   0.2549   0.2611   0.2733   0.2829   0.2914
   0.0641   0.1086   0.1789   0.2313   0.2344   0.2461   0.2812   0.3287   0.3598   0.3933
   0.1028   0.1406   0.1815   0.2218   0.2804   0.3399   0.3801   0.4101   0.4261   0.4522
   0.0683   0.0717   0.0690   0.0598   0.0558   0.0654   0.0727   0.0931   0.1186   0.1484
   0.1284   0.1552   0.1770   0.1821   0.1606   0.1401   0.1323   0.1192   0.1195   0.1188
   0.0385   0.0597   0.0878   0.0805   0.0747   0.0852   0.1003   0.1062   0.1111   0.1061
   0.3188   0.3642   0.3800   0.3882   0.3784   0.3782   0.3958   0.4235   0.4564   0.4749

   24.9625   15.4287   11.9064   10.2714    8.7312    7.9267    7.6861    7.3550    6.9388    6.7105
   28.2124   16.8812   12.3309   11.7273   11.4149   11.5469   10.8228   10.1218    9.3484    9.0680
   26.8270   22.1902   18.8094   15.2329   12.9856   11.3464   10.1882    9.2856    8.5380    7.7699
   20.9826   19.7360   16.7514   15.2338   13.2790   12.0964   11.6523   11.2275   10.4688    9.7905
   21.3108   13.4706   11.0757    8.9396    7.6570    6.8905    6.4954    6.2234    5.7053    5.4661
   26.6702   18.2481   13.0143   10.7670    9.0863    8.0872    7.4002    6.9595    6.4547    6.0701
   20.5043   13.3812   10.5094    8.2097    6.9272    6.6098    6.1555    5.7047    5.9032    6.2772
   24.0094   16.1824   13.9701   11.9204   10.9363   10.1297    9.6224    8.9017    8.2374    7.5673
   23.4881   15.4836   12.8868   11.9874   10.3802    9.6220    9.0658    8.5695    8.0006    7.6011
   21.0859   14.4716   10.9579    8.4290    7.1742    7.0411    6.5271    6.1657    5.8988    5.9914
   21.9358   14.2799   11.4337    9.3237    8.0247    7.1237    6.4742    6.1061    6.0778    6.8897
   19.3209   17.5225   13.8636   10.6095    9.0887    7.8741    6.9994    6.3397    5.8601    5.6076
   22.5741   16.4899   12.0665    9.5906    7.9643    6.9264    6.3470    5.8926    5.4895    5.0556
   23.5157   14.6282   10.9864    8.8643    7.3372    6.4587    6.2625    5.7074    5.1775    4.8584
   21.1680   12.6137   10.0495    9.4641    8.2203    7.3564    7.1394    7.0169    7.6275    7.7029
   24.2148   15.0653   11.3739    9.6586    8.2833    7.5428    7.0467    7.0633    7.1635    7.5575
   21.5911   13.7808   11.8600   10.2279    9.6713    8.8489    8.1472    8.1554    7.4871    7.4236
   25.0340   16.2803   12.4784   10.1363    8.4225    7.6371    7.1975    7.1264    7.2826    7.1574
   24.7048   18.6055   16.0037   14.3060   12.4081   11.6783   10.7732    9.8796    9.0097    8.2595
   22.2024   13.8119   11.1600    9.7579    8.0680    7.1796    6.4989    5.8541    5.4367    5.0202
   19.7770   13.6545   11.5367    9.4970    8.1146    7.0282    6.7964    6.4449    5.8871    5.7413
   24.3476   15.5040   11.5789    9.1180    7.8290    6.9346    6.4780    5.8403    5.3173    4.9268
   19.6150   12.7626   10.5555    9.1616    8.2352    7.9743    7.2090    6.5751    5.9892    5.5178
   21.6667   13.7537   10.7837    8.7258    7.4276    6.8011    6.3590    5.8125    5.6635    5.4910
   18.5942   11.3534    8.2176    8.3322    7.8497    7.5481    7.4327    7.5629    7.7282    7.7550
   21.4812   12.8995    9.9845    9.0016    9.7426   10.5238   10.4608   10.2589   10.1034    9.8526
   23.1369   18.3088   13.7549   10.9988    9.3801    8.7955    8.4479    8.1559    7.7769    7.2500
   23.0718   13.9122   10.1056    8.2811    7.3083    6.5404    6.3309    6.3451    7.3089    8.2174
   23.0955   14.9803   11.3507    9.0488    7.5232    6.9070    6.4848    6.1681    5.5925    5.2735
   21.0630   13.6942   10.6262    8.9344    7.7337    6.9995    6.4987    6.3543    5.8896    5.7864
   22.1282   14.4147   12.0344   11.4755   12.1969   11.5999   10.7036   10.4284    9.9316    9.1316
   19.7857   12.1967    9.9146    7.7801    6.5570    5.8806    5.1797    4.7337    4.5579    4.3496
   22.4457   14.5674   12.7535   10.9223    9.4979    8.3198    7.3735    6.5616    6.1694    5.9592
   18.0804   11.4533    9.6044    8.4533    9.0371    8.8266    8.4621    7.6047    7.2319    7.1069
   22.6079   14.7227   10.5886    8.4027    7.5171    8.2404    9.5016    9.9772    9.9620    9.9428
   21.7382   17.5327   14.0504   12.5169   10.6373    9.3543    8.4464    7.5448    7.0073    6.5728
   18.4162   13.1056   10.1029    8.5397    7.7317    6.9636    6.2658    5.7197    5.3618    5.0654
   20.8768   14.4082   10.5455    8.3437    7.3970    6.4775    6.2214    5.9912    6.2570    6.5566
   22.6384   15.4948   12.2554    9.9502    8.5457    8.1268    7.2026    7.0284    6.8544    6.5438
   20.8366   14.9207   13.3765   12.1527   10.7506    9.8001    9.5204    9.2977    9.1003    8.6014
   16.1414   12.8585   10.8739    8.8954    8.0615    8.8598    8.2981    7.7269    7.3592    6.8331
   18.3201   13.4612   10.2341    8.5011    7.4798    7.0093    6.5158    5.8074    5.4201    4.9864
   16.2867    9.7131    8.0542    7.7965    7.0623    6.3783    5.8005    5.1839    4.8984    4.7071
   20.3344   15.8934   12.1783   10.2379    8.4708    7.2639    6.4539    5.9572    5.7197    5.4896
   18.4230   14.4238   12.5971   13.0919   12.7243   12.7919   11.6772   10.9836   10.0397    9.4364
   21.2043   12.4005    9.0130    7.2468    5.9277    5.6333    5.3166    5.9727    6.2711    6.0732
   20.0323   11.2885    8.7790    7.4208    6.2356    5.6346    5.0928    4.5993    4.1674    4.0128
   19.1164   10.8358   11.9791   14.1135   13.1827   12.9660   11.8308   10.6432    9.5852    8.8034
   23.4941   13.0843   11.2209    8.9028    7.4368    6.6221    5.8685    5.2442    4.9899    4.7175
   23.1946   15.3584   11.4234    9.2621    7.7193    7.3040    7.0900    7.2287    6.9155    6.5855
   20.7353   12.5456   10.0496    7.9640    6.6586    5.7034    5.0870    4.7143    4.2954    3.9691
   19.1878   13.5851   10.0004    8.1299    7.6622    8.2062    7.8299    8.0747    8.0281    7.6940
   19.0212   14.8573   11.3829    9.4161    8.0808    7.0999    6.3118    5.7031    5.2475    4.7968
   19.3791   12.3110    9.5340    7.7443    6.9192    6.2013    6.0090    5.4375    4.9517    4.6069
   16.1471   13.0412   12.6189   12.3809   10.8196   10.6982   10.0697    9.5622    9.3953    8.6155
   23.0951   14.7868   11.8516   10.3155    9.6576    9.2378    9.0342    8.3367    8.0100    7.3884
   18.7828   10.6723    8.1511    6.8018    6.4400    5.8590    5.2213    4.7384    4.3608    4.0884
   18.6486   12.3227    9.4122    9.0244    8.7768    8.3192    7.3657    6.6647    6.2664    6.0173
   20.7595   12.4614    9.8936    8.9008    8.6764    7.7678    6.8371    6.8993    6.4307    6.2678
   16.4328   10.2010    8.0782    7.2810    6.4660    6.1361    5.5106    4.9564    4.4575    4.1121
   21.1508   14.1859   11.6540   10.5895    9.4608    8.8981    8.7076    7.8822    7.3414    6.8415
   20.2585   12.7974   10.6342    9.4760    7.9964    7.0492    6.2716    5.5777    5.0458    4.8554
   19.6584   13.1731    9.2977    8.6531    7.4099    6.3253    5.5438    5.0113    4.5562    4.1915
   19.6140   11.5041    8.1337    6.6760    5.8203    5.3157    5.0014    4.5508    4.6231    4.2817
   20.0962   12.4122    9.1820    7.5010    6.4681    5.5862    4.9200    4.4630    4.1828    3.8971
   18.8341   12.0082    8.7588    7.5829    6.5052    5.6991    5.2528    4.7171    4.4397    4.3471
   22.8225   18.6430   14.9329   11.9382    9.8512    8.4545    7.7538    8.1682    8.0038    7.4306
   18.0242   10.6593    8.1178    6.6459    5.8415    5.0893    4.5832    4.1794    3.8719    3.6284
   19.9077   12.2876    9.1169    7.7964    6.6087    5.7862    5.1476    4.6984    4.2935    4.0564
   16.9357    9.6784    7.2165    6.1469    5.3011    4.8097    4.6702    4.5779    4.6472    4.3639
   17.8579   11.4294    9.4942    8.7294    7.5447    7.5085    8.1173    7.9927    7.7407    7.9306
   22.4471   12.2817    8.4966    6.7838    5.6154    4.9060    4.7855    4.7955    4.6562    4.2543
   18.7056   12.2215    8.9362    7.3536    6.5306    6.7159    6.6117    6.8913    6.5996    6.2547
   17.6324   12.2397   10.1755    8.3416    6.8510    5.8412    5.1711    4.7010    4.3301    4.1394
   18.4718   10.6729    7.9431    7.3634    6.4879    5.6650    5.0746    4.5848    4.2241    3.9995
   15.9747   10.6442    9.1310    8.0331    7.5575    6.7939    5.9972    5.6812    5.5325    5.1653
   15.7525   10.5428    7.8257    6.4647    5.5719    5.1403    4.7171    4.4482    4.1488    3.8260
   17.0657   10.9343    8.7183    7.8453    9.1329    9.9348    9.0023    8.0546    7.3100    6.6960
   18.9383   11.4844    8.2103    6.9328    6.4317    6.8185    7.1778    7.1936    6.9404    7.2461
   17.9728   10.0948    7.1022    5.4921    4.8323    4.6791    4.6774    4.9328    5.1447    5.2388
   17.4144   10.0684    7.0837    5.8372    5.7075    5.6158    5.3431    5.0397    4.8602    4.7268
   18.6555   11.2444    8.7606    7.2952    6.1394    5.5408    5.4433    6.0043    6.7033    6.7763
   18.4145   12.5795   10.0743    9.8295    9.1035    7.8784    6.9627    6.7553    6.4756    6.2082
   17.3401   10.6132    8.7656    7.0681    5.7933    5.0891    4.5411    4.0531    3.7625    3.5426
   17.5223   11.4013    8.5579    7.0702    6.0358    5.2722    4.6902    4.2745    3.9810    3.7619
   19.7248   12.5199    8.8786    7.1442    5.9502    5.1193    4.4966    4.3499    4.3424    4.0401
   14.6329   10.3384    8.8492    7.3068    6.4214    5.8788    5.8783    5.7261    5.6258    5.7651
   14.9298    9.9746    7.5981    6.1400    5.3499    5.0617    4.5905    4.2597    3.9705    3.8768
   17.4001    9.5400    7.6048    6.1343    5.2791    4.6060    4.3315    4.0624    3.9644    3.7059
   17.3925   10.2209    7.3715    6.5377    5.7493    5.3300    5.1119    4.6443    4.4396    4.1353
   15.9929   10.6582    8.5089    7.2872    6.4855    5.7255    5.1487    4.6719    4.2446    3.9158
   18.1164   12.3375   10.6095    8.8502    7.4821    6.7416    6.5966    5.9216    5.4351    5.0188
   17.8384   10.9664    8.3339    7.3224    6.0230    5.2349    4.6517    4.2173    3.9318    3.7176
   16.5529    9.2901    6.7749    5.8761    5.0214    4.5301    4.0028    3.8002    3.5763    3.2815
   16.5959   11.0352    7.7666    6.4314    5.6792    4.9325    4.5600    4.3738    4.0190    3.7234
   15.0147   10.2963    7.4700    5.7883    5.2669    4.5760    4.0766    3.8082    3.6517    3.4244
   17.2537   11.5642    8.2103    6.5380    6.2853    5.7020    5.1856    4.8853    4.5170    4.2103
   17.2733    9.9345    7.2605    5.9431    6.1119    5.2960    4.8887    4.5379    4.1527    3.8713
   16.8615   11.4390    9.3847    7.6770    6.5280    5.7446    5.0657    4.5479    4.2347    3.9195
   16.0295   10.4207    7.4256    5.9698    5.6602    5.7220    5.7274    5.6257    6.1532    6.0741
   17.1039   10.4413    7.6174    6.7152    5.8870    5.0655    4.8825    4.4013    4.0390    3.8606
   14.0984    9.2975    7.2169    5.8913    5.5497    4.8270    4.2899    3.9645    3.7611    3.5331
   19.3190   13.1610    9.3181    7.2680    6.1041    5.4741    4.9214    4.4494    4.1621    3.8825
   14.8103    8.3577    6.4760    5.8608    4.9221    4.2864    4.0627    4.4722    4.4329    4.8246
   15.4278    8.5969    6.6865    5.5868    5.3329    5.1846    4.9877    4.9416    4.5953    4.7605
   15.1623    9.9571    7.1112    5.8330    5.0938    4.4621    4.0204    3.8789    3.6590    3.4919
   15.3409    9.5223    7.3648    7.2776    6.1045    5.2218    4.6623    4.2042    3.8647    3.5392
   16.1093    9.8142    7.2346    5.8080    5.1550    4.5467    4.0565    3.7809    3.4717    3.2213
   16.3571   11.8336    8.9972    7.2146    5.9953    5.2861    4.8885    4.6230    4.9768    4.7268

   2.5691e+00   2.7116e+00   6.7892e+00   9.9322e+00   2.6233e+01   5.7459e+01   8.9588e+01   1.0276e+02   1.0654e+02   1.2076e+02
   1.9920e+01   1.6420e+01   5.0109e+01   1.2133e+02   1.5587e+02   1.7996e+02   1.8107e+02   1.7515e+02   1.6575e+02   1.6017e+02
   7.5579e+01   1.1042e+02   1.0716e+02   8.9852e+01   7.7555e+01   6.7854e+01   6.0490e+01   5.4785e+01   5.0065e+01   4.5412e+01
   4.4128e+01   8.4789e+01   1.1124e+02   1.1331e+02   1.1661e+02   1.2101e+02   1.2745e+02   1.2893e+02   1.2513e+02   1.1963e+02
   3.4189e+00   1.0796e+01   3.1497e+01   4.4583e+01   5.2217e+01   7.1183e+01   9.2896e+01   1.0172e+02   1.0031e+02   1.0852e+02
   2.3930e+01   4.9088e+01   3.4696e+01   4.8983e+01   6.4522e+01   6.9004e+01   7.9882e+01   9.1502e+01   9.5145e+01   1.0121e+02
   5.5022e+00   3.4093e+00   5.2826e+00   9.8092e+00   1.1164e+01   2.3547e+01   3.8454e+01   6.0220e+01   1.0735e+02   1.7557e+02
   5.5594e+01   6.4970e+01   8.7470e+01   1.0716e+02   1.1584e+02   1.1632e+02   1.1357e+02   1.0710e+02   9.9953e+01   9.2063e+01
   2.7380e+01   5.9244e+01   7.0765e+01   8.3759e+01   8.0736e+01   9.3176e+01   1.0324e+02   1.0343e+02   1.0478e+02   1.0357e+02
   1.6657e+01   2.3353e+01   1.7660e+01   1.4513e+01   1.2669e+01   2.6021e+01   2.9304e+01   4.6361e+01   6.6093e+01   9.7198e+01
   3.3296e+00   1.0308e+01   1.6401e+01   3.5990e+01   3.1484e+01   3.0156e+01   4.4446e+01   7.7510e+01   1.2911e+02   2.0590e+02
   1.2901e+01   2.8354e+01   3.0857e+01   3.0155e+01   3.2938e+01   3.7144e+01   5.4750e+01   6.3514e+01   6.5719e+01   7.1940e+01
   5.3379e+00   6.8547e+00   6.9885e+00   7.5113e+00   7.3653e+00   7.5397e+00   7.2142e+00   8.0982e+00   8.5456e+00   1.1473e+01
   3.8827e+00   1.1127e+01   1.6150e+01   1.2650e+01   1.1270e+01   1.9533e+01   2.5380e+01   2.3423e+01   2.2260e+01   2.0310e+01
   1.9153e+01   1.3294e+01   2.2116e+01   6.9510e+01   7.3238e+01   7.7212e+01   8.5487e+01   9.6312e+01   1.1009e+02   1.1704e+02
   2.5255e+00   1.5213e+01   3.6525e+01   4.3556e+01   5.4509e+01   8.2221e+01   1.0461e+02   1.4668e+02   1.7791e+02   1.9872e+02
   1.7194e+01   4.0229e+01   8.1941e+01   8.2452e+01   1.0622e+02   1.1066e+02   1.0685e+02   1.1366e+02   1.0830e+02   1.1222e+02
   5.9914e+00   7.3374e+00   2.0854e+01   2.7618e+01   3.4443e+01   6.7235e+01   1.1098e+02   1.4890e+02   1.7636e+02   1.8822e+02
   3.8144e+01   9.3524e+01   1.0706e+02   1.0739e+02   9.2522e+01   9.3208e+01   9.0842e+01   8.5639e+01   7.8723e+01   7.2465e+01
   9.1063e+00   1.1961e+01   1.0343e+01   1.2353e+01   1.9684e+01   1.8110e+01   1.6048e+01   1.4478e+01   1.4094e+01   1.3930e+01
   7.2043e+00   6.9563e+00   1.3662e+01   2.1885e+01   2.3322e+01   2.6535e+01   4.9226e+01   6.1275e+01   6.8013e+01   9.9651e+01
   1.3580e+01   1.9787e+01   3.0499e+01   4.0966e+01   3.8210e+01   3.5771e+01   3.2100e+01   3.2551e+01   3.6673e+01   4.0966e+01
   4.2234e+00   1.1271e+01   3.2253e+01   2.9238e+01   2.5822e+01   2.2940e+01   2.0822e+01   2.0329e+01   1.8374e+01   2.0009e+01
   2.0514e+00   7.4083e+00   3.3292e+01   3.9106e+01   4.1226e+01   6.9002e+01   8.1671e+01   8.3635e+01   9.2829e+01   1.0324e+02
   4.0461e+01   3.8628e+01   4.7224e+01   7.1639e+01   8.9947e+01   1.1561e+02   1.2796e+02   1.3770e+02   1.4797e+02   1.5236e+02
   4.3055e+00   1.2706e+01   5.1910e+01   8.9002e+01   1.7129e+02   2.3044e+02   2.4614e+02   2.4823e+02   2.4739e+02   2.4327e+02
   3.2902e+01   7.7188e+01   7.6426e+01   7.0416e+01   6.8472e+01   7.4196e+01   8.6634e+01   9.0617e+01   9.1735e+01   8.7962e+01
   1.9586e+01   1.3360e+01   9.9835e+00   9.4693e+00   1.1385e+01   2.2948e+01   5.3228e+01   9.3887e+01   1.4496e+02   1.8247e+02
   6.4875e+00   8.9806e+00   1.0748e+01   1.6708e+01   2.9637e+01   3.9063e+01   6.0917e+01   7.1882e+01   7.2555e+01   8.5019e+01
   1.5146e+01   1.9717e+01   1.8300e+01   1.5378e+01   1.2567e+01   1.1000e+01   1.4280e+01   2.8142e+01   4.2812e+01   5.2922e+01
   3.4322e+00   2.4887e+01   7.2215e+01   1.6260e+02   2.3054e+02   2.3827e+02   2.3170e+02   2.2591e+02   2.1608e+02   1.9984e+02
   2.7704e+00   4.7118e+00   1.3319e+01   1.2248e+01   1.4970e+01   1.4804e+01   1.3720e+01   1.4561e+01   1.6673e+01   1.9462e+01
   2.1462e+01   2.9048e+01   4.8136e+01   5.0067e+01   4.4484e+01   4.1094e+01   4.0522e+01   4.0954e+01   5.2640e+01   6.4687e+01
   6.5018e+00   1.3438e+01   1.1361e+01   3.0484e+01   6.7999e+01   9.5115e+01   1.0741e+02   1.0094e+02   1.0444e+02   1.0662e+02
   3.9109e+00   1.8862e+01   2.7764e+01   4.6796e+01   8.6107e+01   1.5444e+02   2.1202e+02   2.3670e+02   2.4357e+02   2.4712e+02
   3.7804e+01   1.0952e+02   1.0645e+02   1.0046e+02   8.8298e+01   8.0640e+01   7.3997e+01   6.7074e+01   6.4490e+01   6.1439e+01
   1.1248e+01   1.7811e+01   2.2634e+01   2.4753e+01   5.0627e+01   6.2743e+01   6.2487e+01   5.6497e+01   5.3817e+01   5.5579e+01
   1.0326e+01   1.5104e+01   1.2122e+01   1.3511e+01   3.1466e+01   4.2305e+01   6.6431e+01   8.9131e+01   1.2324e+02   1.5337e+02
   1.5140e+01   3.7946e+01   7.5817e+01   8.1758e+01   7.9830e+01   9.0634e+01   8.6879e+01   8.9060e+01   8.6467e+01   8.4379e+01
   2.2818e+01   6.0135e+01   1.1327e+02   1.3977e+02   1.2891e+02   1.3090e+02   1.3628e+02   1.3841e+02   1.3725e+02   1.3161e+02
   4.1634e+00   2.4556e+01   6.1174e+01   5.5056e+01   9.0117e+01   1.3854e+02   1.4605e+02   1.4832e+02   1.4577e+02   1.4117e+02
   8.7790e+00   1.9777e+01   1.9520e+01   2.1225e+01   2.9700e+01   3.5665e+01   3.7427e+01   3.4429e+01   3.1799e+01   3.0080e+01
   6.9286e+00   1.7344e+01   1.2684e+01   1.0691e+01   1.0776e+01   1.4654e+01   1.4182e+01   1.8781e+01   2.0666e+01   1.9521e+01
   2.5022e+01   5.7859e+01   5.0688e+01   4.8355e+01   4.0850e+01   3.5186e+01   4.9547e+01   6.0705e+01   7.6184e+01   8.0240e+01
   1.0899e+01   5.5649e+01   8.8126e+01   1.2801e+02   1.4419e+02   1.4936e+02   1.3994e+02   1.3447e+02   1.2385e+02   1.1650e+02
   7.9059e+00   1.2678e+01   1.7886e+01   4.1541e+01   5.7415e+01   8.0715e+01   1.0558e+02   1.5033e+02   1.7141e+02   1.7427e+02
   3.2276e+00   2.4517e+01   2.0492e+01   1.8114e+01   1.4810e+01   1.3367e+01   1.1792e+01   1.1430e+01   1.5755e+01   2.5353e+01
   4.3181e+00   2.3637e+01   1.4087e+02   2.2859e+02   2.4166e+02   2.4265e+02   2.2821e+02   2.0653e+02   1.8618e+02   1.7164e+02
   4.2450e+00   1.3142e+01   3.5281e+01   3.2456e+01   4.9248e+01   5.0158e+01   4.6771e+01   4.6458e+01   5.0647e+01   5.8428e+01
   3.3436e+01   2.3890e+01   2.2989e+01   2.2496e+01   3.1714e+01   5.2177e+01   6.6181e+01   7.9853e+01   8.4231e+01   8.4549e+01
   2.0993e+00   5.0953e+00   6.4257e+00   5.6664e+00   6.0048e+00   7.8041e+00   1.1183e+01   2.8885e+01   4.2180e+01   6.5638e+01
   4.5060e+00   2.4293e+01   2.2963e+01   4.7047e+01   7.4057e+01   1.0420e+02   1.2391e+02   1.4932e+02   1.6557e+02   1.6918e+02
   4.2570e+00   4.2173e+00   6.1440e+00   1.1667e+01   1.3987e+01   1.3995e+01   1.3287e+01   1.2484e+01   1.1593e+01   1.0948e+01
   8.0940e+00   4.8354e+00   5.5116e+00   1.5222e+01   1.3784e+01   1.6053e+01   3.6919e+01   4.5435e+01   4.9527e+01   6.1125e+01
   2.7351e+01   6.2275e+01   9.9936e+01   1.1294e+02   1.1133e+02   1.1808e+02   1.1498e+02   1.1093e+02   1.0712e+02   9.7854e+01
   2.7787e+01   5.6714e+01   7.2247e+01   7.4388e+01   8.9911e+01   9.9308e+01   1.0429e+02   1.0100e+02   9.8494e+01   9.1527e+01
   3.1197e+01   2.5674e+01   2.5222e+01   2.0607e+01   3.4072e+01   3.4201e+01   3.0504e+01   2.8596e+01   3.0728e+01   3.1496e+01
   7.5453e+00   2.6330e+01   6.2297e+01   1.2843e+02   1.7678e+02   1.8441e+02   1.6763e+02   1.4959e+02   1.3903e+02   1.3253e+02
   4.1520e+01   6.0010e+01   6.8435e+01   8.2824e+01   9.0801e+01   8.8071e+01   7.9805e+01   7.9189e+01   7.4654e+01   7.2232e+01
   9.0623e+00   7.3690e+00   7.0734e+00   7.0334e+00   9.6199e+00   9.9468e+00   8.8709e+00   1.1992e+01   1.5888e+01   1.7700e+01
   2.6208e+01   7.5600e+01   1.0173e+02   1.3258e+02   1.3183e+02   1.2800e+02   1.2867e+02   1.1910e+02   1.1024e+02   1.0500e+02
   5.7904e+00   6.3505e+00   1.5668e+01   1.2509e+01   1.1137e+01   9.8344e+00   9.2603e+00   1.4755e+01   2.9134e+01   5.4141e+01
   4.9513e+00   5.4107e+00   7.1756e+00   9.7668e+00   1.0442e+01   9.4915e+00   1.2945e+01   1.8173e+01   2.1595e+01   2.3267e+01
   1.0525e+01   1.3037e+01   1.6216e+01   1.8323e+01   3.4297e+01   6.1529e+01   7.1288e+01   7.2493e+01   8.2726e+01   1.0327e+02
   2.6432e+00   1.9092e+01   1.3556e+01   1.3076e+01   1.9593e+01   1.9456e+01   2.5802e+01   3.4136e+01   4.6513e+01   5.8719e+01
   3.0966e+00   4.4690e+00   4.9015e+00   4.8233e+00   5.6622e+00   8.5286e+00   2.0340e+01   3.2689e+01   4.9699e+01   7.7659e+01
   7.3281e+01   9.9923e+01   8.3712e+01   7.2490e+01   6.0960e+01   5.1772e+01   5.1608e+01   6.0684e+01   6.3251e+01   6.0331e+01
   4.3427e+00   9.6060e+00   8.3059e+00   7.5250e+00   2.0544e+01   2.7155e+01   2.7249e+01   4.2826e+01   4.6529e+01   4.3279e+01
   1.3772e+01   1.5285e+01   1.2632e+01   1.0384e+01   1.2529e+01   2.3490e+01   3.8040e+01   3.9806e+01   3.8729e+01   5.2718e+01
   2.6862e+00   8.8260e+00   1.3770e+01   3.7491e+01   4.6438e+01   3.9449e+01   3.7339e+01   4.1987e+01   6.1762e+01   7.2134e+01
   6.3120e+00   1.8066e+01   4.1839e+01   9.1098e+01   1.0258e+02   1.3723e+02   1.6320e+02   1.6984e+02   1.7108e+02   1.7158e+02
   1.7323e+01   1.4819e+01   1.1547e+01   1.3800e+01   2.0720e+01   2.6150e+01   4.8215e+01   5.9159e+01   5.9282e+01   5.3878e+01
   1.9751e+01   1.6717e+01   2.3335e+01   2.4402e+01   3.2326e+01   7.9016e+01   1.0662e+02   1.2636e+02   1.3291e+02   1.3029e+02
   8.3850e+00   5.7077e+00   7.7274e+00   2.4845e+01   2.9186e+01   4.0150e+01   3.4999e+01   3.7311e+01   3.8197e+01   3.5895e+01
   3.3278e+01   2.7435e+01   1.9852e+01   1.5666e+01   1.6274e+01   3.4042e+01   7.2208e+01   8.8225e+01   9.6517e+01   1.3012e+02
   2.1391e+01   2.9134e+01   2.2252e+01   2.6088e+01   3.2789e+01   3.5323e+01   3.7459e+01   5.3157e+01   6.6713e+01   6.9751e+01
   7.4619e+00   5.9670e+00   1.9132e+01   4.2866e+01   7.2449e+01   1.1265e+02   1.3348e+02   1.4268e+02   1.3326e+02   1.3165e+02
   3.7344e+00   7.0141e+00   6.8481e+01   1.0458e+02   1.6670e+02   1.9599e+02   1.8142e+02   1.6249e+02   1.4520e+02   1.3142e+02
   7.8809e+00   6.9794e+00   1.1989e+01   3.4010e+01   6.0074e+01   1.0836e+02   1.4405e+02   1.6261e+02   1.6791e+02   1.7752e+02
   1.7905e+01   3.1648e+01   2.7979e+01   2.2637e+01   3.0988e+01   4.8065e+01   6.6358e+01   9.2496e+01   1.2389e+02   1.3616e+02
   1.9656e+00   4.6948e+00   4.2150e+00   1.0344e+01   8.9368e+00   1.4449e+01   1.7178e+01   5.4921e+01   8.4519e+01   1.0813e+02
   9.1052e+00   2.8221e+01   3.3304e+01   3.3795e+01   3.0712e+01   4.6378e+01   7.1581e+01   1.1206e+02   1.4437e+02   1.5820e+02
   4.3155e+01   6.1192e+01   7.0696e+01   9.1365e+01   9.7592e+01   9.0955e+01   8.2565e+01   8.3110e+01   8.0996e+01   7.9155e+01
   3.4784e+00   4.7549e+00   4.1333e+00   4.6499e+00   4.6825e+00   7.5901e+00   7.8423e+00   9.1349e+00   1.7046e+01   1.8987e+01
   5.6777e+00   3.4322e+01   2.8813e+01   5.3563e+01   5.8707e+01   5.9887e+01   5.8575e+01   5.1979e+01   4.6576e+01   4.3094e+01
   1.9686e+01   3.1210e+01   3.0316e+01   3.0749e+01   4.5151e+01   4.4033e+01   4.7649e+01   7.9453e+01   1.1897e+02   1.2321e+02
   8.1193e+00   2.6092e+01   4.3709e+01   4.1350e+01   4.1967e+01   6.8342e+01   9.9009e+01   1.1459e+02   1.2793e+02   1.4393e+02
   5.4995e+00   3.7161e+00   5.1723e+00   2.5058e+01   3.6139e+01   4.8214e+01   4.2288e+01   4.1522e+01   4.9041e+01   5.9249e+01
   3.1764e+00   6.8008e+00   3.3780e+01   2.7813e+01   4.0617e+01   6.0508e+01   1.1796e+02   1.7036e+02   1.8772e+02   1.9483e+02
   6.5531e+00   1.7399e+01   4.1700e+01   8.9461e+01   1.1031e+02   1.1676e+02   1.1042e+02   1.0159e+02   9.5342e+01   8.6751e+01
   5.8588e+00   4.3577e+00   2.3522e+01   2.0023e+01   1.6789e+01   1.6368e+01   1.5260e+01   1.3989e+01   1.4123e+01   1.3861e+01
   2.9415e+01   7.4989e+01   9.5979e+01   9.1775e+01   8.0441e+01   7.5308e+01   7.7831e+01   7.0113e+01   6.2947e+01   5.8356e+01
   1.7089e+01   1.7853e+01   1.7636e+01   2.8078e+01   2.4944e+01   2.1275e+01   2.1040e+01   1.9649e+01   1.9012e+01   1.8403e+01
   1.0737e+01   2.6385e+01   2.4965e+01   2.0666e+01   1.9318e+01   1.8462e+01   1.6688e+01   1.5474e+01   1.5609e+01   1.8894e+01
   2.9832e+01   2.7976e+01   2.1198e+01   1.9833e+01   2.1712e+01   1.9158e+01   2.9938e+01   4.3196e+01   4.5178e+01   4.8572e+01
   6.3764e+00   5.8871e+00   5.2758e+00   5.6331e+00   5.5427e+00   5.1374e+00   9.1534e+00   1.0655e+01   9.9704e+00   1.3496e+01
   2.1296e+00   3.0191e+00   8.0912e+00   1.4763e+01   2.2029e+01   2.1569e+01   1.9130e+01   1.7353e+01   1.7089e+01   2.2536e+01
   1.2236e+01   1.0272e+01   8.3678e+00   4.0734e+01   7.1589e+01   6.1987e+01   5.5458e+01   4.9547e+01   5.2393e+01   5.8798e+01
   1.5591e+01   1.2690e+01   2.5893e+01   2.4053e+01   2.7773e+01   2.6213e+01   2.6478e+01   2.3778e+01   2.3024e+01   2.3106e+01
   3.4449e+00   1.2125e+01   2.1027e+01   3.0993e+01   5.7106e+01   6.8047e+01   8.7779e+01   1.0647e+02   1.3136e+02   1.3816e+02
   9.0041e+00   1.4323e+01   1.2211e+01   1.4480e+01   1.5986e+01   1.5371e+01   1.4113e+01   1.2614e+01   1.2127e+01   1.4969e+01
   2.0300e+00   1.8505e+01   1.3414e+01   1.3637e+01   2.0239e+01   1.9306e+01   1.7825e+01   3.6536e+01   4.8109e+01   4.8561e+01
   2.7417e+01   2.2611e+01   4.0394e+01   3.6407e+01   3.2098e+01   3.0211e+01   2.6853e+01   2.6816e+01   2.6776e+01   2.6792e+01
   1.5292e+01   2.8080e+01   5.9247e+01   7.3579e+01   6.0014e+01   5.4242e+01   7.2683e+01   1.1059e+02   1.2190e+02   1.3938e+02
   3.5929e+00   7.3889e+00   1.5528e+01   2.6865e+01   6.3787e+01   1.0406e+02   1.1677e+02   1.2058e+02   1.1403e+02   1.2083e+02
   2.9071e+00   1.1616e+01   8.8376e+00   1.0556e+01   1.0838e+01   1.2275e+01   1.2768e+01   2.3591e+01   3.8996e+01   6.0455e+01
   8.6521e+00   7.3682e+00   8.3667e+00   8.3424e+00   1.2809e+01   2.5991e+01   3.8227e+01   3.5810e+01   4.4428e+01   5.0019e+01
   4.2422e+00   6.1347e+00   1.3763e+01   1.3490e+01   1.3632e+01   1.9034e+01   2.2559e+01   2.1363e+01   2.0230e+01   2.0633e+01
   4.0880e+01   2.6610e+01   2.0307e+01   1.7328e+01   1.5384e+01   1.3373e+01   1.8973e+01   3.2590e+01   5.3568e+01   5.7190e+01

   2.1299e+05   3.9588e+05   5.7336e+05   7.4158e+05   9.1294e+05   1.0767e+06   1.2319e+06   1.3867e+06   1.5452e+06   1.6984e+06
   2.0473e+05   3.8072e+05   5.5274e+05   7.0308e+05   8.4553e+05   9.7983e+05   1.1187e+06   1.2578e+06   1.3989e+06   1.5306e+06
   2.0065e+05   3.4789e+05   4.8214e+05   6.2337e+05   7.6047e+05   8.9721e+05   1.0322e+06   1.1643e+06   1.2960e+06   1.4384e+06
   2.2006e+05   3.8280e+05   5.3673e+05   6.8176e+05   8.2900e+05   9.7042e+05   1.1041e+06   1.2329e+06   1.3676e+06   1.5023e+06
   2.1421e+05   4.0198e+05   5.7456e+05   7.5047e+05   9.2243e+05   1.0919e+06   1.2555e+06   1.4168e+06   1.5858e+06   1.7465e+06
   2.1157e+05   3.8206e+05   5.5698e+05   7.2275e+05   8.8924e+05   1.0534e+06   1.2125e+06   1.3694e+06   1.5298e+06   1.6867e+06
   2.1454e+05   3.9778e+05   5.7187e+05   7.6666e+05   9.5466e+05   1.1239e+06   1.2940e+06   1.4661e+06   1.6224e+06   1.7714e+06
   2.0571e+05   3.7465e+05   5.2766e+05   6.7834e+05   8.2126e+05   9.6117e+05   1.0966e+06   1.2362e+06   1.3794e+06   1.5253e+06
   2.1376e+05   3.9423e+05   5.6120e+05   7.1572e+05   8.7512e+05   1.0266e+06   1.1755e+06   1.3276e+06   1.4771e+06   1.6234e+06
   2.1859e+05   4.0046e+05   5.7988e+05   7.6677e+05   9.4592e+05   1.1106e+06   1.2793e+06   1.4436e+06   1.6067e+06   1.7611e+06
   2.1492e+05   3.9804e+05   5.7026e+05   7.4458e+05   9.1636e+05   1.0882e+06   1.2542e+06   1.4181e+06   1.5737e+06   1.7138e+06
   2.2477e+05   3.9662e+05   5.6697e+05   7.5158e+05   9.2457e+05   1.1003e+06   1.2731e+06   1.4478e+06   1.6176e+06   1.7810e+06
   2.1565e+05   3.8951e+05   5.6496e+05   7.4256e+05   9.3429e+05   1.1119e+06   1.2822e+06   1.4530e+06   1.6239e+06   1.7983e+06
   2.1129e+05   3.9061e+05   5.6484e+05   7.4070e+05   9.1994e+05   1.0918e+06   1.2527e+06   1.4225e+06   1.6010e+06   1.7710e+06
   2.1000e+05   3.9358e+05   5.6618e+05   7.2528e+05   8.9205e+05   1.0532e+06   1.2055e+06   1.3552e+06   1.4892e+06   1.6257e+06
   2.1126e+05   3.9271e+05   5.6796e+05   7.3621e+05   9.0617e+05   1.0700e+06   1.2297e+06   1.3823e+06   1.5274e+06   1.6641e+06
   2.2046e+05   4.0924e+05   5.8257e+05   7.5256e+05   9.1277e+05   1.0746e+06   1.2370e+06   1.3846e+06   1.5466e+06   1.6950e+06
   2.1585e+05   3.9499e+05   5.6876e+05   7.4276e+05   9.1805e+05   1.0842e+06   1.2456e+06   1.3975e+06   1.5432e+06   1.6913e+06
   2.1791e+05   3.8935e+05   5.4744e+05   6.9800e+05   8.5145e+05   9.9385e+05   1.1378e+06   1.2826e+06   1.4354e+06   1.5868e+06
   2.1718e+05   4.0524e+05   5.8087e+05   7.5181e+05   9.3327e+05   1.1077e+06   1.2795e+06   1.4521e+06   1.6222e+06   1.7948e+06
   2.2444e+05   4.1365e+05   5.9025e+05   7.6933e+05   9.4751e+05   1.1267e+06   1.2924e+06   1.4576e+06   1.6334e+06   1.7957e+06
   2.1702e+05   4.0025e+05   5.7960e+05   7.6044e+05   9.3675e+05   1.1124e+06   1.2824e+06   1.4589e+06   1.6363e+06   1.8096e+06
   2.2418e+05   4.1695e+05   5.9952e+05   7.7774e+05   9.5088e+05   1.1143e+06   1.2857e+06   1.4587e+06   1.6392e+06   1.8141e+06
   2.1944e+05   4.0794e+05   5.8696e+05   7.6836e+05   9.4670e+05   1.1175e+06   1.2859e+06   1.4587e+06   1.6205e+06   1.7821e+06
   2.1884e+05   4.1204e+05   6.0493e+05   7.7691e+05   9.4800e+05   1.1141e+06   1.2743e+06   1.4275e+06   1.5768e+06   1.7247e+06
   2.2461e+05   4.2272e+05   6.1418e+05   7.9436e+05   9.5730e+05   1.1102e+06   1.2637e+06   1.4160e+06   1.5649e+06   1.7119e+06
   2.1663e+05   3.8385e+05   5.5278e+05   7.2380e+05   8.8897e+05   1.0444e+06   1.1935e+06   1.3402e+06   1.4873e+06   1.6420e+06
   2.1925e+05   4.1150e+05   6.0382e+05   7.8940e+05   9.6919e+05   1.1469e+06   1.3200e+06   1.4841e+06   1.6294e+06   1.7699e+06
   2.1576e+05   3.9692e+05   5.7546e+05   7.5898e+05   9.4170e+05   1.1119e+06   1.2791e+06   1.4452e+06   1.6262e+06   1.7997e+06
   2.2828e+05   4.2370e+05   6.1391e+05   8.0077e+05   9.8575e+05   1.1664e+06   1.3434e+06   1.5136e+06   1.6927e+06   1.8607e+06
   2.2551e+05   4.1623e+05   5.9468e+05   7.6108e+05   9.0941e+05   1.0624e+06   1.2167e+06   1.3628e+06   1.5108e+06   1.6689e+06
   2.2295e+05   4.1808e+05   6.0132e+05   7.9350e+05   9.8029e+05   1.1634e+06   1.3547e+06   1.5382e+06   1.7166e+06   1.8945e+06
   2.1899e+05   4.0651e+05   5.7570e+05   7.4336e+05   9.1077e+05   1.0783e+06   1.2497e+06   1.4254e+06   1.5890e+06   1.7479e+06
   2.3136e+05   4.3463e+05   6.2497e+05   8.0992e+05   9.7569e+05   1.1424e+06   1.3131e+06   1.4923e+06   1.6618e+06   1.8235e+06
   2.2559e+05   4.1574e+05   6.1057e+05   8.0783e+05   9.9278e+05   1.1558e+06   1.3053e+06   1.4554e+06   1.6070e+06   1.7541e+06
   2.1981e+05   3.9182e+05   5.5807e+05   7.1414e+05   8.7579e+05   1.0353e+06   1.1957e+06   1.3607e+06   1.5154e+06   1.6711e+06
   2.3185e+05   4.2818e+05   6.2001e+05   8.0596e+05   9.8649e+05   1.1685e+06   1.3506e+06   1.5338e+06   1.7120e+06   1.8899e+06
   2.2766e+05   4.1856e+05   6.1034e+05   8.0154e+05   9.8392e+05   1.1702e+06   1.3453e+06   1.5195e+06   1.6819e+06   1.8384e+06
   2.1650e+05   3.9450e+05   5.6761e+05   7.4012e+05   9.1006e+05   1.0697e+06   1.2366e+06   1.3899e+06   1.5408e+06   1.6938e+06
   2.2959e+05   4.2062e+05   5.9523e+05   7.6218e+05   9.2924e+05   1.0941e+06   1.2482e+06   1.4003e+06   1.5499e+06   1.7060e+06
   2.3641e+05   4.3256e+05   6.1860e+05   8.0795e+05   9.8958e+05   1.1503e+06   1.3224e+06   1.4935e+06   1.6604e+06   1.8323e+06
   2.2698e+05   4.1704e+05   6.0533e+05   7.9086e+05   9.7192e+05   1.1452e+06   1.3193e+06   1.5060e+06   1.6824e+06   1.8647e+06
   2.3257e+05   4.4451e+05   6.4195e+05   8.2790e+05   1.0147e+06   1.2015e+06   1.3927e+06   1.5893e+06   1.7729e+06   1.9539e+06
   2.3004e+05   4.1420e+05   5.9802e+05   7.7568e+05   9.6184e+05   1.1594e+06   1.3448e+06   1.5234e+06   1.6982e+06   1.8700e+06
   2.3781e+05   4.3400e+05   6.1634e+05   7.8103e+05   9.4120e+05   1.0913e+06   1.2518e+06   1.4059e+06   1.5706e+06   1.7266e+06
   2.2453e+05   4.2613e+05   6.2863e+05   8.3438e+05   1.0410e+06   1.2300e+06   1.4203e+06   1.5908e+06   1.7599e+06   1.9353e+06
   2.2582e+05   4.3505e+05   6.3245e+05   8.2501e+05   1.0230e+06   1.2164e+06   1.4088e+06   1.6057e+06   1.8048e+06   1.9913e+06
   2.3075e+05   4.4160e+05   6.2056e+05   7.7697e+05   9.3902e+05   1.0914e+06   1.2524e+06   1.4209e+06   1.5939e+06   1.7611e+06
   2.1860e+05   4.1903e+05   5.9785e+05   7.8642e+05   9.7751e+05   1.1649e+06   1.3574e+06   1.5472e+06   1.7255e+06   1.9036e+06
   2.1918e+05   4.0442e+05   5.8781e+05   7.7044e+05   9.5324e+05   1.1226e+06   1.2857e+06   1.4422e+06   1.6023e+06   1.7640e+06
   2.2494e+05   4.2260e+05   6.0953e+05   8.0247e+05   9.9390e+05   1.1861e+06   1.3767e+06   1.5615e+06   1.7525e+06   1.9405e+06
   2.3465e+05   4.2988e+05   6.2817e+05   8.2214e+05   1.0033e+06   1.1692e+06   1.3416e+06   1.5032e+06   1.6633e+06   1.8298e+06
   2.2773e+05   4.1446e+05   6.0181e+05   7.8442e+05   9.6486e+05   1.1459e+06   1.3276e+06   1.5134e+06   1.6968e+06   1.8849e+06
   2.3096e+05   4.3516e+05   6.3115e+05   8.2970e+05   1.0188e+06   1.2086e+06   1.3896e+06   1.5802e+06   1.7795e+06   1.9747e+06
   2.3797e+05   4.3599e+05   6.1261e+05   7.7966e+05   9.5516e+05   1.1142e+06   1.2760e+06   1.4338e+06   1.5852e+06   1.7562e+06
   2.2631e+05   4.1884e+05   6.0022e+05   7.7508e+05   9.4180e+05   1.1059e+06   1.2616e+06   1.4237e+06   1.5795e+06   1.7442e+06
   2.2603e+05   4.3153e+05   6.2745e+05   8.1993e+05   1.0040e+06   1.1920e+06   1.3815e+06   1.5728e+06   1.7637e+06   1.9593e+06
   2.3529e+05   4.3962e+05   6.3879e+05   8.2098e+05   9.9658e+05   1.1737e+06   1.3600e+06   1.5473e+06   1.7285e+06   1.9028e+06
   2.1691e+05   4.0915e+05   5.9027e+05   7.6100e+05   9.2366e+05   1.0932e+06   1.2713e+06   1.4262e+06   1.5918e+06   1.7477e+06
   2.3750e+05   4.4982e+05   6.5364e+05   8.4899e+05   1.0440e+06   1.2310e+06   1.4260e+06   1.6236e+06   1.8251e+06   2.0215e+06
   2.3191e+05   4.2796e+05   6.1445e+05   7.8975e+05   9.6632e+05   1.1363e+06   1.2979e+06   1.4726e+06   1.6422e+06   1.8118e+06
   2.3144e+05   4.3391e+05   6.2245e+05   8.0351e+05   9.9214e+05   1.1858e+06   1.3859e+06   1.5854e+06   1.7873e+06   1.9716e+06
   2.3707e+05   4.3962e+05   6.4839e+05   8.3729e+05   1.0323e+06   1.2385e+06   1.4399e+06   1.6386e+06   1.8422e+06   2.0488e+06
   2.3079e+05   4.3844e+05   6.4794e+05   8.5242e+05   1.0537e+06   1.2501e+06   1.4428e+06   1.6405e+06   1.8232e+06   2.0179e+06
   2.3222e+05   4.3594e+05   6.3795e+05   8.3557e+05   1.0337e+06   1.2337e+06   1.4347e+06   1.6317e+06   1.8250e+06   2.0293e+06
   2.3481e+05   4.4139e+05   6.4597e+05   8.4081e+05   1.0389e+06   1.2381e+06   1.4304e+06   1.6307e+06   1.8226e+06   2.0074e+06
   2.3278e+05   4.1432e+05   5.9056e+05   7.7170e+05   9.6499e+05   1.1629e+06   1.3416e+06   1.5008e+06   1.6638e+06   1.8388e+06
   2.3158e+05   4.3909e+05   6.4249e+05   8.4166e+05   1.0424e+06   1.2473e+06   1.4590e+06   1.6644e+06   1.8757e+06   2.0912e+06
   2.3168e+05   4.3651e+05   6.3895e+05   8.3272e+05   1.0289e+06   1.2277e+06   1.4257e+06   1.6316e+06   1.8350e+06   2.0292e+06
   2.3865e+05   4.5984e+05   6.7716e+05   8.8630e+05   1.0960e+06   1.3027e+06   1.5009e+06   1.6971e+06   1.8875e+06   2.0873e+06
   2.4175e+05   4.5614e+05   6.5649e+05   8.4875e+05   1.0451e+06   1.2279e+06   1.3967e+06   1.5716e+06   1.7438e+06   1.9064e+06
   2.2366e+05   4.3074e+05   6.4282e+05   8.4542e+05   1.0505e+06   1.2531e+06   1.4425e+06   1.6272e+06   1.8132e+06   2.0116e+06
   2.3610e+05   4.4089e+05   6.4764e+05   8.4830e+05   1.0451e+06   1.2253e+06   1.4061e+06   1.5789e+06   1.7561e+06   1.9358e+06
   2.4218e+05   4.5011e+05   6.4972e+05   8.5074e+05   1.0615e+06   1.2702e+06   1.4808e+06   1.6888e+06   1.8919e+06   2.0876e+06
   2.3780e+05   4.5467e+05   6.7298e+05   8.7445e+05   1.0751e+06   1.2814e+06   1.4878e+06   1.6937e+06   1.9029e+06   2.1020e+06
   2.4225e+05   4.5435e+05   6.5396e+05   8.4862e+05   1.0399e+06   1.2330e+06   1.4316e+06   1.6195e+06   1.8057e+06   1.9988e+06
   2.4225e+05   4.5442e+05   6.6633e+05   8.7368e+05   1.0821e+06   1.2832e+06   1.4842e+06   1.6826e+06   1.8856e+06   2.0928e+06
   2.4287e+05   4.5791e+05   6.6413e+05   8.6036e+05   1.0335e+06   1.1995e+06   1.3837e+06   1.5727e+06   1.7628e+06   1.9573e+06
   2.4146e+05   4.5908e+05   6.7783e+05   8.8927e+05   1.0938e+06   1.2817e+06   1.4635e+06   1.6456e+06   1.8291e+06   2.0006e+06
   2.3096e+05   4.4509e+05   6.6172e+05   8.8046e+05   1.0870e+06   1.2859e+06   1.4806e+06   1.6680e+06   1.8505e+06   2.0322e+06
   2.4350e+05   4.6674e+05   6.9963e+05   9.1985e+05   1.1253e+06   1.3281e+06   1.5317e+06   1.7356e+06   1.9343e+06   2.1310e+06
   2.3882e+05   4.5429e+05   6.6195e+05   8.6643e+05   1.0728e+06   1.2725e+06   1.4656e+06   1.6435e+06   1.8125e+06   1.9865e+06
   2.3668e+05   4.4129e+05   6.3877e+05   8.1924e+05   1.0006e+06   1.1903e+06   1.3825e+06   1.5571e+06   1.7330e+06   1.9077e+06
   2.4273e+05   4.6041e+05   6.6458e+05   8.7248e+05   1.0859e+06   1.2934e+06   1.5089e+06   1.7269e+06   1.9361e+06   2.1490e+06
   2.4493e+05   4.6124e+05   6.7478e+05   8.8525e+05   1.0963e+06   1.3120e+06   1.5361e+06   1.7491e+06   1.9602e+06   2.1682e+06
   2.3675e+05   4.4652e+05   6.6167e+05   8.7779e+05   1.0914e+06   1.3145e+06   1.5344e+06   1.7364e+06   1.9359e+06   2.1445e+06
   2.4782e+05   4.6251e+05   6.6833e+05   8.7790e+05   1.0818e+06   1.2822e+06   1.4713e+06   1.6626e+06   1.8487e+06   2.0280e+06
   2.4138e+05   4.5407e+05   6.6424e+05   8.7746e+05   1.0828e+06   1.2820e+06   1.4849e+06   1.6848e+06   1.8901e+06   2.0852e+06
   2.3869e+05   4.6560e+05   6.8082e+05   8.9803e+05   1.1103e+06   1.3274e+06   1.5362e+06   1.7425e+06   1.9465e+06   2.1606e+06
   2.4243e+05   4.6332e+05   6.8347e+05   8.9179e+05   1.1001e+06   1.3025e+06   1.5010e+06   1.7071e+06   1.9039e+06   2.1070e+06
   2.5440e+05   4.7868e+05   6.9483e+05   9.0643e+05   1.1160e+06   1.3275e+06   1.5395e+06   1.7527e+06   1.9730e+06   2.1921e+06
   2.3980e+05   4.4494e+05   6.3624e+05   8.2959e+05   1.0253e+06   1.2132e+06   1.3929e+06   1.5979e+06   1.7902e+06   1.9859e+06
   2.4305e+05   4.5805e+05   6.7042e+05   8.7374e+05   1.0919e+06   1.3041e+06   1.5169e+06   1.7315e+06   1.9437e+06   2.1579e+06
   2.3774e+05   4.5836e+05   6.7779e+05   8.8758e+05   1.0982e+06   1.3059e+06   1.5197e+06   1.7450e+06   1.9535e+06   2.1696e+06
   2.4545e+05   4.6270e+05   6.9014e+05   9.0515e+05   1.1175e+06   1.3352e+06   1.5441e+06   1.7517e+06   1.9678e+06   2.1822e+06
   2.5054e+05   4.7184e+05   6.9377e+05   9.2315e+05   1.1370e+06   1.3584e+06   1.5771e+06   1.7909e+06   2.0010e+06   2.2185e+06
   2.5262e+05   4.7428e+05   7.0526e+05   9.3034e+05   1.1400e+06   1.3532e+06   1.5679e+06   1.7763e+06   1.9906e+06   2.2019e+06
   2.3735e+05   4.5905e+05   6.7859e+05   8.9595e+05   1.0935e+06   1.3106e+06   1.5167e+06   1.7219e+06   1.9361e+06   2.1459e+06
   2.4455e+05   4.5724e+05   6.6152e+05   8.7166e+05   1.0993e+06   1.3300e+06   1.5564e+06   1.7800e+06   1.9937e+06   2.2151e+06
   2.4808e+05   4.6953e+05   6.9901e+05   9.2556e+05   1.1357e+06   1.3376e+06   1.5395e+06   1.7384e+06   1.9227e+06   2.1153e+06
   2.4501e+05   4.6432e+05   6.8296e+05   8.8893e+05   1.0968e+06   1.3132e+06   1.5173e+06   1.7401e+06   1.9533e+06   2.1579e+06
   2.5090e+05   4.7329e+05   6.9182e+05   9.1090e+05   1.1188e+06   1.3458e+06   1.5709e+06   1.7899e+06   2.0029e+06   2.2291e+06
   2.3876e+05   4.4132e+05   6.5528e+05   8.6764e+05   1.0858e+06   1.2893e+06   1.5091e+06   1.7192e+06   1.9247e+06   2.1351e+06
   2.4672e+05   4.7510e+05   6.9594e+05   9.0643e+05   1.1273e+06   1.3465e+06   1.5603e+06   1.7553e+06   1.9552e+06   2.1432e+06
   2.4420e+05   4.7283e+05   6.9090e+05   9.0583e+05   1.1112e+06   1.3112e+06   1.5109e+06   1.7050e+06   1.9127e+06   2.1032e+06
   2.4855e+05   4.6857e+05   6.9183e+05   9.0910e+05   1.1214e+06   1.3407e+06   1.5609e+06   1.7786e+06   1.9905e+06   2.2011e+06
   2.5444e+05   4.8536e+05   7.0991e+05   9.1813e+05   1.1390e+06   1.3617e+06   1.5899e+06   1.8152e+06   2.0400e+06   2.2622e+06
   2.4542e+05   4.7174e+05   6.9782e+05   9.2418e+05   1.1466e+06   1.3699e+06   1.5985e+06   1.8270e+06   2.0536e+06   2.2800e+06
   2.4555e+05   4.5327e+05   6.6234e+05   8.7182e+05   1.0831e+06   1.3068e+06   1.5122e+06   1.7145e+06   1.9009e+06   2.0986e+06

