   2.0000
   2.0500
   2.1000
   2.1500
   2.2000
   2.2500
   2.3000

  -1.2764e+04  -6.3238e+03  -4.1836e+03  -3.1142e+03  -2.4820e+03  -2.0537e+03  -1.7464e+03  -1.5217e+03  -1.3475e+03  -1.2035e+03  -1.0877e+03  -9.9002e+02  -9.0589e+02  -8.3809e+02  -7.8125e+02  -7.3437e+02  -6.9365e+02  -6.5522e+02  -6.1631e+02  -5.8286e+02  -5.5392e+02  -5.2841e+02  -5.0195e+02  -4.8266e+02  -4.6534e+02  -4.4466e+02  -4.2555e+02  -4.0950e+02  -3.9389e+02  -3.7976e+02  -3.6597e+02  -3.5314e+02  -3.4378e+02  -3.3434e+02  -3.2416e+02  -3.1241e+02  -3.0463e+02  -2.9655e+02  -2.8801e+02  -2.8121e+02  -2.7400e+02  -2.6676e+02  -2.6271e+02  -2.5616e+02  -2.4962e+02  -2.4399e+02  -2.3957e+02  -2.3451e+02  -2.2970e+02  -2.2519e+02  -2.1978e+02  -2.1632e+02  -2.1134e+02  -2.0684e+02  -2.0249e+02  -1.9868e+02  -1.9592e+02  -1.9305e+02  -1.9056e+02  -1.8764e+02  -1.8494e+02  -1.8148e+02  -1.7839e+02  -1.7539e+02  -1.7163e+02  -1.6891e+02  -1.6693e+02  -1.6474e+02  -1.6245e+02  -1.6073e+02  -1.5861e+02  -1.5550e+02  -1.5273e+02  -1.5037e+02  -1.4876e+02  -1.4828e+02  -1.4667e+02  -1.4453e+02  -1.4178e+02  -1.4034e+02  -1.3861e+02  -1.3723e+02  -1.3503e+02  -1.3379e+02  -1.3331e+02  -1.3224e+02  -1.3046e+02  -1.2890e+02  -1.2774e+02  -1.2709e+02  -1.2540e+02  -1.2443e+02  -1.2374e+02  -1.2228e+02  -1.2113e+02  -1.2025e+02  -1.1891e+02  -1.1715e+02  -1.1563e+02  -1.1479e+02
  -1.2735e+04  -6.2895e+03  -4.1362e+03  -3.0715e+03  -2.4365e+03  -2.0309e+03  -1.7364e+03  -1.5119e+03  -1.3335e+03  -1.1871e+03  -1.0698e+03  -9.8450e+02  -9.0565e+02  -8.3353e+02  -7.7275e+02  -7.2658e+02  -6.8103e+02  -6.3802e+02  -6.0324e+02  -5.7292e+02  -5.4246e+02  -5.1438e+02  -4.8865e+02  -4.6594e+02  -4.4401e+02  -4.2582e+02  -4.0991e+02  -3.9552e+02  -3.8236e+02  -3.7014e+02  -3.5770e+02  -3.4696e+02  -3.3675e+02  -3.2742e+02  -3.1858e+02  -3.1035e+02  -3.0104e+02  -2.9367e+02  -2.8769e+02  -2.7995e+02  -2.7314e+02  -2.6570e+02  -2.5889e+02  -2.5255e+02  -2.4596e+02  -2.4011e+02  -2.3350e+02  -2.2796e+02  -2.2382e+02  -2.1885e+02  -2.1554e+02  -2.1163e+02  -2.0754e+02  -2.0403e+02  -1.9961e+02  -1.9488e+02  -1.9168e+02  -1.8780e+02  -1.8379e+02  -1.8076e+02  -1.7828e+02  -1.7583e+02  -1.7286e+02  -1.7000e+02  -1.6849e+02  -1.6703e+02  -1.6498e+02  -1.6308e+02  -1.6067e+02  -1.5814e+02  -1.5535e+02  -1.5325e+02  -1.5246e+02  -1.5116e+02  -1.4890e+02  -1.4610e+02  -1.4383e+02  -1.4209e+02  -1.4095e+02  -1.3948e+02  -1.3738e+02  -1.3529e+02  -1.3429e+02  -1.3238e+02  -1.3038e+02  -1.2866e+02  -1.2778e+02  -1.2753e+02  -1.2689e+02  -1.2479e+02  -1.2349e+02  -1.2153e+02  -1.2020e+02  -1.1833e+02  -1.1581e+02  -1.1489e+02  -1.1432e+02  -1.1339e+02  -1.1179e+02  -1.1065e+02
  -1.2701e+04  -6.2768e+03  -4.1338e+03  -3.0703e+03  -2.4333e+03  -1.9932e+03  -1.7034e+03  -1.4785e+03  -1.3077e+03  -1.1664e+03  -1.0489e+03  -9.5992e+02  -8.8450e+02  -8.2195e+02  -7.6145e+02  -7.1092e+02  -6.6557e+02  -6.2905e+02  -5.9437e+02  -5.6295e+02  -5.3860e+02  -5.1375e+02  -4.9273e+02  -4.7030e+02  -4.4898e+02  -4.3209e+02  -4.1650e+02  -4.0001e+02  -3.8472e+02  -3.7025e+02  -3.5904e+02  -3.4657e+02  -3.3790e+02  -3.2828e+02  -3.1822e+02  -3.0984e+02  -3.0047e+02  -2.9311e+02  -2.8382e+02  -2.7474e+02  -2.6805e+02  -2.6146e+02  -2.5473e+02  -2.4901e+02  -2.4315e+02  -2.3910e+02  -2.3414e+02  -2.2905e+02  -2.2453e+02  -2.2082e+02  -2.1587e+02  -2.1078e+02  -2.0678e+02  -2.0326e+02  -1.9846e+02  -1.9354e+02  -1.8977e+02  -1.8603e+02  -1.8172e+02  -1.7819e+02  -1.7485e+02  -1.7220e+02  -1.6955e+02  -1.6609e+02  -1.6354e+02  -1.6198e+02  -1.6070e+02  -1.5900e+02  -1.5705e+02  -1.5467e+02  -1.5193e+02  -1.4989e+02  -1.4789e+02  -1.4560e+02  -1.4300e+02  -1.4135e+02  -1.4013e+02  -1.3890e+02  -1.3732e+02  -1.3516e+02  -1.3263e+02  -1.3097e+02  -1.2897e+02  -1.2791e+02  -1.2611e+02  -1.2394e+02  -1.2263e+02  -1.2166e+02  -1.2033e+02  -1.1855e+02  -1.1722e+02  -1.1589e+02  -1.1486e+02  -1.1361e+02  -1.1170e+02  -1.1016e+02  -1.0980e+02  -1.0840e+02  -1.0730e+02  -1.0609e+02
  -1.2739e+04  -6.2847e+03  -4.1056e+03  -3.0456e+03  -2.4164e+03  -1.9947e+03  -1.6926e+03  -1.4761e+03  -1.3052e+03  -1.1691e+03  -1.0582e+03  -9.6906e+02  -8.8888e+02  -8.1705e+02  -7.5564e+02  -7.0680e+02  -6.6962e+02  -6.3184e+02  -5.9584e+02  -5.6636e+02  -5.3474e+02  -5.1031e+02  -4.9155e+02  -4.6964e+02  -4.5082e+02  -4.3012e+02  -4.1242e+02  -3.9728e+02  -3.8314e+02  -3.6946e+02  -3.5526e+02  -3.4145e+02  -3.2865e+02  -3.1804e+02  -3.0805e+02  -2.9952e+02  -2.9007e+02  -2.8231e+02  -2.7638e+02  -2.7012e+02  -2.6261e+02  -2.5593e+02  -2.5055e+02  -2.4528e+02  -2.4086e+02  -2.3714e+02  -2.3275e+02  -2.2712e+02  -2.2219e+02  -2.1820e+02  -2.1327e+02  -2.0913e+02  -2.0606e+02  -2.0248e+02  -1.9735e+02  -1.9291e+02  -1.8942e+02  -1.8685e+02  -1.8270e+02  -1.7796e+02  -1.7407e+02  -1.7156e+02  -1.6813e+02  -1.6584e+02  -1.6350e+02  -1.6056e+02  -1.5739e+02  -1.5489e+02  -1.5402e+02  -1.5172e+02  -1.4936e+02  -1.4670e+02  -1.4564e+02  -1.4318e+02  -1.4148e+02  -1.4001e+02  -1.3877e+02  -1.3639e+02  -1.3457e+02  -1.3376e+02  -1.3169e+02  -1.2900e+02  -1.2708e+02  -1.2498e+02  -1.2264e+02  -1.2078e+02  -1.1969e+02  -1.1862e+02  -1.1734e+02  -1.1535e+02  -1.1428e+02  -1.1259e+02  -1.1145e+02  -1.0945e+02  -1.0835e+02  -1.0725e+02  -1.0624e+02  -1.0502e+02  -1.0428e+02  -1.0352e+02
  -1.2722e+04  -6.2861e+03  -4.1136e+03  -3.0499e+03  -2.4275e+03  -1.9989e+03  -1.6973e+03  -1.4667e+03  -1.2925e+03  -1.1455e+03  -1.0354e+03  -9.4561e+02  -8.6923e+02  -8.0231e+02  -7.4421e+02  -6.9144e+02  -6.4510e+02  -6.0784e+02  -5.7272e+02  -5.4163e+02  -5.1655e+02  -4.9306e+02  -4.7189e+02  -4.5420e+02  -4.3370e+02  -4.1324e+02  -3.9425e+02  -3.8154e+02  -3.6996e+02  -3.5816e+02  -3.4836e+02  -3.3812e+02  -3.2595e+02  -3.1797e+02  -3.0788e+02  -2.9778e+02  -2.8950e+02  -2.8136e+02  -2.7257e+02  -2.6376e+02  -2.5711e+02  -2.5010e+02  -2.4371e+02  -2.3596e+02  -2.2890e+02  -2.2416e+02  -2.1799e+02  -2.1263e+02  -2.0728e+02  -2.0147e+02  -1.9875e+02  -1.9490e+02  -1.9101e+02  -1.8749e+02  -1.8379e+02  -1.8053e+02  -1.7723e+02  -1.7504e+02  -1.7173e+02  -1.6980e+02  -1.6771e+02  -1.6365e+02  -1.6117e+02  -1.5803e+02  -1.5578e+02  -1.5409e+02  -1.5139e+02  -1.5001e+02  -1.4811e+02  -1.4613e+02  -1.4375e+02  -1.4091e+02  -1.3824e+02  -1.3609e+02  -1.3479e+02  -1.3221e+02  -1.3014e+02  -1.2932e+02  -1.2855e+02  -1.2681e+02  -1.2494e+02  -1.2281e+02  -1.2101e+02  -1.2043e+02  -1.1970e+02  -1.1784e+02  -1.1714e+02  -1.1623e+02  -1.1451e+02  -1.1258e+02  -1.1206e+02  -1.1008e+02  -1.0892e+02  -1.0810e+02  -1.0724e+02  -1.0674e+02  -1.0583e+02  -1.0433e+02  -1.0304e+02  -1.0188e+02
  -1.2677e+04  -6.2298e+03  -4.1030e+03  -3.0304e+03  -2.3888e+03  -1.9587e+03  -1.6604e+03  -1.4419e+03  -1.2643e+03  -1.1210e+03  -1.0077e+03  -9.1335e+02  -8.3885e+02  -7.7635e+02  -7.2155e+02  -6.7220e+02  -6.3582e+02  -5.9817e+02  -5.6365e+02  -5.3561e+02  -5.0644e+02  -4.8484e+02  -4.6329e+02  -4.4089e+02  -4.2262e+02  -4.0522e+02  -3.8929e+02  -3.7299e+02  -3.5851e+02  -3.4593e+02  -3.3269e+02  -3.2121e+02  -3.1145e+02  -3.0215e+02  -2.9196e+02  -2.8379e+02  -2.7542e+02  -2.6812e+02  -2.6059e+02  -2.5533e+02  -2.5013e+02  -2.4511e+02  -2.3722e+02  -2.3199e+02  -2.2688e+02  -2.2091e+02  -2.1591e+02  -2.1141e+02  -2.0633e+02  -2.0316e+02  -1.9995e+02  -1.9593e+02  -1.9170e+02  -1.8919e+02  -1.8643e+02  -1.8234e+02  -1.7830e+02  -1.7526e+02  -1.7155e+02  -1.6864e+02  -1.6540e+02  -1.6282e+02  -1.5876e+02  -1.5484e+02  -1.5223e+02  -1.5163e+02  -1.4868e+02  -1.4587e+02  -1.4413e+02  -1.4202e+02  -1.4070e+02  -1.4033e+02  -1.3880e+02  -1.3595e+02  -1.3363e+02  -1.3339e+02  -1.3165e+02  -1.2948e+02  -1.2757e+02  -1.2635e+02  -1.2453e+02  -1.2192e+02  -1.2029e+02  -1.1883e+02  -1.1685e+02  -1.1634e+02  -1.1540e+02  -1.1397e+02  -1.1298e+02  -1.1199e+02  -1.1126e+02  -1.0971e+02  -1.0872e+02  -1.0671e+02  -1.0549e+02  -1.0442e+02  -1.0360e+02  -1.0292e+02  -1.0205e+02  -1.0035e+02
  -1.2720e+04  -6.2528e+03  -4.0965e+03  -3.0228e+03  -2.3861e+03  -1.9606e+03  -1.6564e+03  -1.4379e+03  -1.2628e+03  -1.1284e+03  -1.0158e+03  -9.2644e+02  -8.4998e+02  -7.8400e+02  -7.2907e+02  -6.8144e+02  -6.4157e+02  -6.0036e+02  -5.6445e+02  -5.3203e+02  -5.0565e+02  -4.8327e+02  -4.5829e+02  -4.3623e+02  -4.1783e+02  -4.0271e+02  -3.8721e+02  -3.7248e+02  -3.5859e+02  -3.4624e+02  -3.3494e+02  -3.2510e+02  -3.1412e+02  -3.0327e+02  -2.9514e+02  -2.8498e+02  -2.7377e+02  -2.6383e+02  -2.5592e+02  -2.4916e+02  -2.4451e+02  -2.4036e+02  -2.3632e+02  -2.2927e+02  -2.2262e+02  -2.1763e+02  -2.1209e+02  -2.0783e+02  -2.0377e+02  -1.9890e+02  -1.9491e+02  -1.8967e+02  -1.8613e+02  -1.8243e+02  -1.7857e+02  -1.7598e+02  -1.7241e+02  -1.6791e+02  -1.6438e+02  -1.6164e+02  -1.5876e+02  -1.5438e+02  -1.5225e+02  -1.4958e+02  -1.4816e+02  -1.4676e+02  -1.4501e+02  -1.4293e+02  -1.3971e+02  -1.3840e+02  -1.3742e+02  -1.3615e+02  -1.3485e+02  -1.3478e+02  -1.3254e+02  -1.3020e+02  -1.2822e+02  -1.2685e+02  -1.2501e+02  -1.2332e+02  -1.2125e+02  -1.1923e+02  -1.1770e+02  -1.1642e+02  -1.1575e+02  -1.1473e+02  -1.1258e+02  -1.1132e+02  -1.1115e+02  -1.0996e+02  -1.0890e+02  -1.0771e+02  -1.0554e+02  -1.0426e+02  -1.0294e+02  -1.0128e+02  -1.0067e+02  -1.0000e+02  -9.9287e+01  -9.8299e+01

   6.3909e+03   3.1822e+03   2.1121e+03   1.5769e+03   1.2587e+03   1.0448e+03   8.9125e+02   7.7831e+02   6.9030e+02   6.1841e+02   5.6042e+02   5.1107e+02   4.6921e+02   4.3477e+02   4.0572e+02   3.8080e+02   3.5857e+02   3.3823e+02   3.1889e+02   3.0194e+02   2.8704e+02   2.7390e+02   2.6091e+02   2.5031e+02   2.4090e+02   2.3065e+02   2.2094e+02   2.1268e+02   2.0518e+02   1.9789e+02   1.9079e+02   1.8433e+02   1.7950e+02   1.7443e+02   1.6961e+02   1.6419e+02   1.6010e+02   1.5586e+02   1.5133e+02   1.4767e+02   1.4369e+02   1.3980e+02   1.3714e+02   1.3371e+02   1.3064e+02   1.2795e+02   1.2551e+02   1.2290e+02   1.2038e+02   1.1788e+02   1.1516e+02   1.1296e+02   1.1034e+02   1.0812e+02   1.0596e+02   1.0419e+02   1.0258e+02   1.0084e+02   9.9352e+01   9.7869e+01   9.6444e+01   9.5024e+01   9.3567e+01   9.2136e+01   9.0262e+01   8.8675e+01   8.7349e+01   8.6256e+01   8.5287e+01   8.4414e+01   8.3173e+01   8.1677e+01   8.0388e+01   7.9226e+01   7.8179e+01   7.7565e+01   7.6690e+01   7.5737e+01   7.4505e+01   7.3605e+01   7.2735e+01   7.1965e+01   7.1041e+01   7.0210e+01   6.9670e+01   6.9061e+01   6.8198e+01   6.7365e+01   6.6688e+01   6.6227e+01   6.5518e+01   6.4993e+01   6.4470e+01   6.3679e+01   6.3019e+01   6.2403e+01   6.1596e+01   6.0765e+01   5.9851e+01   5.9243e+01
   6.3838e+03   3.1733e+03   2.1008e+03   1.5669e+03   1.2472e+03   1.0391e+03   8.8967e+02   7.7580e+02   6.8621e+02   6.1399e+02   5.5570e+02   5.1039e+02   4.7022e+02   4.3448e+02   4.0367e+02   3.7843e+02   3.5504e+02   3.3320e+02   3.1466e+02   2.9891e+02   2.8370e+02   2.6938e+02   2.5699e+02   2.4582e+02   2.3474e+02   2.2492e+02   2.1652e+02   2.0876e+02   2.0156e+02   1.9520e+02   1.8887e+02   1.8297e+02   1.7722e+02   1.7214e+02   1.6733e+02   1.6278e+02   1.5849e+02   1.5441e+02   1.5070e+02   1.4653e+02   1.4314e+02   1.3912e+02   1.3543e+02   1.3204e+02   1.2881e+02   1.2619e+02   1.2307e+02   1.2020e+02   1.1756e+02   1.1499e+02   1.1262e+02   1.1057e+02   1.0826e+02   1.0636e+02   1.0437e+02   1.0230e+02   1.0072e+02   9.8580e+01   9.6628e+01   9.4904e+01   9.3536e+01   9.2346e+01   9.0794e+01   8.9186e+01   8.8257e+01   8.7171e+01   8.5858e+01   8.4967e+01   8.3850e+01   8.2559e+01   8.1273e+01   8.0128e+01   7.9472e+01   7.8673e+01   7.7733e+01   7.6496e+01   7.5350e+01   7.4444e+01   7.3636e+01   7.2972e+01   7.1993e+01   7.1050e+01   7.0482e+01   6.9467e+01   6.8468e+01   6.7585e+01   6.7015e+01   6.6625e+01   6.6124e+01   6.5136e+01   6.4348e+01   6.3477e+01   6.2839e+01   6.1949e+01   6.1070e+01   6.0636e+01   5.9915e+01   5.9208e+01   5.8582e+01   5.8027e+01
   6.3751e+03   3.1698e+03   2.0992e+03   1.5658e+03   1.2444e+03   1.0279e+03   8.7937e+02   7.6582e+02   6.7865e+02   6.0738e+02   5.4823e+02   5.0173e+02   4.6258e+02   4.2943e+02   3.9911e+02   3.7342e+02   3.5046e+02   3.3070e+02   3.1232e+02   2.9578e+02   2.8182e+02   2.6929e+02   2.5778e+02   2.4629e+02   2.3531e+02   2.2615e+02   2.1784e+02   2.0947e+02   2.0171e+02   1.9457e+02   1.8863e+02   1.8267e+02   1.7778e+02   1.7242e+02   1.6721e+02   1.6274e+02   1.5857e+02   1.5454e+02   1.5024e+02   1.4574e+02   1.4207e+02   1.3864e+02   1.3529e+02   1.3210e+02   1.2885e+02   1.2648e+02   1.2375e+02   1.2088e+02   1.1854e+02   1.1631e+02   1.1386e+02   1.1136e+02   1.0924e+02   1.0724e+02   1.0480e+02   1.0258e+02   1.0065e+02   9.8862e+01   9.6729e+01   9.4716e+01   9.3096e+01   9.1553e+01   9.0182e+01   8.8543e+01   8.7395e+01   8.6269e+01   8.5256e+01   8.3978e+01   8.2907e+01   8.1848e+01   8.0497e+01   7.9484e+01   7.8518e+01   7.7425e+01   7.6022e+01   7.4896e+01   7.3708e+01   7.2955e+01   7.2270e+01   7.1066e+01   6.9915e+01   6.9006e+01   6.8192e+01   6.7518e+01   6.6602e+01   6.5436e+01   6.4774e+01   6.4202e+01   6.3651e+01   6.2865e+01   6.2173e+01   6.1507e+01   6.0922e+01   6.0104e+01   5.9343e+01   5.8492e+01   5.8058e+01   5.7373e+01   5.6848e+01   5.6277e+01
   6.3848e+03   3.1721e+03   2.0916e+03   1.5589e+03   1.2410e+03   1.0288e+03   8.7717e+02   7.6587e+02   6.7881e+02   6.0814e+02   5.5060e+02   5.0421e+02   4.6398e+02   4.2826e+02   3.9729e+02   3.7174e+02   3.5125e+02   3.3102e+02   3.1295e+02   2.9762e+02   2.8148e+02   2.6826e+02   2.5720e+02   2.4658e+02   2.3648e+02   2.2618e+02   2.1709e+02   2.0906e+02   2.0208e+02   1.9524e+02   1.8775e+02   1.8065e+02   1.7409e+02   1.6831e+02   1.6311e+02   1.5870e+02   1.5402e+02   1.5010e+02   1.4632e+02   1.4252e+02   1.3880e+02   1.3543e+02   1.3237e+02   1.2964e+02   1.2727e+02   1.2493e+02   1.2256e+02   1.1961e+02   1.1739e+02   1.1529e+02   1.1282e+02   1.1057e+02   1.0871e+02   1.0676e+02   1.0418e+02   1.0204e+02   1.0019e+02   9.8229e+01   9.6146e+01   9.3899e+01   9.1943e+01   9.0425e+01   8.8643e+01   8.7444e+01   8.6509e+01   8.5297e+01   8.3968e+01   8.2701e+01   8.1702e+01   8.0615e+01   7.9520e+01   7.8224e+01   7.7341e+01   7.5931e+01   7.5214e+01   7.4393e+01   7.3451e+01   7.2271e+01   7.1301e+01   7.0760e+01   6.9838e+01   6.8699e+01   6.7481e+01   6.6276e+01   6.5210e+01   6.4474e+01   6.4045e+01   6.3379e+01   6.2775e+01   6.1986e+01   6.1243e+01   6.0300e+01   5.9602e+01   5.8756e+01   5.8155e+01   5.7528e+01   5.6819e+01   5.6252e+01   5.5815e+01   5.5308e+01
   6.3800e+03   3.1726e+03   2.0950e+03   1.5611e+03   1.2444e+03   1.0297e+03   8.7803e+02   7.6225e+02   6.7310e+02   5.9959e+02   5.4263e+02   4.9515e+02   4.5613e+02   4.2161e+02   3.9223e+02   3.6588e+02   3.4312e+02   3.2260e+02   3.0477e+02   2.8925e+02   2.7592e+02   2.6291e+02   2.5076e+02   2.4025e+02   2.2991e+02   2.2014e+02   2.1087e+02   2.0390e+02   1.9746e+02   1.9090e+02   1.8482e+02   1.7933e+02   1.7324e+02   1.6858e+02   1.6330e+02   1.5833e+02   1.5400e+02   1.4966e+02   1.4525e+02   1.4077e+02   1.3707e+02   1.3304e+02   1.2930e+02   1.2556e+02   1.2205e+02   1.1934e+02   1.1634e+02   1.1338e+02   1.1086e+02   1.0818e+02   1.0645e+02   1.0425e+02   1.0208e+02   1.0032e+02   9.8419e+01   9.6361e+01   9.4654e+01   9.3091e+01   9.0992e+01   8.9793e+01   8.8338e+01   8.6667e+01   8.5382e+01   8.3712e+01   8.2584e+01   8.1688e+01   8.0533e+01   7.9443e+01   7.8133e+01   7.6897e+01   7.5898e+01   7.4716e+01   7.3638e+01   7.2639e+01   7.1576e+01   7.0231e+01   6.9018e+01   6.8365e+01   6.8020e+01   6.7149e+01   6.6254e+01   6.5367e+01   6.4680e+01   6.4058e+01   6.3340e+01   6.2334e+01   6.1775e+01   6.1290e+01   6.0289e+01   5.9349e+01   5.8806e+01   5.7710e+01   5.7611e+01   5.7281e+01   5.6653e+01   5.6288e+01   5.5714e+01   5.4902e+01   5.4372e+01   5.3563e+01
   6.3686e+03   3.1577e+03   2.0902e+03   1.5526e+03   1.2305e+03   1.0146e+03   8.6301e+02   7.5068e+02   6.6136e+02   5.8997e+02   5.3209e+02   4.8377e+02   4.4540e+02   4.1289e+02   3.8498e+02   3.5968e+02   3.3836e+02   3.1794e+02   3.0061e+02   2.8575e+02   2.7030e+02   2.5846e+02   2.4700e+02   2.3583e+02   2.2580e+02   2.1673e+02   2.0836e+02   1.9972e+02   1.9202e+02   1.8546e+02   1.7884e+02   1.7332e+02   1.6774e+02   1.6216e+02   1.5698e+02   1.5288e+02   1.4863e+02   1.4459e+02   1.4076e+02   1.3764e+02   1.3460e+02   1.3165e+02   1.2727e+02   1.2418e+02   1.2112e+02   1.1805e+02   1.1552e+02   1.1316e+02   1.1064e+02   1.0830e+02   1.0638e+02   1.0442e+02   1.0208e+02   1.0062e+02   9.8579e+01   9.6597e+01   9.4581e+01   9.2840e+01   9.0575e+01   8.9096e+01   8.7891e+01   8.6701e+01   8.4608e+01   8.2689e+01   8.1287e+01   8.0374e+01   7.8846e+01   7.7096e+01   7.6187e+01   7.5320e+01   7.4760e+01   7.4118e+01   7.3335e+01   7.2540e+01   7.1902e+01   7.1432e+01   7.0468e+01   6.9572e+01   6.8565e+01   6.7782e+01   6.6798e+01   6.5485e+01   6.4670e+01   6.3797e+01   6.2865e+01   6.2351e+01   6.1808e+01   6.1063e+01   6.0516e+01   5.9941e+01   5.9588e+01   5.8898e+01   5.8162e+01   5.7217e+01   5.6413e+01   5.5653e+01   5.5241e+01   5.4767e+01   5.4175e+01   5.3233e+01
   6.3799e+03   3.1635e+03   2.0879e+03   1.5514e+03   1.2320e+03   1.0190e+03   8.6606e+02   7.5413e+02   6.6517e+02   5.9602e+02   5.3860e+02   4.9118e+02   4.5091e+02   4.1668e+02   3.8771e+02   3.6263e+02   3.4063e+02   3.1969e+02   3.0079e+02   2.8397e+02   2.6976e+02   2.5783e+02   2.4501e+02   2.3314e+02   2.2333e+02   2.1531e+02   2.0745e+02   1.9949e+02   1.9288e+02   1.8644e+02   1.8034e+02   1.7408e+02   1.6811e+02   1.6276e+02   1.5835e+02   1.5326e+02   1.4771e+02   1.4307e+02   1.3906e+02   1.3553e+02   1.3277e+02   1.2974e+02   1.2716e+02   1.2364e+02   1.2029e+02   1.1713e+02   1.1417e+02   1.1197e+02   1.0986e+02   1.0708e+02   1.0427e+02   1.0113e+02   9.9167e+01   9.7205e+01   9.5403e+01   9.3920e+01   9.2123e+01   8.9452e+01   8.7582e+01   8.6074e+01   8.4693e+01   8.2635e+01   8.1506e+01   7.9709e+01   7.8263e+01   7.7516e+01   7.6690e+01   7.5542e+01   7.4576e+01   7.3902e+01   7.3198e+01   7.1950e+01   7.0865e+01   7.0471e+01   6.9484e+01   6.8484e+01   6.7693e+01   6.6718e+01   6.5881e+01   6.5001e+01   6.4026e+01   6.3259e+01   6.2589e+01   6.1937e+01   6.1561e+01   6.1117e+01   6.0138e+01   5.9234e+01   5.8954e+01   5.8246e+01   5.7640e+01   5.7040e+01   5.6136e+01   5.5248e+01   5.4614e+01   5.3923e+01   5.3612e+01   5.3227e+01   5.2754e+01   5.2117e+01

   6.3909e+03   3.1822e+03   2.1121e+03   1.5769e+03   1.2587e+03   1.0448e+03   8.9125e+02   7.7831e+02   6.9030e+02   6.1841e+02   5.6042e+02   5.1107e+02   4.6921e+02   4.3477e+02   4.0572e+02   3.8080e+02   3.5857e+02   3.3823e+02   3.1889e+02   3.0194e+02   2.8704e+02   2.7390e+02   2.6091e+02   2.5031e+02   2.4090e+02   2.3065e+02   2.2094e+02   2.1268e+02   2.0518e+02   1.9789e+02   1.9079e+02   1.8433e+02   1.7950e+02   1.7443e+02   1.6961e+02   1.6419e+02   1.6010e+02   1.5586e+02   1.5133e+02   1.4767e+02   1.4369e+02   1.3980e+02   1.3714e+02   1.3371e+02   1.3064e+02   1.2795e+02   1.2551e+02   1.2290e+02   1.2038e+02   1.1788e+02   1.1516e+02   1.1296e+02   1.1034e+02   1.0812e+02   1.0596e+02   1.0419e+02   1.0258e+02   1.0084e+02   9.9352e+01   9.7869e+01   9.6444e+01   9.5024e+01   9.3567e+01   9.2136e+01   9.0262e+01   8.8675e+01   8.7349e+01   8.6256e+01   8.5287e+01   8.4414e+01   8.3173e+01   8.1677e+01   8.0388e+01   7.9226e+01   7.8179e+01   7.7565e+01   7.6690e+01   7.5737e+01   7.4505e+01   7.3605e+01   7.2735e+01   7.1965e+01   7.1041e+01   7.0210e+01   6.9670e+01   6.9061e+01   6.8198e+01   6.7365e+01   6.6688e+01   6.6227e+01   6.5518e+01   6.4993e+01   6.4470e+01   6.3679e+01   6.3019e+01   6.2403e+01   6.1596e+01   6.0765e+01   5.9851e+01   5.9243e+01
   6.3838e+03   3.1733e+03   2.1008e+03   1.5669e+03   1.2472e+03   1.0391e+03   8.8967e+02   7.7580e+02   6.8621e+02   6.1399e+02   5.5570e+02   5.1039e+02   4.7022e+02   4.3448e+02   4.0367e+02   3.7843e+02   3.5504e+02   3.3320e+02   3.1466e+02   2.9891e+02   2.8370e+02   2.6938e+02   2.5699e+02   2.4582e+02   2.3474e+02   2.2492e+02   2.1652e+02   2.0876e+02   2.0156e+02   1.9520e+02   1.8887e+02   1.8297e+02   1.7722e+02   1.7214e+02   1.6733e+02   1.6278e+02   1.5849e+02   1.5441e+02   1.5070e+02   1.4653e+02   1.4314e+02   1.3912e+02   1.3543e+02   1.3204e+02   1.2881e+02   1.2619e+02   1.2307e+02   1.2020e+02   1.1756e+02   1.1499e+02   1.1262e+02   1.1057e+02   1.0826e+02   1.0636e+02   1.0437e+02   1.0230e+02   1.0072e+02   9.8580e+01   9.6628e+01   9.4904e+01   9.3536e+01   9.2346e+01   9.0794e+01   8.9186e+01   8.8257e+01   8.7171e+01   8.5858e+01   8.4967e+01   8.3850e+01   8.2559e+01   8.1273e+01   8.0128e+01   7.9472e+01   7.8673e+01   7.7733e+01   7.6496e+01   7.5350e+01   7.4444e+01   7.3636e+01   7.2972e+01   7.1993e+01   7.1050e+01   7.0482e+01   6.9467e+01   6.8468e+01   6.7585e+01   6.7015e+01   6.6625e+01   6.6124e+01   6.5136e+01   6.4348e+01   6.3477e+01   6.2839e+01   6.1949e+01   6.1070e+01   6.0636e+01   5.9915e+01   5.9208e+01   5.8582e+01   5.8027e+01
   6.3751e+03   3.1698e+03   2.0992e+03   1.5658e+03   1.2444e+03   1.0279e+03   8.7937e+02   7.6582e+02   6.7865e+02   6.0738e+02   5.4823e+02   5.0173e+02   4.6258e+02   4.2943e+02   3.9911e+02   3.7342e+02   3.5046e+02   3.3070e+02   3.1232e+02   2.9578e+02   2.8182e+02   2.6929e+02   2.5778e+02   2.4629e+02   2.3531e+02   2.2615e+02   2.1784e+02   2.0947e+02   2.0171e+02   1.9457e+02   1.8863e+02   1.8267e+02   1.7778e+02   1.7242e+02   1.6721e+02   1.6274e+02   1.5857e+02   1.5454e+02   1.5024e+02   1.4574e+02   1.4207e+02   1.3864e+02   1.3529e+02   1.3210e+02   1.2885e+02   1.2648e+02   1.2375e+02   1.2088e+02   1.1854e+02   1.1631e+02   1.1386e+02   1.1136e+02   1.0924e+02   1.0724e+02   1.0480e+02   1.0258e+02   1.0065e+02   9.8862e+01   9.6729e+01   9.4716e+01   9.3096e+01   9.1553e+01   9.0182e+01   8.8543e+01   8.7395e+01   8.6269e+01   8.5256e+01   8.3978e+01   8.2907e+01   8.1848e+01   8.0497e+01   7.9484e+01   7.8518e+01   7.7425e+01   7.6022e+01   7.4896e+01   7.3708e+01   7.2955e+01   7.2270e+01   7.1066e+01   6.9915e+01   6.9006e+01   6.8192e+01   6.7518e+01   6.6602e+01   6.5436e+01   6.4774e+01   6.4202e+01   6.3651e+01   6.2865e+01   6.2173e+01   6.1507e+01   6.0922e+01   6.0104e+01   5.9343e+01   5.8492e+01   5.8058e+01   5.7373e+01   5.6848e+01   5.6277e+01
   6.3848e+03   3.1721e+03   2.0916e+03   1.5589e+03   1.2410e+03   1.0288e+03   8.7717e+02   7.6587e+02   6.7881e+02   6.0814e+02   5.5060e+02   5.0421e+02   4.6398e+02   4.2826e+02   3.9729e+02   3.7174e+02   3.5125e+02   3.3102e+02   3.1295e+02   2.9762e+02   2.8148e+02   2.6826e+02   2.5720e+02   2.4658e+02   2.3648e+02   2.2618e+02   2.1709e+02   2.0906e+02   2.0208e+02   1.9524e+02   1.8775e+02   1.8065e+02   1.7409e+02   1.6831e+02   1.6311e+02   1.5870e+02   1.5402e+02   1.5010e+02   1.4632e+02   1.4252e+02   1.3880e+02   1.3543e+02   1.3237e+02   1.2964e+02   1.2727e+02   1.2493e+02   1.2256e+02   1.1961e+02   1.1739e+02   1.1529e+02   1.1282e+02   1.1057e+02   1.0871e+02   1.0676e+02   1.0418e+02   1.0204e+02   1.0019e+02   9.8229e+01   9.6146e+01   9.3899e+01   9.1943e+01   9.0425e+01   8.8643e+01   8.7444e+01   8.6509e+01   8.5297e+01   8.3968e+01   8.2701e+01   8.1702e+01   8.0615e+01   7.9520e+01   7.8224e+01   7.7341e+01   7.5931e+01   7.5214e+01   7.4393e+01   7.3451e+01   7.2271e+01   7.1301e+01   7.0760e+01   6.9838e+01   6.8699e+01   6.7481e+01   6.6276e+01   6.5210e+01   6.4474e+01   6.4045e+01   6.3379e+01   6.2775e+01   6.1986e+01   6.1243e+01   6.0300e+01   5.9602e+01   5.8756e+01   5.8155e+01   5.7528e+01   5.6819e+01   5.6252e+01   5.5815e+01   5.5308e+01
   6.3800e+03   3.1726e+03   2.0950e+03   1.5611e+03   1.2444e+03   1.0297e+03   8.7803e+02   7.6225e+02   6.7310e+02   5.9959e+02   5.4263e+02   4.9515e+02   4.5613e+02   4.2161e+02   3.9223e+02   3.6588e+02   3.4312e+02   3.2260e+02   3.0477e+02   2.8925e+02   2.7592e+02   2.6291e+02   2.5076e+02   2.4025e+02   2.2991e+02   2.2014e+02   2.1087e+02   2.0390e+02   1.9746e+02   1.9090e+02   1.8482e+02   1.7933e+02   1.7324e+02   1.6858e+02   1.6330e+02   1.5833e+02   1.5400e+02   1.4966e+02   1.4525e+02   1.4077e+02   1.3707e+02   1.3304e+02   1.2930e+02   1.2556e+02   1.2205e+02   1.1934e+02   1.1634e+02   1.1338e+02   1.1086e+02   1.0818e+02   1.0645e+02   1.0425e+02   1.0208e+02   1.0032e+02   9.8419e+01   9.6361e+01   9.4654e+01   9.3091e+01   9.0992e+01   8.9793e+01   8.8338e+01   8.6667e+01   8.5382e+01   8.3712e+01   8.2584e+01   8.1688e+01   8.0533e+01   7.9443e+01   7.8133e+01   7.6897e+01   7.5898e+01   7.4716e+01   7.3638e+01   7.2639e+01   7.1576e+01   7.0231e+01   6.9018e+01   6.8365e+01   6.8020e+01   6.7149e+01   6.6254e+01   6.5367e+01   6.4680e+01   6.4058e+01   6.3340e+01   6.2334e+01   6.1775e+01   6.1290e+01   6.0289e+01   5.9349e+01   5.8806e+01   5.7710e+01   5.7611e+01   5.7281e+01   5.6653e+01   5.6288e+01   5.5714e+01   5.4902e+01   5.4372e+01   5.3563e+01
   6.3686e+03   3.1577e+03   2.0902e+03   1.5526e+03   1.2305e+03   1.0146e+03   8.6301e+02   7.5068e+02   6.6136e+02   5.8997e+02   5.3209e+02   4.8377e+02   4.4540e+02   4.1289e+02   3.8498e+02   3.5968e+02   3.3836e+02   3.1794e+02   3.0061e+02   2.8575e+02   2.7030e+02   2.5846e+02   2.4700e+02   2.3583e+02   2.2580e+02   2.1673e+02   2.0836e+02   1.9972e+02   1.9202e+02   1.8546e+02   1.7884e+02   1.7332e+02   1.6774e+02   1.6216e+02   1.5698e+02   1.5288e+02   1.4863e+02   1.4459e+02   1.4076e+02   1.3764e+02   1.3460e+02   1.3165e+02   1.2727e+02   1.2418e+02   1.2112e+02   1.1805e+02   1.1552e+02   1.1316e+02   1.1064e+02   1.0830e+02   1.0638e+02   1.0442e+02   1.0208e+02   1.0062e+02   9.8579e+01   9.6597e+01   9.4581e+01   9.2840e+01   9.0575e+01   8.9096e+01   8.7891e+01   8.6701e+01   8.4608e+01   8.2689e+01   8.1287e+01   8.0374e+01   7.8846e+01   7.7096e+01   7.6187e+01   7.5320e+01   7.4760e+01   7.4118e+01   7.3335e+01   7.2540e+01   7.1902e+01   7.1432e+01   7.0468e+01   6.9572e+01   6.8565e+01   6.7782e+01   6.6798e+01   6.5485e+01   6.4670e+01   6.3797e+01   6.2865e+01   6.2351e+01   6.1808e+01   6.1063e+01   6.0516e+01   5.9941e+01   5.9588e+01   5.8898e+01   5.8162e+01   5.7217e+01   5.6413e+01   5.5653e+01   5.5241e+01   5.4767e+01   5.4175e+01   5.3233e+01
   6.3799e+03   3.1635e+03   2.0879e+03   1.5514e+03   1.2320e+03   1.0190e+03   8.6606e+02   7.5413e+02   6.6517e+02   5.9602e+02   5.3860e+02   4.9118e+02   4.5091e+02   4.1668e+02   3.8771e+02   3.6263e+02   3.4063e+02   3.1969e+02   3.0079e+02   2.8397e+02   2.6976e+02   2.5783e+02   2.4501e+02   2.3314e+02   2.2333e+02   2.1531e+02   2.0745e+02   1.9949e+02   1.9288e+02   1.8644e+02   1.8034e+02   1.7408e+02   1.6811e+02   1.6276e+02   1.5835e+02   1.5326e+02   1.4771e+02   1.4307e+02   1.3906e+02   1.3553e+02   1.3277e+02   1.2974e+02   1.2716e+02   1.2364e+02   1.2029e+02   1.1713e+02   1.1417e+02   1.1197e+02   1.0986e+02   1.0708e+02   1.0427e+02   1.0113e+02   9.9167e+01   9.7205e+01   9.5403e+01   9.3920e+01   9.2123e+01   8.9452e+01   8.7582e+01   8.6074e+01   8.4693e+01   8.2635e+01   8.1506e+01   7.9709e+01   7.8263e+01   7.7516e+01   7.6690e+01   7.5542e+01   7.4576e+01   7.3902e+01   7.3198e+01   7.1950e+01   7.0865e+01   7.0471e+01   6.9484e+01   6.8484e+01   6.7693e+01   6.6718e+01   6.5881e+01   6.5001e+01   6.4026e+01   6.3259e+01   6.2589e+01   6.1937e+01   6.1561e+01   6.1117e+01   6.0138e+01   5.9234e+01   5.8954e+01   5.8246e+01   5.7640e+01   5.7040e+01   5.6136e+01   5.5248e+01   5.4614e+01   5.3923e+01   5.3612e+01   5.3227e+01   5.2754e+01   5.2117e+01

   1.0651e+02   9.9780e+06   8.7449e+06   7.2704e+06   6.1583e+06   5.2709e+06   4.5742e+06   4.0517e+06   3.6309e+06   3.2586e+06   2.9575e+06   2.6952e+06   2.4617e+06   2.2826e+06   2.1361e+06   2.0222e+06   1.9245e+06   1.8245e+06   1.7092e+06   1.6136e+06   1.5340e+06   1.4658e+06   1.3857e+06   1.3395e+06   1.2992e+06   1.2357e+06   1.1771e+06   1.1319e+06   1.0860e+06   1.0456e+06   1.0044e+06   9.6643e+05   9.4544e+05   9.2221e+05   8.9316e+05   8.5397e+05   8.3517e+05   8.1343e+05   7.8799e+05   7.7102e+05   7.5073e+05   7.2939e+05   7.2466e+05   7.0537e+05   6.8537e+05   6.6971e+05   6.6001e+05   6.4620e+05   6.3314e+05   6.2121e+05   6.0378e+05   5.9663e+05   5.8064e+05   5.6687e+05   5.5352e+05   5.4278e+05   5.3737e+05   5.3107e+05   5.2651e+05   5.1930e+05   5.1301e+05   5.0223e+05   4.9325e+05   4.8448e+05   4.7129e+05   4.6364e+05   4.5980e+05   4.5458e+05   4.4861e+05   4.4564e+05   4.4025e+05   4.2917e+05   4.1985e+05   4.1267e+05   4.0942e+05   4.1223e+05   4.0875e+05   4.0211e+05   3.9198e+05   3.8899e+05   3.8427e+05   3.8134e+05   3.7378e+05   3.7144e+05   3.7322e+05   3.7159e+05   3.6590e+05   3.6140e+05   3.5899e+05   3.5938e+05   3.5384e+05   3.5226e+05   3.5213e+05   3.4763e+05   3.4480e+05   3.4340e+05   3.3933e+05   3.3283e+05   3.2759e+05   3.2614e+05
   4.5499e+02   9.3944e+06   8.1360e+06   6.7317e+06   5.6487e+06   4.9061e+06   4.3039e+06   3.8069e+06   3.3844e+06   3.0175e+06   2.7230e+06   2.5367e+06   2.3419e+06   2.1491e+06   1.9892e+06   1.8842e+06   1.7657e+06   1.6466e+06   1.5585e+06   1.4839e+06   1.4004e+06   1.3221e+06   1.2499e+06   1.1881e+06   1.1258e+06   1.0786e+06   1.0395e+06   1.0051e+06   9.7405e+05   9.4539e+05   9.1338e+05   8.8796e+05   8.6345e+05   8.4180e+05   8.2111e+05   8.0212e+05   7.7632e+05   7.5928e+05   7.4838e+05   7.2729e+05   7.1010e+05   6.8873e+05   6.6981e+05   6.5260e+05   6.3339e+05   6.1734e+05   5.9680e+05   5.8114e+05   5.7218e+05   5.5844e+05   5.5275e+05   5.4349e+05   5.3295e+05   5.2497e+05   5.1199e+05   4.9701e+05   4.8957e+05   4.7835e+05   4.6620e+05   4.5871e+05   4.5379e+05   4.4875e+05   4.4082e+05   4.3321e+05   4.3231e+05   4.3154e+05   4.2744e+05   4.2402e+05   4.1768e+05   4.1062e+05   4.0197e+05   3.9677e+05   3.9825e+05   3.9690e+05   3.9038e+05   3.8094e+05   3.7412e+05   3.6994e+05   3.6874e+05   3.6569e+05   3.5928e+05   3.5276e+05   3.5187e+05   3.4611e+05   3.3975e+05   3.3481e+05   3.3415e+05   3.3668e+05   3.3714e+05   3.2981e+05   3.2658e+05   3.1983e+05   3.1627e+05   3.0984e+05   3.0001e+05   2.9839e+05   2.9855e+05   2.9676e+05   2.9143e+05   2.8841e+05
   4.7382e+02   8.9164e+06   7.7441e+06   6.4099e+06   5.3692e+06   4.5034e+06   3.9471e+06   3.4690e+06   3.1020e+06   2.7763e+06   2.4945e+06   2.2982e+06   2.1286e+06   1.9914e+06   1.8405e+06   1.7190e+06   1.6071e+06   1.5253e+06   1.4419e+06   1.3653e+06   1.3156e+06   1.2568e+06   1.2111e+06   1.1535e+06   1.0970e+06   1.0583e+06   1.0227e+06   9.7958e+05   9.3969e+05   9.0143e+05   8.7689e+05   8.4428e+05   8.2847e+05   8.0642e+05   7.8071e+05   7.6189e+05   7.3696e+05   7.2080e+05   6.9410e+05   6.6753e+05   6.5168e+05   6.3556e+05   6.1797e+05   6.0460e+05   5.8986e+05   5.8333e+05   5.7183e+05   5.5912e+05   5.4869e+05   5.4179e+05   5.2834e+05   5.1377e+05   5.0417e+05   4.9653e+05   4.8228e+05   4.6714e+05   4.5728e+05   4.4728e+05   4.3431e+05   4.2477e+05   4.1596e+05   4.1017e+05   4.0414e+05   3.9410e+05   3.8815e+05   3.8674e+05   3.8649e+05   3.8411e+05   3.8031e+05   3.7430e+05   3.6641e+05   3.6170e+05   3.5710e+05   3.5090e+05   3.4312e+05   3.3981e+05   3.3838e+05   3.3687e+05   3.3353e+05   3.2727e+05   3.1912e+05   3.1506e+05   3.0926e+05   3.0795e+05   3.0291e+05   2.9607e+05   2.9326e+05   2.9199e+05   2.8894e+05   2.8365e+05   2.8041e+05   2.7716e+05   2.7521e+05   2.7217e+05   2.6592e+05   2.6144e+05   2.6245e+05   2.5845e+05   2.5587e+05   2.5266e+05
   2.3869e+02   8.5281e+06   7.2877e+06   6.0175e+06   5.0512e+06   4.3027e+06   3.7180e+06   3.2989e+06   2.9478e+06   2.6607e+06   2.4222e+06   2.2345e+06   2.0509e+06   1.8773e+06   1.7292e+06   1.6210e+06   1.5519e+06   1.4681e+06   1.3824e+06   1.3184e+06   1.2371e+06   1.1830e+06   1.1499e+06   1.0974e+06   1.0552e+06   1.0005e+06   9.5668e+05   9.2186e+05   8.8915e+05   8.5632e+05   8.1907e+05   7.8186e+05   7.4770e+05   7.2207e+05   6.9796e+05   6.7927e+05   6.5528e+05   6.3793e+05   6.2792e+05   6.1558e+05   5.9677e+05   5.8094e+05   5.7036e+05   5.5965e+05   5.5220e+05   5.4746e+05   5.3909e+05   5.2449e+05   5.1264e+05   5.0467e+05   4.9200e+05   4.8254e+05   4.7765e+05   4.7005e+05   4.5499e+05   4.4277e+05   4.3469e+05   4.3052e+05   4.1884e+05   4.0420e+05   3.9330e+05   3.8840e+05   3.7912e+05   3.7481e+05   3.7011e+05   3.6251e+05   3.5370e+05   3.4773e+05   3.4898e+05   3.4361e+05   3.3782e+05   3.3056e+05   3.3038e+05   3.2376e+05   3.2043e+05   3.1807e+05   3.1661e+05   3.0987e+05   3.0557e+05   3.0578e+05   3.0011e+05   2.9161e+05   2.8646e+05   2.8046e+05   2.7331e+05   2.6826e+05   2.6653e+05   2.6483e+05   2.6210e+05   2.5617e+05   2.5428e+05   2.4955e+05   2.4721e+05   2.4102e+05   2.3873e+05   2.3640e+05   2.3439e+05   2.3145e+05   2.3056e+05   2.2952e+05
   4.9503e+02   8.1480e+06   6.9878e+06   5.7630e+06   4.8686e+06   4.1269e+06   3.5708e+06   3.1107e+06   2.7610e+06   2.4397e+06   2.2146e+06   2.0320e+06   1.8731e+06   1.7288e+06   1.6020e+06   1.4816e+06   1.3757e+06   1.2976e+06   1.2198e+06   1.1516e+06   1.1025e+06   1.0547e+06   1.0122e+06   9.8031e+05   9.3265e+05   8.8203e+05   8.3495e+05   8.1204e+05   7.9180e+05   7.6860e+05   7.5218e+05   7.3222e+05   7.0244e+05   6.8935e+05   6.6586e+05   6.4120e+05   6.2336e+05   6.0516e+05   5.8331e+05   5.6055e+05   5.4631e+05   5.2986e+05   5.1541e+05   4.9466e+05   4.7629e+05   4.6718e+05   4.5163e+05   4.3903e+05   4.2608e+05   4.1093e+05   4.0808e+05   4.0024e+05   3.9197e+05   3.8493e+05   3.7685e+05   3.7034e+05   3.6344e+05   3.6084e+05   3.5339e+05   3.5144e+05   3.4869e+05   3.3754e+05   3.3274e+05   3.2505e+05   3.2090e+05   3.1888e+05   3.1254e+05   3.1149e+05   3.0820e+05   3.0440e+05   2.9884e+05   2.9128e+05   2.8429e+05   2.7935e+05   2.7776e+05   2.7088e+05   2.6593e+05   2.6604e+05   2.6631e+05   2.6246e+05   2.5800e+05   2.5241e+05   2.4809e+05   2.4873e+05   2.4868e+05   2.4388e+05   2.4383e+05   2.4285e+05   2.3841e+05   2.3304e+05   2.3350e+05   2.2785e+05   2.2552e+05   2.2454e+05   2.2336e+05   2.2364e+05   2.2214e+05   2.1814e+05   2.1499e+05   2.1233e+05
   1.5704e+03   7.6510e+06   6.6460e+06   5.4396e+06   4.5074e+06   3.7883e+06   3.2668e+06   2.8744e+06   2.5255e+06   2.2337e+06   2.0057e+06   1.8124e+06   1.6678e+06   1.5476e+06   1.4397e+06   1.3387e+06   1.2776e+06   1.2015e+06   1.1295e+06   1.0766e+06   1.0132e+06   9.7504e+05   9.3272e+05   8.8311e+05   8.4671e+05   8.1084e+05   7.7830e+05   7.4194e+05   7.1086e+05   6.8546e+05   6.5586e+05   6.3177e+05   6.1313e+05   5.9508e+05   5.7246e+05   5.5677e+05   5.3940e+05   5.2539e+05   5.0970e+05   5.0223e+05   4.9434e+05   4.8655e+05   4.6687e+05   4.5712e+05   4.4738e+05   4.3378e+05   4.2356e+05   4.1494e+05   4.0364e+05   3.9948e+05   3.9488e+05   3.8672e+05   3.7748e+05   3.7471e+05   3.7071e+05   3.6120e+05   3.5164e+05   3.4584e+05   3.3718e+05   3.3143e+05   3.2424e+05   3.1943e+05   3.0867e+05   2.9835e+05   2.9296e+05   2.9518e+05   2.8818e+05   2.8161e+05   2.7902e+05   2.7492e+05   2.7372e+05   2.7619e+05   2.7399e+05   2.6652e+05   2.6103e+05   2.6361e+05   2.6018e+05   2.5501e+05   2.5074e+05   2.4910e+05   2.4507e+05   2.3784e+05   2.3437e+05   2.3153e+05   2.2656e+05   2.2727e+05   2.2621e+05   2.2322e+05   2.2187e+05   2.2047e+05   2.2007e+05   2.1634e+05   2.1479e+05   2.0917e+05   2.0661e+05   2.0462e+05   2.0351e+05   2.0296e+05   2.0161e+05   1.9693e+05
   7.8701e+02   7.3764e+06   6.3401e+06   5.1797e+06   4.3038e+06   3.6323e+06   3.1112e+06   2.7356e+06   2.4114e+06   2.1662e+06   1.9502e+06   1.7846e+06   1.6387e+06   1.5104e+06   1.4067e+06   1.3166e+06   1.2449e+06   1.1582e+06   1.0841e+06   1.0166e+06   9.6662e+05   9.2708e+05   8.7344e+05   8.2736e+05   7.9203e+05   7.6639e+05   7.3688e+05   7.0813e+05   6.8060e+05   6.5719e+05   6.3619e+05   6.1935e+05   5.9685e+05   5.7371e+05   5.5984e+05   5.3733e+05   5.1005e+05   4.8682e+05   4.7045e+05   4.5766e+05   4.5204e+05   4.4777e+05   4.4340e+05   4.2727e+05   4.1222e+05   4.0290e+05   3.9115e+05   3.8374e+05   3.7677e+05   3.6644e+05   3.5906e+05   3.4680e+05   3.4056e+05   3.3342e+05   3.2549e+05   3.2196e+05   3.1468e+05   3.0377e+05   2.9626e+05   2.9141e+05   2.8586e+05   2.7484e+05   2.7167e+05   2.6647e+05   2.6558e+05   2.6466e+05   2.6234e+05   2.5873e+05   2.5089e+05   2.4983e+05   2.4989e+05   2.4879e+05   2.4752e+05   2.5069e+05   2.4573e+05   2.4034e+05   2.3620e+05   2.3420e+05   2.3042e+05   2.2711e+05   2.2234e+05   2.1767e+05   2.1474e+05   2.1264e+05   2.1276e+05   2.1149e+05   2.0604e+05   2.0380e+05   2.0551e+05   2.0343e+05   2.0177e+05   1.9957e+05   1.9370e+05   1.9109e+05   1.8828e+05   1.8422e+05   1.8391e+05   1.8338e+05   1.8262e+05   1.8083e+05

   1.3314e+01   5.0531e+06   4.4575e+06   3.7285e+06   3.1676e+06   2.7283e+06   2.3825e+06   2.1198e+06   1.9058e+06   1.7207e+06   1.5702e+06   1.4364e+06   1.3209e+06   1.2286e+06   1.1522e+06   1.0875e+06   1.0285e+06   9.7232e+05   9.1515e+05   8.6605e+05   8.2390e+05   7.8770e+05   7.4875e+05   7.2048e+05   6.9639e+05   6.6494e+05   6.3454e+05   6.1062e+05   5.8937e+05   5.6781e+05   5.4599e+05   5.2663e+05   5.1550e+05   5.0202e+05   4.8903e+05   4.7175e+05   4.6139e+05   4.4938e+05   4.3508e+05   4.2520e+05   4.1295e+05   4.0062e+05   3.9496e+05   3.8435e+05   3.7546e+05   3.6833e+05   3.6231e+05   3.5496e+05   3.4778e+05   3.4045e+05   3.3154e+05   3.2537e+05   3.1654e+05   3.0976e+05   3.0315e+05   2.9852e+05   2.9465e+05   2.8981e+05   2.8625e+05   2.8256e+05   2.7904e+05   2.7540e+05   2.7139e+05   2.6740e+05   2.6071e+05   2.5555e+05   2.5178e+05   2.4924e+05   2.4731e+05   2.4583e+05   2.4212e+05   2.3682e+05   2.3263e+05   2.2910e+05   2.2614e+05   2.2561e+05   2.2349e+05   2.2084e+05   2.1648e+05   2.1400e+05   2.1161e+05   2.0975e+05   2.0692e+05   2.0457e+05   2.0386e+05   2.0270e+05   1.9999e+05   1.9740e+05   1.9568e+05   1.9518e+05   1.9316e+05   1.9220e+05   1.9119e+05   1.8856e+05   1.8666e+05   1.8497e+05   1.8211e+05   1.7908e+05   1.7552e+05   1.7373e+05
   5.8295e+01   4.9025e+06   4.3025e+06   3.5913e+06   3.0341e+06   2.6327e+06   2.3162e+06   2.0548e+06   1.8374e+06   1.6549e+06   1.5062e+06   1.3977e+06   1.2942e+06   1.1970e+06   1.1127e+06   1.0478e+06   9.8375e+05   9.2064e+05   8.6934e+05   8.2805e+05   7.8521e+05   7.4331e+05   7.0875e+05   6.7796e+05   6.4507e+05   6.1689e+05   5.9457e+05   5.7396e+05   5.5490e+05   5.3902e+05   5.2204e+05   5.0621e+05   4.9026e+05   4.7698e+05   4.6435e+05   4.5239e+05   4.4112e+05   4.3032e+05   4.2096e+05   4.0848e+05   3.9977e+05   3.8707e+05   3.7575e+05   3.6571e+05   3.5609e+05   3.4952e+05   3.3985e+05   3.3126e+05   3.2361e+05   3.1604e+05   3.0936e+05   3.0415e+05   2.9726e+05   2.9247e+05   2.8691e+05   2.8075e+05   2.7711e+05   2.7020e+05   2.6416e+05   2.5922e+05   2.5606e+05   2.5375e+05   2.4931e+05   2.4444e+05   2.4318e+05   2.4093e+05   2.3733e+05   2.3595e+05   2.3321e+05   2.2941e+05   2.2554e+05   2.2237e+05   2.2182e+05   2.2040e+05   2.1811e+05   2.1408e+05   2.1049e+05   2.0816e+05   2.0631e+05   2.0520e+05   2.0226e+05   1.9946e+05   1.9871e+05   1.9538e+05   1.9208e+05   1.8939e+05   1.8840e+05   1.8838e+05   1.8769e+05   1.8419e+05   1.8178e+05   1.7886e+05   1.7721e+05   1.7410e+05   1.7101e+05   1.7038e+05   1.6810e+05   1.6587e+05   1.6406e+05   1.6261e+05
   6.3749e+01   4.7750e+06   4.1936e+06   3.5010e+06   2.9488e+06   2.5150e+06   2.2090e+06   1.9546e+06   1.7543e+06   1.5809e+06   1.4311e+06   1.3185e+06   1.2226e+06   1.1415e+06   1.0618e+06   9.9595e+05   9.3571e+05   8.8526e+05   8.3604e+05   7.9150e+05   7.5635e+05   7.2515e+05   6.9613e+05   6.6431e+05   6.3281e+05   6.0882e+05   5.8748e+05   5.6415e+05   5.4249e+05   5.2276e+05   5.0827e+05   4.9255e+05   4.8159e+05   4.6714e+05   4.5268e+05   4.4142e+05   4.3102e+05   4.2078e+05   4.0845e+05   3.9447e+05   3.8444e+05   3.7523e+05   3.6604e+05   3.5730e+05   3.4786e+05   3.4278e+05   3.3543e+05   3.2705e+05   3.2116e+05   3.1565e+05   3.0868e+05   3.0116e+05   2.9550e+05   2.9026e+05   2.8242e+05   2.7560e+05   2.7012e+05   2.6528e+05   2.5842e+05   2.5204e+05   2.4762e+05   2.4347e+05   2.4011e+05   2.3519e+05   2.3277e+05   2.3036e+05   2.2844e+05   2.2500e+05   2.2257e+05   2.2011e+05   2.1599e+05   2.1360e+05   2.1137e+05   2.0838e+05   2.0365e+05   2.0033e+05   1.9661e+05   1.9515e+05   1.9399e+05   1.8999e+05   1.8621e+05   1.8367e+05   1.8157e+05   1.8017e+05   1.7743e+05   1.7331e+05   1.7182e+05   1.7076e+05   1.6977e+05   1.6749e+05   1.6566e+05   1.6393e+05   1.6260e+05   1.5998e+05   1.5763e+05   1.5477e+05   1.5409e+05   1.5204e+05   1.5081e+05   1.4930e+05
   3.2074e+01   4.6708e+06   4.0665e+06   3.3893e+06   2.8643e+06   2.4611e+06   2.1468e+06   1.9094e+06   1.7143e+06   1.5480e+06   1.4099e+06   1.3006e+06   1.2014e+06   1.1089e+06   1.0277e+06   9.6405e+05   9.1808e+05   8.6633e+05   8.1988e+05   7.8273e+05   7.3700e+05   7.0285e+05   6.7689e+05   6.5040e+05   6.2423e+05   5.9483e+05   5.6989e+05   5.4886e+05   5.3179e+05   5.1414e+05   4.9186e+05   4.7053e+05   4.5109e+05   4.3478e+05   4.2070e+05   4.0998e+05   3.9722e+05   3.8770e+05   3.7838e+05   3.6842e+05   3.5839e+05   3.4974e+05   3.4229e+05   3.3615e+05   3.3146e+05   3.2666e+05   3.2135e+05   3.1274e+05   3.0767e+05   3.0293e+05   2.9603e+05   2.8997e+05   2.8584e+05   2.8099e+05   2.7261e+05   2.6637e+05   2.6143e+05   2.5581e+05   2.4937e+05   2.4195e+05   2.3591e+05   2.3199e+05   2.2659e+05   2.2406e+05   2.2277e+05   2.1996e+05   2.1643e+05   2.1314e+05   2.1112e+05   2.0856e+05   2.0588e+05   2.0207e+05   2.0031e+05   1.9576e+05   1.9471e+05   1.9305e+05   1.9071e+05   1.8706e+05   1.8444e+05   1.8398e+05   1.8148e+05   1.7780e+05   1.7367e+05   1.6957e+05   1.6614e+05   1.6434e+05   1.6407e+05   1.6254e+05   1.6129e+05   1.5905e+05   1.5701e+05   1.5390e+05   1.5201e+05   1.4933e+05   1.4786e+05   1.4623e+05   1.4415e+05   1.4276e+05   1.4200e+05   1.4086e+05
   7.2836e+01   4.5661e+06   3.9871e+06   3.3219e+06   2.8148e+06   2.4091e+06   2.1021e+06   1.8484e+06   1.6473e+06   1.4706e+06   1.3383e+06   1.2257e+06   1.1348e+06   1.0503e+06   9.7892e+05   9.1269e+05   8.5616e+05   8.0413e+05   7.5991e+05   7.2254e+05   6.9207e+05   6.5977e+05   6.2879e+05   6.0342e+05   5.7660e+05   5.5065e+05   5.2548e+05   5.1022e+05   4.9622e+05   4.8035e+05   4.6580e+05   4.5314e+05   4.3650e+05   4.2629e+05   4.1212e+05   3.9879e+05   3.8805e+05   3.7668e+05   3.6441e+05   3.5126e+05   3.4160e+05   3.2987e+05   3.1914e+05   3.0815e+05   2.9791e+05   2.9133e+05   2.8301e+05   2.7464e+05   2.6815e+05   2.6066e+05   2.5754e+05   2.5192e+05   2.4628e+05   2.4244e+05   2.3775e+05   2.3213e+05   2.2805e+05   2.2452e+05   2.1827e+05   2.1623e+05   2.1282e+05   2.0826e+05   2.0545e+05   2.0067e+05   1.9840e+05   1.9715e+05   1.9456e+05   1.9220e+05   1.8869e+05   1.8546e+05   1.8329e+05   1.8016e+05   1.7746e+05   1.7508e+05   1.7232e+05   1.6815e+05   1.6455e+05   1.6358e+05   1.6404e+05   1.6191e+05   1.5962e+05   1.5731e+05   1.5593e+05   1.5481e+05   1.5318e+05   1.5012e+05   1.4918e+05   1.4855e+05   1.4539e+05   1.4249e+05   1.4147e+05   1.3776e+05   1.3879e+05   1.3870e+05   1.3714e+05   1.3682e+05   1.3545e+05   1.3290e+05   1.3169e+05   1.2910e+05
   2.2979e+02   4.4228e+06   3.8806e+06   3.2126e+06   2.6911e+06   2.2873e+06   1.9857e+06   1.7529e+06   1.5550e+06   1.3921e+06   1.2582e+06   1.1441e+06   1.0579e+06   9.8490e+05   9.2215e+05   8.6241e+05   8.1408e+05   7.6373e+05   7.2291e+05   6.8949e+05   6.4943e+05   6.2346e+05   5.9652e+05   5.6850e+05   5.4381e+05   5.2189e+05   5.0167e+05   4.7862e+05   4.5884e+05   4.4329e+05   4.2643e+05   4.1385e+05   4.0016e+05   3.8565e+05   3.7238e+05   3.6358e+05   3.5343e+05   3.4376e+05   3.3462e+05   3.2835e+05   3.2209e+05   3.1582e+05   3.0233e+05   2.9472e+05   2.8688e+05   2.7872e+05   2.7284e+05   2.6749e+05   2.6114e+05   2.5542e+05   2.5148e+05   2.4716e+05   2.4083e+05   2.3850e+05   2.3322e+05   2.2809e+05   2.2264e+05   2.1835e+05   2.1147e+05   2.0815e+05   2.0599e+05   2.0379e+05   1.9726e+05   1.9145e+05   1.8795e+05   1.8662e+05   1.8235e+05   1.7699e+05   1.7542e+05   1.7397e+05   1.7388e+05   1.7335e+05   1.7210e+05   1.7072e+05   1.7003e+05   1.7008e+05   1.6773e+05   1.6564e+05   1.6297e+05   1.6131e+05   1.5865e+05   1.5437e+05   1.5242e+05   1.5014e+05   1.4754e+05   1.4686e+05   1.4602e+05   1.4417e+05   1.4323e+05   1.4212e+05   1.4203e+05   1.4030e+05   1.3832e+05   1.3532e+05   1.3295e+05   1.3077e+05   1.3020e+05   1.2931e+05   1.2783e+05   1.2468e+05
   1.1686e+02   4.3426e+06   3.7879e+06   3.1380e+06   2.6390e+06   2.2567e+06   1.9563e+06   1.7306e+06   1.5387e+06   1.3899e+06   1.2611e+06   1.1537e+06   1.0607e+06   9.8124e+05   9.1490e+05   8.5755e+05   8.0709e+05   7.5535e+05   7.0801e+05   6.6610e+05   6.3277e+05   6.0692e+05   5.7419e+05   5.4353e+05   5.2042e+05   5.0389e+05   4.8649e+05   4.6715e+05   4.5288e+05   4.3825e+05   4.2418e+05   4.0845e+05   3.9320e+05   3.8005e+05   3.7064e+05   3.5741e+05   3.4150e+05   3.2930e+05   3.1946e+05   3.1145e+05   3.0654e+05   3.0003e+05   2.9526e+05   2.8578e+05   2.7679e+05   2.6841e+05   2.6070e+05   2.5621e+05   2.5187e+05   2.4427e+05   2.3635e+05   2.2677e+05   2.2233e+05   2.1773e+05   2.1369e+05   2.1093e+05   2.0663e+05   1.9830e+05   1.9343e+05   1.9005e+05   1.8712e+05   1.8110e+05   1.7908e+05   1.7403e+05   1.7044e+05   1.6981e+05   1.6877e+05   1.6624e+05   1.6443e+05   1.6384e+05   1.6306e+05   1.5981e+05   1.5720e+05   1.5762e+05   1.5533e+05   1.5294e+05   1.5141e+05   1.4902e+05   1.4719e+05   1.4512e+05   1.4258e+05   1.4093e+05   1.3966e+05   1.3843e+05   1.3841e+05   1.3804e+05   1.3523e+05   1.3272e+05   1.3298e+05   1.3128e+05   1.3001e+05   1.2873e+05   1.2605e+05   1.2342e+05   1.2190e+05   1.2010e+05   1.1997e+05   1.1948e+05   1.1858e+05   1.1691e+05

   6.5360e+03
   7.7810e+03
   8.7200e+03
   9.5880e+03
   1.1466e+04
   1.2738e+04
   1.3553e+04

